c This file was generated by genrmf.
c The parameters are: a: 5 b: 15 c1: 223 c2: 895 seed: 1666103673
p max     375       1550
n       1 s
n     375 t
a       1      28        883
a       1       2      22375
a       1       6      22375
a       2      31        659
a       2       3      22375
a       2       1      22375
a       2       7      22375
a       3      27        504
a       3       4      22375
a       3       2      22375
a       3       8      22375
a       4      46        323
a       4       5      22375
a       4       3      22375
a       4       9      22375
a       5      29        716
a       5       4      22375
a       5      10      22375
a       6      43        340
a       6       7      22375
a       6      11      22375
a       6       1      22375
a       7      41        439
a       7       8      22375
a       7       6      22375
a       7      12      22375
a       7       2      22375
a       8      33        769
a       8       9      22375
a       8       7      22375
a       8      13      22375
a       8       3      22375
a       9      47        636
a       9      10      22375
a       9       8      22375
a       9      14      22375
a       9       4      22375
a      10      40        349
a      10       9      22375
a      10      15      22375
a      10       5      22375
a      11      34        363
a      11      12      22375
a      11      16      22375
a      11       6      22375
a      12      42        442
a      12      13      22375
a      12      11      22375
a      12      17      22375
a      12       7      22375
a      13      32        265
a      13      14      22375
a      13      12      22375
a      13      18      22375
a      13       8      22375
a      14      48        808
a      14      15      22375
a      14      13      22375
a      14      19      22375
a      14       9      22375
a      15      49        443
a      15      14      22375
a      15      20      22375
a      15      10      22375
a      16      38        585
a      16      17      22375
a      16      21      22375
a      16      11      22375
a      17      44        770
a      17      18      22375
a      17      16      22375
a      17      22      22375
a      17      12      22375
a      18      50        248
a      18      19      22375
a      18      17      22375
a      18      23      22375
a      18      13      22375
a      19      36        713
a      19      20      22375
a      19      18      22375
a      19      24      22375
a      19      14      22375
a      20      30        646
a      20      19      22375
a      20      25      22375
a      20      15      22375
a      21      45        287
a      21      22      22375
a      21      16      22375
a      22      35        717
a      22      23      22375
a      22      21      22375
a      22      17      22375
a      23      37        465
a      23      24      22375
a      23      22      22375
a      23      18      22375
a      24      39        858
a      24      25      22375
a      24      23      22375
a      24      19      22375
a      25      26        471
a      25      24      22375
a      25      20      22375
a      26      67        867
a      26      27      22375
a      26      31      22375
a      27      66        762
a      27      28      22375
a      27      26      22375
a      27      32      22375
a      28      56        607
a      28      29      22375
a      28      27      22375
a      28      33      22375
a      29      59        881
a      29      30      22375
a      29      28      22375
a      29      34      22375
a      30      57        250
a      30      29      22375
a      30      35      22375
a      31      51        881
a      31      32      22375
a      31      36      22375
a      31      26      22375
a      32      70        267
a      32      33      22375
a      32      31      22375
a      32      37      22375
a      32      27      22375
a      33      69        718
a      33      34      22375
a      33      32      22375
a      33      38      22375
a      33      28      22375
a      34      72        612
a      34      35      22375
a      34      33      22375
a      34      39      22375
a      34      29      22375
a      35      52        890
a      35      34      22375
a      35      40      22375
a      35      30      22375
a      36      55        273
a      36      37      22375
a      36      41      22375
a      36      31      22375
a      37      75        646
a      37      38      22375
a      37      36      22375
a      37      42      22375
a      37      32      22375
a      38      54        664
a      38      39      22375
a      38      37      22375
a      38      43      22375
a      38      33      22375
a      39      61        842
a      39      40      22375
a      39      38      22375
a      39      44      22375
a      39      34      22375
a      40      63        847
a      40      39      22375
a      40      45      22375
a      40      35      22375
a      41      73        758
a      41      42      22375
a      41      46      22375
a      41      36      22375
a      42      53        447
a      42      43      22375
a      42      41      22375
a      42      47      22375
a      42      37      22375
a      43      74        294
a      43      44      22375
a      43      42      22375
a      43      48      22375
a      43      38      22375
a      44      68        304
a      44      45      22375
a      44      43      22375
a      44      49      22375
a      44      39      22375
a      45      65        649
a      45      44      22375
a      45      50      22375
a      45      40      22375
a      46      60        451
a      46      47      22375
a      46      41      22375
a      47      64        393
a      47      48      22375
a      47      46      22375
a      47      42      22375
a      48      71        344
a      48      49      22375
a      48      47      22375
a      48      43      22375
a      49      58        411
a      49      50      22375
a      49      48      22375
a      49      44      22375
a      50      62        716
a      50      49      22375
a      50      45      22375
a      51      93        486
a      51      52      22375
a      51      56      22375
a      52      87        853
a      52      53      22375
a      52      51      22375
a      52      57      22375
a      53      98        504
a      53      54      22375
a      53      52      22375
a      53      58      22375
a      54      86        732
a      54      55      22375
a      54      53      22375
a      54      59      22375
a      55      89        662
a      55      54      22375
a      55      60      22375
a      56      80        291
a      56      57      22375
a      56      61      22375
a      56      51      22375
a      57      95        333
a      57      58      22375
a      57      56      22375
a      57      62      22375
a      57      52      22375
a      58     100        364
a      58      59      22375
a      58      57      22375
a      58      63      22375
a      58      53      22375
a      59      78        692
a      59      60      22375
a      59      58      22375
a      59      64      22375
a      59      54      22375
a      60      83        566
a      60      59      22375
a      60      65      22375
a      60      55      22375
a      61      92        821
a      61      62      22375
a      61      66      22375
a      61      56      22375
a      62      97        745
a      62      63      22375
a      62      61      22375
a      62      67      22375
a      62      57      22375
a      63      88        261
a      63      64      22375
a      63      62      22375
a      63      68      22375
a      63      58      22375
a      64      94        466
a      64      65      22375
a      64      63      22375
a      64      69      22375
a      64      59      22375
a      65      85        629
a      65      64      22375
a      65      70      22375
a      65      60      22375
a      66      91        406
a      66      67      22375
a      66      71      22375
a      66      61      22375
a      67      90        681
a      67      68      22375
a      67      66      22375
a      67      72      22375
a      67      62      22375
a      68      79        726
a      68      69      22375
a      68      67      22375
a      68      73      22375
a      68      63      22375
a      69      81        641
a      69      70      22375
a      69      68      22375
a      69      74      22375
a      69      64      22375
a      70      82        727
a      70      69      22375
a      70      75      22375
a      70      65      22375
a      71      76        408
a      71      72      22375
a      71      66      22375
a      72      99        737
a      72      73      22375
a      72      71      22375
a      72      67      22375
a      73      77        325
a      73      74      22375
a      73      72      22375
a      73      68      22375
a      74      84        593
a      74      75      22375
a      74      73      22375
a      74      69      22375
a      75      96        630
a      75      74      22375
a      75      70      22375
a      76     111        416
a      76      77      22375
a      76      81      22375
a      77     109        606
a      77      78      22375
a      77      76      22375
a      77      82      22375
a      78     122        828
a      78      79      22375
a      78      77      22375
a      78      83      22375
a      79     103        571
a      79      80      22375
a      79      78      22375
a      79      84      22375
a      80     121        644
a      80      79      22375
a      80      85      22375
a      81     117        433
a      81      82      22375
a      81      86      22375
a      81      76      22375
a      82     123        416
a      82      83      22375
a      82      81      22375
a      82      87      22375
a      82      77      22375
a      83     110        501
a      83      84      22375
a      83      82      22375
a      83      88      22375
a      83      78      22375
a      84     125        787
a      84      85      22375
a      84      83      22375
a      84      89      22375
a      84      79      22375
a      85     124        326
a      85      84      22375
a      85      90      22375
a      85      80      22375
a      86     120        421
a      86      87      22375
a      86      91      22375
a      86      81      22375
a      87     108        459
a      87      88      22375
a      87      86      22375
a      87      92      22375
a      87      82      22375
a      88     119        886
a      88      89      22375
a      88      87      22375
a      88      93      22375
a      88      83      22375
a      89     114        626
a      89      90      22375
a      89      88      22375
a      89      94      22375
a      89      84      22375
a      90     106        496
a      90      89      22375
a      90      95      22375
a      90      85      22375
a      91     115        647
a      91      92      22375
a      91      96      22375
a      91      86      22375
a      92     102        231
a      92      93      22375
a      92      91      22375
a      92      97      22375
a      92      87      22375
a      93     107        474
a      93      94      22375
a      93      92      22375
a      93      98      22375
a      93      88      22375
a      94     112        642
a      94      95      22375
a      94      93      22375
a      94      99      22375
a      94      89      22375
a      95     118        554
a      95      94      22375
a      95     100      22375
a      95      90      22375
a      96     104        708
a      96      97      22375
a      96      91      22375
a      97     101        363
a      97      98      22375
a      97      96      22375
a      97      92      22375
a      98     113        813
a      98      99      22375
a      98      97      22375
a      98      93      22375
a      99     116        244
a      99     100      22375
a      99      98      22375
a      99      94      22375
a     100     105        662
a     100      99      22375
a     100      95      22375
a     101     128        446
a     101     102      22375
a     101     106      22375
a     102     137        752
a     102     103      22375
a     102     101      22375
a     102     107      22375
a     103     147        380
a     103     104      22375
a     103     102      22375
a     103     108      22375
a     104     148        502
a     104     105      22375
a     104     103      22375
a     104     109      22375
a     105     135        366
a     105     104      22375
a     105     110      22375
a     106     143        354
a     106     107      22375
a     106     111      22375
a     106     101      22375
a     107     136        854
a     107     108      22375
a     107     106      22375
a     107     112      22375
a     107     102      22375
a     108     132        260
a     108     109      22375
a     108     107      22375
a     108     113      22375
a     108     103      22375
a     109     133        736
a     109     110      22375
a     109     108      22375
a     109     114      22375
a     109     104      22375
a     110     126        723
a     110     109      22375
a     110     115      22375
a     110     105      22375
a     111     144        555
a     111     112      22375
a     111     116      22375
a     111     106      22375
a     112     145        881
a     112     113      22375
a     112     111      22375
a     112     117      22375
a     112     107      22375
a     113     150        409
a     113     114      22375
a     113     112      22375
a     113     118      22375
a     113     108      22375
a     114     129        552
a     114     115      22375
a     114     113      22375
a     114     119      22375
a     114     109      22375
a     115     139        290
a     115     114      22375
a     115     120      22375
a     115     110      22375
a     116     146        642
a     116     117      22375
a     116     121      22375
a     116     111      22375
a     117     141        479
a     117     118      22375
a     117     116      22375
a     117     122      22375
a     117     112      22375
a     118     130        733
a     118     119      22375
a     118     117      22375
a     118     123      22375
a     118     113      22375
a     119     149        780
a     119     120      22375
a     119     118      22375
a     119     124      22375
a     119     114      22375
a     120     142        617
a     120     119      22375
a     120     125      22375
a     120     115      22375
a     121     131        506
a     121     122      22375
a     121     116      22375
a     122     140        722
a     122     123      22375
a     122     121      22375
a     122     117      22375
a     123     134        449
a     123     124      22375
a     123     122      22375
a     123     118      22375
a     124     138        301
a     124     125      22375
a     124     123      22375
a     124     119      22375
a     125     127        575
a     125     124      22375
a     125     120      22375
a     126     153        480
a     126     127      22375
a     126     131      22375
a     127     174        881
a     127     128      22375
a     127     126      22375
a     127     132      22375
a     128     170        486
a     128     129      22375
a     128     127      22375
a     128     133      22375
a     129     168        788
a     129     130      22375
a     129     128      22375
a     129     134      22375
a     130     172        379
a     130     129      22375
a     130     135      22375
a     131     156        592
a     131     132      22375
a     131     136      22375
a     131     126      22375
a     132     165        400
a     132     133      22375
a     132     131      22375
a     132     137      22375
a     132     127      22375
a     133     171        569
a     133     134      22375
a     133     132      22375
a     133     138      22375
a     133     128      22375
a     134     167        658
a     134     135      22375
a     134     133      22375
a     134     139      22375
a     134     129      22375
a     135     158        656
a     135     134      22375
a     135     140      22375
a     135     130      22375
a     136     159        767
a     136     137      22375
a     136     141      22375
a     136     131      22375
a     137     151        746
a     137     138      22375
a     137     136      22375
a     137     142      22375
a     137     132      22375
a     138     166        757
a     138     139      22375
a     138     137      22375
a     138     143      22375
a     138     133      22375
a     139     155        847
a     139     140      22375
a     139     138      22375
a     139     144      22375
a     139     134      22375
a     140     163        449
a     140     139      22375
a     140     145      22375
a     140     135      22375
a     141     162        483
a     141     142      22375
a     141     146      22375
a     141     136      22375
a     142     152        747
a     142     143      22375
a     142     141      22375
a     142     147      22375
a     142     137      22375
a     143     169        682
a     143     144      22375
a     143     142      22375
a     143     148      22375
a     143     138      22375
a     144     157        636
a     144     145      22375
a     144     143      22375
a     144     149      22375
a     144     139      22375
a     145     164        559
a     145     144      22375
a     145     150      22375
a     145     140      22375
a     146     161        414
a     146     147      22375
a     146     141      22375
a     147     173        679
a     147     148      22375
a     147     146      22375
a     147     142      22375
a     148     154        521
a     148     149      22375
a     148     147      22375
a     148     143      22375
a     149     160        588
a     149     150      22375
a     149     148      22375
a     149     144      22375
a     150     175        541
a     150     149      22375
a     150     145      22375
a     151     183        305
a     151     152      22375
a     151     156      22375
a     152     186        353
a     152     153      22375
a     152     151      22375
a     152     157      22375
a     153     179        310
a     153     154      22375
a     153     152      22375
a     153     158      22375
a     154     197        627
a     154     155      22375
a     154     153      22375
a     154     159      22375
a     155     191        584
a     155     154      22375
a     155     160      22375
a     156     185        723
a     156     157      22375
a     156     161      22375
a     156     151      22375
a     157     189        657
a     157     158      22375
a     157     156      22375
a     157     162      22375
a     157     152      22375
a     158     188        343
a     158     159      22375
a     158     157      22375
a     158     163      22375
a     158     153      22375
a     159     194        891
a     159     160      22375
a     159     158      22375
a     159     164      22375
a     159     154      22375
a     160     176        399
a     160     159      22375
a     160     165      22375
a     160     155      22375
a     161     177        422
a     161     162      22375
a     161     166      22375
a     161     156      22375
a     162     195        730
a     162     163      22375
a     162     161      22375
a     162     167      22375
a     162     157      22375
a     163     198        609
a     163     164      22375
a     163     162      22375
a     163     168      22375
a     163     158      22375
a     164     200        621
a     164     165      22375
a     164     163      22375
a     164     169      22375
a     164     159      22375
a     165     180        467
a     165     164      22375
a     165     170      22375
a     165     160      22375
a     166     184        269
a     166     167      22375
a     166     171      22375
a     166     161      22375
a     167     182        604
a     167     168      22375
a     167     166      22375
a     167     172      22375
a     167     162      22375
a     168     190        283
a     168     169      22375
a     168     167      22375
a     168     173      22375
a     168     163      22375
a     169     178        734
a     169     170      22375
a     169     168      22375
a     169     174      22375
a     169     164      22375
a     170     181        788
a     170     169      22375
a     170     175      22375
a     170     165      22375
a     171     187        761
a     171     172      22375
a     171     166      22375
a     172     199        510
a     172     173      22375
a     172     171      22375
a     172     167      22375
a     173     193        568
a     173     174      22375
a     173     172      22375
a     173     168      22375
a     174     196        373
a     174     175      22375
a     174     173      22375
a     174     169      22375
a     175     192        790
a     175     174      22375
a     175     170      22375
a     176     203        765
a     176     177      22375
a     176     181      22375
a     177     218        822
a     177     178      22375
a     177     176      22375
a     177     182      22375
a     178     223        681
a     178     179      22375
a     178     177      22375
a     178     183      22375
a     179     224        733
a     179     180      22375
a     179     178      22375
a     179     184      22375
a     180     210        225
a     180     179      22375
a     180     185      22375
a     181     205        560
a     181     182      22375
a     181     186      22375
a     181     176      22375
a     182     201        307
a     182     183      22375
a     182     181      22375
a     182     187      22375
a     182     177      22375
a     183     221        371
a     183     184      22375
a     183     182      22375
a     183     188      22375
a     183     178      22375
a     184     222        324
a     184     185      22375
a     184     183      22375
a     184     189      22375
a     184     179      22375
a     185     214        493
a     185     184      22375
a     185     190      22375
a     185     180      22375
a     186     216        477
a     186     187      22375
a     186     191      22375
a     186     181      22375
a     187     213        468
a     187     188      22375
a     187     186      22375
a     187     192      22375
a     187     182      22375
a     188     211        611
a     188     189      22375
a     188     187      22375
a     188     193      22375
a     188     183      22375
a     189     225        459
a     189     190      22375
a     189     188      22375
a     189     194      22375
a     189     184      22375
a     190     206        578
a     190     189      22375
a     190     195      22375
a     190     185      22375
a     191     202        461
a     191     192      22375
a     191     196      22375
a     191     186      22375
a     192     212        238
a     192     193      22375
a     192     191      22375
a     192     197      22375
a     192     187      22375
a     193     217        729
a     193     194      22375
a     193     192      22375
a     193     198      22375
a     193     188      22375
a     194     209        765
a     194     195      22375
a     194     193      22375
a     194     199      22375
a     194     189      22375
a     195     207        699
a     195     194      22375
a     195     200      22375
a     195     190      22375
a     196     220        379
a     196     197      22375
a     196     191      22375
a     197     204        294
a     197     198      22375
a     197     196      22375
a     197     192      22375
a     198     215        675
a     198     199      22375
a     198     197      22375
a     198     193      22375
a     199     208        495
a     199     200      22375
a     199     198      22375
a     199     194      22375
a     200     219        701
a     200     199      22375
a     200     195      22375
a     201     240        254
a     201     202      22375
a     201     206      22375
a     202     247        786
a     202     203      22375
a     202     201      22375
a     202     207      22375
a     203     242        722
a     203     204      22375
a     203     202      22375
a     203     208      22375
a     204     230        426
a     204     205      22375
a     204     203      22375
a     204     209      22375
a     205     229        404
a     205     204      22375
a     205     210      22375
a     206     231        643
a     206     207      22375
a     206     211      22375
a     206     201      22375
a     207     237        769
a     207     208      22375
a     207     206      22375
a     207     212      22375
a     207     202      22375
a     208     246        821
a     208     209      22375
a     208     207      22375
a     208     213      22375
a     208     203      22375
a     209     248        630
a     209     210      22375
a     209     208      22375
a     209     214      22375
a     209     204      22375
a     210     239        249
a     210     209      22375
a     210     215      22375
a     210     205      22375
a     211     241        544
a     211     212      22375
a     211     216      22375
a     211     206      22375
a     212     236        576
a     212     213      22375
a     212     211      22375
a     212     217      22375
a     212     207      22375
a     213     228        524
a     213     214      22375
a     213     212      22375
a     213     218      22375
a     213     208      22375
a     214     243        876
a     214     215      22375
a     214     213      22375
a     214     219      22375
a     214     209      22375
a     215     238        871
a     215     214      22375
a     215     220      22375
a     215     210      22375
a     216     233        754
a     216     217      22375
a     216     221      22375
a     216     211      22375
a     217     227        813
a     217     218      22375
a     217     216      22375
a     217     222      22375
a     217     212      22375
a     218     234        423
a     218     219      22375
a     218     217      22375
a     218     223      22375
a     218     213      22375
a     219     249        618
a     219     220      22375
a     219     218      22375
a     219     224      22375
a     219     214      22375
a     220     226        229
a     220     219      22375
a     220     225      22375
a     220     215      22375
a     221     250        831
a     221     222      22375
a     221     216      22375
a     222     244        790
a     222     223      22375
a     222     221      22375
a     222     217      22375
a     223     235        850
a     223     224      22375
a     223     222      22375
a     223     218      22375
a     224     232        631
a     224     225      22375
a     224     223      22375
a     224     219      22375
a     225     245        675
a     225     224      22375
a     225     220      22375
a     226     261        411
a     226     227      22375
a     226     231      22375
a     227     259        312
a     227     228      22375
a     227     226      22375
a     227     232      22375
a     228     266        461
a     228     229      22375
a     228     227      22375
a     228     233      22375
a     229     254        474
a     229     230      22375
a     229     228      22375
a     229     234      22375
a     230     252        467
a     230     229      22375
a     230     235      22375
a     231     269        520
a     231     232      22375
a     231     236      22375
a     231     226      22375
a     232     256        444
a     232     233      22375
a     232     231      22375
a     232     237      22375
a     232     227      22375
a     233     274        715
a     233     234      22375
a     233     232      22375
a     233     238      22375
a     233     228      22375
a     234     275        583
a     234     235      22375
a     234     233      22375
a     234     239      22375
a     234     229      22375
a     235     272        441
a     235     234      22375
a     235     240      22375
a     235     230      22375
a     236     262        493
a     236     237      22375
a     236     241      22375
a     236     231      22375
a     237     251        495
a     237     238      22375
a     237     236      22375
a     237     242      22375
a     237     232      22375
a     238     260        380
a     238     239      22375
a     238     237      22375
a     238     243      22375
a     238     233      22375
a     239     257        614
a     239     240      22375
a     239     238      22375
a     239     244      22375
a     239     234      22375
a     240     258        553
a     240     239      22375
a     240     245      22375
a     240     235      22375
a     241     255        487
a     241     242      22375
a     241     246      22375
a     241     236      22375
a     242     268        803
a     242     243      22375
a     242     241      22375
a     242     247      22375
a     242     237      22375
a     243     263        534
a     243     244      22375
a     243     242      22375
a     243     248      22375
a     243     238      22375
a     244     271        294
a     244     245      22375
a     244     243      22375
a     244     249      22375
a     244     239      22375
a     245     267        444
a     245     244      22375
a     245     250      22375
a     245     240      22375
a     246     253        410
a     246     247      22375
a     246     241      22375
a     247     264        393
a     247     248      22375
a     247     246      22375
a     247     242      22375
a     248     270        577
a     248     249      22375
a     248     247      22375
a     248     243      22375
a     249     273        727
a     249     250      22375
a     249     248      22375
a     249     244      22375
a     250     265        349
a     250     249      22375
a     250     245      22375
a     251     291        558
a     251     252      22375
a     251     256      22375
a     252     282        365
a     252     253      22375
a     252     251      22375
a     252     257      22375
a     253     292        507
a     253     254      22375
a     253     252      22375
a     253     258      22375
a     254     280        350
a     254     255      22375
a     254     253      22375
a     254     259      22375
a     255     286        828
a     255     254      22375
a     255     260      22375
a     256     288        586
a     256     257      22375
a     256     261      22375
a     256     251      22375
a     257     295        819
a     257     258      22375
a     257     256      22375
a     257     262      22375
a     257     252      22375
a     258     293        602
a     258     259      22375
a     258     257      22375
a     258     263      22375
a     258     253      22375
a     259     277        369
a     259     260      22375
a     259     258      22375
a     259     264      22375
a     259     254      22375
a     260     294        429
a     260     259      22375
a     260     265      22375
a     260     255      22375
a     261     281        624
a     261     262      22375
a     261     266      22375
a     261     256      22375
a     262     278        450
a     262     263      22375
a     262     261      22375
a     262     267      22375
a     262     257      22375
a     263     285        738
a     263     264      22375
a     263     262      22375
a     263     268      22375
a     263     258      22375
a     264     290        282
a     264     265      22375
a     264     263      22375
a     264     269      22375
a     264     259      22375
a     265     299        567
a     265     264      22375
a     265     270      22375
a     265     260      22375
a     266     296        732
a     266     267      22375
a     266     271      22375
a     266     261      22375
a     267     279        501
a     267     268      22375
a     267     266      22375
a     267     272      22375
a     267     262      22375
a     268     284        638
a     268     269      22375
a     268     267      22375
a     268     273      22375
a     268     263      22375
a     269     298        621
a     269     270      22375
a     269     268      22375
a     269     274      22375
a     269     264      22375
a     270     297        341
a     270     269      22375
a     270     275      22375
a     270     265      22375
a     271     283        288
a     271     272      22375
a     271     266      22375
a     272     287        344
a     272     273      22375
a     272     271      22375
a     272     267      22375
a     273     289        367
a     273     274      22375
a     273     272      22375
a     273     268      22375
a     274     300        243
a     274     275      22375
a     274     273      22375
a     274     269      22375
a     275     276        567
a     275     274      22375
a     275     270      22375
a     276     314        598
a     276     277      22375
a     276     281      22375
a     277     307        789
a     277     278      22375
a     277     276      22375
a     277     282      22375
a     278     304        455
a     278     279      22375
a     278     277      22375
a     278     283      22375
a     279     309        396
a     279     280      22375
a     279     278      22375
a     279     284      22375
a     280     305        528
a     280     279      22375
a     280     285      22375
a     281     302        290
a     281     282      22375
a     281     286      22375
a     281     276      22375
a     282     325        880
a     282     283      22375
a     282     281      22375
a     282     287      22375
a     282     277      22375
a     283     317        543
a     283     284      22375
a     283     282      22375
a     283     288      22375
a     283     278      22375
a     284     316        360
a     284     285      22375
a     284     283      22375
a     284     289      22375
a     284     279      22375
a     285     323        466
a     285     284      22375
a     285     290      22375
a     285     280      22375
a     286     303        396
a     286     287      22375
a     286     291      22375
a     286     281      22375
a     287     320        891
a     287     288      22375
a     287     286      22375
a     287     292      22375
a     287     282      22375
a     288     324        622
a     288     289      22375
a     288     287      22375
a     288     293      22375
a     288     283      22375
a     289     308        568
a     289     290      22375
a     289     288      22375
a     289     294      22375
a     289     284      22375
a     290     322        597
a     290     289      22375
a     290     295      22375
a     290     285      22375
a     291     321        450
a     291     292      22375
a     291     296      22375
a     291     286      22375
a     292     312        391
a     292     293      22375
a     292     291      22375
a     292     297      22375
a     292     287      22375
a     293     319        554
a     293     294      22375
a     293     292      22375
a     293     298      22375
a     293     288      22375
a     294     310        689
a     294     295      22375
a     294     293      22375
a     294     299      22375
a     294     289      22375
a     295     315        894
a     295     294      22375
a     295     300      22375
a     295     290      22375
a     296     306        646
a     296     297      22375
a     296     291      22375
a     297     311        433
a     297     298      22375
a     297     296      22375
a     297     292      22375
a     298     301        745
a     298     299      22375
a     298     297      22375
a     298     293      22375
a     299     313        262
a     299     300      22375
a     299     298      22375
a     299     294      22375
a     300     318        855
a     300     299      22375
a     300     295      22375
a     301     332        570
a     301     302      22375
a     301     306      22375
a     302     327        728
a     302     303      22375
a     302     301      22375
a     302     307      22375
a     303     344        401
a     303     304      22375
a     303     302      22375
a     303     308      22375
a     304     348        577
a     304     305      22375
a     304     303      22375
a     304     309      22375
a     305     341        855
a     305     304      22375
a     305     310      22375
a     306     347        550
a     306     307      22375
a     306     311      22375
a     306     301      22375
a     307     326        486
a     307     308      22375
a     307     306      22375
a     307     312      22375
a     307     302      22375
a     308     337        782
a     308     309      22375
a     308     307      22375
a     308     313      22375
a     308     303      22375
a     309     346        862
a     309     310      22375
a     309     308      22375
a     309     314      22375
a     309     304      22375
a     310     335        312
a     310     309      22375
a     310     315      22375
a     310     305      22375
a     311     342        585
a     311     312      22375
a     311     316      22375
a     311     306      22375
a     312     336        817
a     312     313      22375
a     312     311      22375
a     312     317      22375
a     312     307      22375
a     313     349        269
a     313     314      22375
a     313     312      22375
a     313     318      22375
a     313     308      22375
a     314     329        284
a     314     315      22375
a     314     313      22375
a     314     319      22375
a     314     309      22375
a     315     339        598
a     315     314      22375
a     315     320      22375
a     315     310      22375
a     316     340        711
a     316     317      22375
a     316     321      22375
a     316     311      22375
a     317     333        381
a     317     318      22375
a     317     316      22375
a     317     322      22375
a     317     312      22375
a     318     330        653
a     318     319      22375
a     318     317      22375
a     318     323      22375
a     318     313      22375
a     319     338        844
a     319     320      22375
a     319     318      22375
a     319     324      22375
a     319     314      22375
a     320     350        405
a     320     319      22375
a     320     325      22375
a     320     315      22375
a     321     334        499
a     321     322      22375
a     321     316      22375
a     322     345        521
a     322     323      22375
a     322     321      22375
a     322     317      22375
a     323     343        747
a     323     324      22375
a     323     322      22375
a     323     318      22375
a     324     328        779
a     324     325      22375
a     324     323      22375
a     324     319      22375
a     325     331        791
a     325     324      22375
a     325     320      22375
a     326     355        268
a     326     327      22375
a     326     331      22375
a     327     354        335
a     327     328      22375
a     327     326      22375
a     327     332      22375
a     328     356        794
a     328     329      22375
a     328     327      22375
a     328     333      22375
a     329     368        664
a     329     330      22375
a     329     328      22375
a     329     334      22375
a     330     373        672
a     330     329      22375
a     330     335      22375
a     331     372        678
a     331     332      22375
a     331     336      22375
a     331     326      22375
a     332     369        833
a     332     333      22375
a     332     331      22375
a     332     337      22375
a     332     327      22375
a     333     357        615
a     333     334      22375
a     333     332      22375
a     333     338      22375
a     333     328      22375
a     334     360        892
a     334     335      22375
a     334     333      22375
a     334     339      22375
a     334     329      22375
a     335     352        710
a     335     334      22375
a     335     340      22375
a     335     330      22375
a     336     366        821
a     336     337      22375
a     336     341      22375
a     336     331      22375
a     337     364        350
a     337     338      22375
a     337     336      22375
a     337     342      22375
a     337     332      22375
a     338     362        228
a     338     339      22375
a     338     337      22375
a     338     343      22375
a     338     333      22375
a     339     375        760
a     339     340      22375
a     339     338      22375
a     339     344      22375
a     339     334      22375
a     340     358        371
a     340     339      22375
a     340     345      22375
a     340     335      22375
a     341     353        633
a     341     342      22375
a     341     346      22375
a     341     336      22375
a     342     363        892
a     342     343      22375
a     342     341      22375
a     342     347      22375
a     342     337      22375
a     343     361        599
a     343     344      22375
a     343     342      22375
a     343     348      22375
a     343     338      22375
a     344     351        397
a     344     345      22375
a     344     343      22375
a     344     349      22375
a     344     339      22375
a     345     365        564
a     345     344      22375
a     345     350      22375
a     345     340      22375
a     346     371        658
a     346     347      22375
a     346     341      22375
a     347     374        462
a     347     348      22375
a     347     346      22375
a     347     342      22375
a     348     367        567
a     348     349      22375
a     348     347      22375
a     348     343      22375
a     349     359        368
a     349     350      22375
a     349     348      22375
a     349     344      22375
a     350     370        253
a     350     349      22375
a     350     345      22375
a     351     352      22375
a     351     356      22375
a     352     353      22375
a     352     351      22375
a     352     357      22375
a     353     354      22375
a     353     352      22375
a     353     358      22375
a     354     355      22375
a     354     353      22375
a     354     359      22375
a     355     354      22375
a     355     360      22375
a     356     357      22375
a     356     361      22375
a     356     351      22375
a     357     358      22375
a     357     356      22375
a     357     362      22375
a     357     352      22375
a     358     359      22375
a     358     357      22375
a     358     363      22375
a     358     353      22375
a     359     360      22375
a     359     358      22375
a     359     364      22375
a     359     354      22375
a     360     359      22375
a     360     365      22375
a     360     355      22375
a     361     362      22375
a     361     366      22375
a     361     356      22375
a     362     363      22375
a     362     361      22375
a     362     367      22375
a     362     357      22375
a     363     364      22375
a     363     362      22375
a     363     368      22375
a     363     358      22375
a     364     365      22375
a     364     363      22375
a     364     369      22375
a     364     359      22375
a     365     364      22375
a     365     370      22375
a     365     360      22375
a     366     367      22375
a     366     371      22375
a     366     361      22375
a     367     368      22375
a     367     366      22375
a     367     372      22375
a     367     362      22375
a     368     369      22375
a     368     367      22375
a     368     373      22375
a     368     363      22375
a     369     370      22375
a     369     368      22375
a     369     374      22375
a     369     364      22375
a     370     369      22375
a     370     375      22375
a     370     365      22375
a     371     372      22375
a     371     366      22375
a     372     373      22375
a     372     371      22375
a     372     367      22375
a     373     374      22375
a     373     372      22375
a     373     368      22375
a     374     375      22375
a     374     373      22375
a     374     369      22375
a     375     374      22375
a     375     370      22375
