c This file was generated by genrmf.
c The parameters are: a: 4 b: 17 c1: 145 c2: 874 seed: 1666103673
p max     272       1072
n       1 s
n     272 t
a       1      18        162
a       1       2      13984
a       1       5      13984
a       2      20        366
a       2       3      13984
a       2       1      13984
a       2       6      13984
a       3      21        806
a       3       4      13984
a       3       2      13984
a       3       7      13984
a       4      30        509
a       4       3      13984
a       4       8      13984
a       5      17        290
a       5       6      13984
a       5       9      13984
a       5       1      13984
a       6      28        236
a       6       7      13984
a       6       5      13984
a       6      10      13984
a       6       2      13984
a       7      27        545
a       7       8      13984
a       7       6      13984
a       7      11      13984
a       7       3      13984
a       8      24        504
a       8       7      13984
a       8      12      13984
a       8       4      13984
a       9      31        226
a       9      10      13984
a       9      13      13984
a       9       5      13984
a      10      22        860
a      10      11      13984
a      10       9      13984
a      10      14      13984
a      10       6      13984
a      11      25        618
a      11      12      13984
a      11      10      13984
a      11      15      13984
a      11       7      13984
a      12      29        450
a      12      11      13984
a      12      16      13984
a      12       8      13984
a      13      19        253
a      13      14      13984
a      13       9      13984
a      14      32        680
a      14      15      13984
a      14      13      13984
a      14      10      13984
a      15      26        272
a      15      16      13984
a      15      14      13984
a      15      11      13984
a      16      23        380
a      16      15      13984
a      16      12      13984
a      17      35        407
a      17      18      13984
a      17      21      13984
a      18      41        834
a      18      19      13984
a      18      17      13984
a      18      22      13984
a      19      33        414
a      19      20      13984
a      19      18      13984
a      19      23      13984
a      20      44        469
a      20      19      13984
a      20      24      13984
a      21      40        305
a      21      22      13984
a      21      25      13984
a      21      17      13984
a      22      46        273
a      22      23      13984
a      22      21      13984
a      22      26      13984
a      22      18      13984
a      23      42        391
a      23      24      13984
a      23      22      13984
a      23      27      13984
a      23      19      13984
a      24      38        453
a      24      23      13984
a      24      28      13984
a      24      20      13984
a      25      34        840
a      25      26      13984
a      25      29      13984
a      25      21      13984
a      26      43        691
a      26      27      13984
a      26      25      13984
a      26      30      13984
a      26      22      13984
a      27      36        541
a      27      28      13984
a      27      26      13984
a      27      31      13984
a      27      23      13984
a      28      37        187
a      28      27      13984
a      28      32      13984
a      28      24      13984
a      29      45        669
a      29      30      13984
a      29      25      13984
a      30      48        587
a      30      31      13984
a      30      29      13984
a      30      26      13984
a      31      39        467
a      31      32      13984
a      31      30      13984
a      31      27      13984
a      32      47        174
a      32      31      13984
a      32      28      13984
a      33      54        174
a      33      34      13984
a      33      37      13984
a      34      49        859
a      34      35      13984
a      34      33      13984
a      34      38      13984
a      35      51        192
a      35      36      13984
a      35      34      13984
a      35      39      13984
a      36      56        682
a      36      35      13984
a      36      40      13984
a      37      62        567
a      37      38      13984
a      37      41      13984
a      37      33      13984
a      38      55        868
a      38      39      13984
a      38      37      13984
a      38      42      13984
a      38      34      13984
a      39      59        200
a      39      40      13984
a      39      38      13984
a      39      43      13984
a      39      35      13984
a      40      58        604
a      40      39      13984
a      40      44      13984
a      40      36      13984
a      41      64        624
a      41      42      13984
a      41      45      13984
a      41      37      13984
a      42      53        817
a      42      43      13984
a      42      41      13984
a      42      46      13984
a      42      38      13984
a      43      60        822
a      43      44      13984
a      43      42      13984
a      43      47      13984
a      43      39      13984
a      44      63        725
a      44      43      13984
a      44      48      13984
a      44      40      13984
a      45      57        388
a      45      46      13984
a      45      41      13984
a      46      52        222
a      46      47      13984
a      46      45      13984
a      46      42      13984
a      47      61        233
a      47      48      13984
a      47      46      13984
a      47      43      13984
a      48      50        607
a      48      47      13984
a      48      44      13984
a      49      71        577
a      49      50      13984
a      49      53      13984
a      50      78        457
a      50      51      13984
a      50      49      13984
a      50      54      13984
a      51      65        304
a      51      52      13984
a      51      50      13984
a      51      55      13984
a      52      75        334
a      52      51      13984
a      52      56      13984
a      53      73        566
a      53      54      13984
a      53      57      13984
a      53      49      13984
a      54      68        835
a      54      55      13984
a      54      53      13984
a      54      58      13984
a      54      50      13984
a      55      66        407
a      55      56      13984
a      55      54      13984
a      55      59      13984
a      55      51      13984
a      56      67        479
a      56      55      13984
a      56      60      13984
a      56      52      13984
a      57      79        844
a      57      58      13984
a      57      61      13984
a      57      53      13984
a      58      77        509
a      58      59      13984
a      58      57      13984
a      58      62      13984
a      58      54      13984
a      59      80        749
a      59      60      13984
a      59      58      13984
a      59      63      13984
a      59      55      13984
a      60      76        712
a      60      59      13984
a      60      64      13984
a      60      56      13984
a      61      74        583
a      61      62      13984
a      61      57      13984
a      62      69        864
a      62      63      13984
a      62      61      13984
a      62      58      13984
a      63      72        430
a      63      64      13984
a      63      62      13984
a      63      59      13984
a      64      70        828
a      64      63      13984
a      64      60      13984
a      65      82        690
a      65      66      13984
a      65      69      13984
a      66      90        598
a      66      67      13984
a      66      65      13984
a      66      70      13984
a      67      92        692
a      67      68      13984
a      67      66      13984
a      67      71      13984
a      68      89        345
a      68      67      13984
a      68      72      13984
a      69      84        702
a      69      70      13984
a      69      73      13984
a      69      65      13984
a      70      83        255
a      70      71      13984
a      70      69      13984
a      70      74      13984
a      70      66      13984
a      71      94        546
a      71      72      13984
a      71      70      13984
a      71      75      13984
a      71      67      13984
a      72      81        587
a      72      71      13984
a      72      76      13984
a      72      68      13984
a      73      86        254
a      73      74      13984
a      73      77      13984
a      73      69      13984
a      74      88        826
a      74      75      13984
a      74      73      13984
a      74      78      13984
a      74      70      13984
a      75      96        445
a      75      76      13984
a      75      74      13984
a      75      79      13984
a      75      71      13984
a      76      87        313
a      76      75      13984
a      76      80      13984
a      76      72      13984
a      77      93        871
a      77      78      13984
a      77      73      13984
a      78      85        363
a      78      79      13984
a      78      77      13984
a      78      74      13984
a      79      95        353
a      79      80      13984
a      79      78      13984
a      79      75      13984
a      80      91        432
a      80      79      13984
a      80      76      13984
a      81      99        789
a      81      82      13984
a      81      85      13984
a      82     109        354
a      82      83      13984
a      82      81      13984
a      82      86      13984
a      83     105        560
a      83      84      13984
a      83      82      13984
a      83      87      13984
a      84     106        801
a      84      83      13984
a      84      88      13984
a      85      98        522
a      85      86      13984
a      85      89      13984
a      85      81      13984
a      86     107        601
a      86      87      13984
a      86      85      13984
a      86      90      13984
a      86      82      13984
a      87     112        373
a      87      88      13984
a      87      86      13984
a      87      91      13984
a      87      83      13984
a      88     102        354
a      88      87      13984
a      88      92      13984
a      88      84      13984
a      89     101        447
a      89      90      13984
a      89      93      13984
a      89      85      13984
a      90     103        757
a      90      91      13984
a      90      89      13984
a      90      94      13984
a      90      86      13984
a      91     111        257
a      91      92      13984
a      91      90      13984
a      91      95      13984
a      91      87      13984
a      92     110        360
a      92      91      13984
a      92      96      13984
a      92      88      13984
a      93     104        401
a      93      94      13984
a      93      89      13984
a      94     100        864
a      94      95      13984
a      94      93      13984
a      94      90      13984
a      95      97        583
a      95      96      13984
a      95      94      13984
a      95      91      13984
a      96     108        441
a      96      95      13984
a      96      92      13984
a      97     127        664
a      97      98      13984
a      97     101      13984
a      98     125        168
a      98      99      13984
a      98      97      13984
a      98     102      13984
a      99     118        590
a      99     100      13984
a      99      98      13984
a      99     103      13984
a     100     126        313
a     100      99      13984
a     100     104      13984
a     101     119        705
a     101     102      13984
a     101     105      13984
a     101      97      13984
a     102     120        280
a     102     103      13984
a     102     101      13984
a     102     106      13984
a     102      98      13984
a     103     117        224
a     103     104      13984
a     103     102      13984
a     103     107      13984
a     103      99      13984
a     104     113        164
a     104     103      13984
a     104     108      13984
a     104     100      13984
a     105     128        579
a     105     106      13984
a     105     109      13984
a     105     101      13984
a     106     116        577
a     106     107      13984
a     106     105      13984
a     106     110      13984
a     106     102      13984
a     107     115        299
a     107     108      13984
a     107     106      13984
a     107     111      13984
a     107     103      13984
a     108     121        784
a     108     107      13984
a     108     112      13984
a     108     104      13984
a     109     123        813
a     109     110      13984
a     109     105      13984
a     110     114        493
a     110     111      13984
a     110     109      13984
a     110     106      13984
a     111     122        211
a     111     112      13984
a     111     110      13984
a     111     107      13984
a     112     124        242
a     112     111      13984
a     112     108      13984
a     113     139        347
a     113     114      13984
a     113     117      13984
a     114     137        502
a     114     115      13984
a     114     113      13984
a     114     118      13984
a     115     132        217
a     115     116      13984
a     115     114      13984
a     115     119      13984
a     116     129        600
a     116     115      13984
a     116     120      13984
a     117     130        423
a     117     118      13984
a     117     121      13984
a     117     113      13984
a     118     142        698
a     118     119      13984
a     118     117      13984
a     118     122      13984
a     118     114      13984
a     119     131        750
a     119     120      13984
a     119     118      13984
a     119     123      13984
a     119     115      13984
a     120     144        573
a     120     119      13984
a     120     124      13984
a     120     116      13984
a     121     134        452
a     121     122      13984
a     121     125      13984
a     121     117      13984
a     122     140        686
a     122     123      13984
a     122     121      13984
a     122     126      13984
a     122     118      13984
a     123     133        390
a     123     124      13984
a     123     122      13984
a     123     127      13984
a     123     119      13984
a     124     138        229
a     124     123      13984
a     124     128      13984
a     124     120      13984
a     125     141        527
a     125     126      13984
a     125     121      13984
a     126     143        160
a     126     127      13984
a     126     125      13984
a     126     122      13984
a     127     136        671
a     127     128      13984
a     127     126      13984
a     127     123      13984
a     128     135        456
a     128     127      13984
a     128     124      13984
a     129     148        181
a     129     130      13984
a     129     133      13984
a     130     147        677
a     130     131      13984
a     130     129      13984
a     130     134      13984
a     131     157        291
a     131     132      13984
a     131     130      13984
a     131     135      13984
a     132     159        265
a     132     131      13984
a     132     136      13984
a     133     156        375
a     133     134      13984
a     133     137      13984
a     133     129      13984
a     134     155        264
a     134     135      13984
a     134     133      13984
a     134     138      13984
a     134     130      13984
a     135     158        424
a     135     136      13984
a     135     134      13984
a     135     139      13984
a     135     131      13984
a     136     152        859
a     136     135      13984
a     136     140      13984
a     136     132      13984
a     137     153        430
a     137     138      13984
a     137     141      13984
a     137     133      13984
a     138     154        758
a     138     139      13984
a     138     137      13984
a     138     142      13984
a     138     134      13984
a     139     150        314
a     139     140      13984
a     139     138      13984
a     139     143      13984
a     139     135      13984
a     140     151        546
a     140     139      13984
a     140     144      13984
a     140     136      13984
a     141     145        337
a     141     142      13984
a     141     137      13984
a     142     146        520
a     142     143      13984
a     142     141      13984
a     142     138      13984
a     143     149        617
a     143     144      13984
a     143     142      13984
a     143     139      13984
a     144     160        615
a     144     143      13984
a     144     140      13984
a     145     161        423
a     145     146      13984
a     145     149      13984
a     146     164        723
a     146     147      13984
a     146     145      13984
a     146     150      13984
a     147     162        807
a     147     148      13984
a     147     146      13984
a     147     151      13984
a     148     176        183
a     148     147      13984
a     148     152      13984
a     149     169        448
a     149     150      13984
a     149     153      13984
a     149     145      13984
a     150     170        829
a     150     151      13984
a     150     149      13984
a     150     154      13984
a     150     146      13984
a     151     173        652
a     151     152      13984
a     151     150      13984
a     151     155      13984
a     151     147      13984
a     152     174        440
a     152     151      13984
a     152     156      13984
a     152     148      13984
a     153     163        557
a     153     154      13984
a     153     157      13984
a     153     149      13984
a     154     172        254
a     154     155      13984
a     154     153      13984
a     154     158      13984
a     154     150      13984
a     155     167        462
a     155     156      13984
a     155     154      13984
a     155     159      13984
a     155     151      13984
a     156     165        767
a     156     155      13984
a     156     160      13984
a     156     152      13984
a     157     168        664
a     157     158      13984
a     157     153      13984
a     158     166        854
a     158     159      13984
a     158     157      13984
a     158     154      13984
a     159     171        824
a     159     160      13984
a     159     158      13984
a     159     155      13984
a     160     175        229
a     160     159      13984
a     160     156      13984
a     161     185        275
a     161     162      13984
a     161     165      13984
a     162     186        869
a     162     163      13984
a     162     161      13984
a     162     166      13984
a     163     181        336
a     163     164      13984
a     163     162      13984
a     163     167      13984
a     164     182        361
a     164     163      13984
a     164     168      13984
a     165     188        695
a     165     166      13984
a     165     169      13984
a     165     161      13984
a     166     179        564
a     166     167      13984
a     166     165      13984
a     166     170      13984
a     166     162      13984
a     167     177        577
a     167     168      13984
a     167     166      13984
a     167     171      13984
a     167     163      13984
a     168     192        409
a     168     167      13984
a     168     172      13984
a     168     164      13984
a     169     180        195
a     169     170      13984
a     169     173      13984
a     169     165      13984
a     170     183        558
a     170     171      13984
a     170     169      13984
a     170     174      13984
a     170     166      13984
a     171     189        210
a     171     172      13984
a     171     170      13984
a     171     175      13984
a     171     167      13984
a     172     187        699
a     172     171      13984
a     172     176      13984
a     172     168      13984
a     173     178        758
a     173     174      13984
a     173     169      13984
a     174     191        728
a     174     175      13984
a     174     173      13984
a     174     170      13984
a     175     190        457
a     175     176      13984
a     175     174      13984
a     175     171      13984
a     176     184        520
a     176     175      13984
a     176     172      13984
a     177     198        155
a     177     178      13984
a     177     181      13984
a     178     207        510
a     178     179      13984
a     178     177      13984
a     178     182      13984
a     179     194        465
a     179     180      13984
a     179     178      13984
a     179     183      13984
a     180     206        504
a     180     179      13984
a     180     184      13984
a     181     199        788
a     181     182      13984
a     181     185      13984
a     181     177      13984
a     182     201        307
a     182     183      13984
a     182     181      13984
a     182     186      13984
a     182     178      13984
a     183     193        321
a     183     184      13984
a     183     182      13984
a     183     187      13984
a     183     179      13984
a     184     203        686
a     184     183      13984
a     184     188      13984
a     184     180      13984
a     185     204        397
a     185     186      13984
a     185     189      13984
a     185     181      13984
a     186     200        787
a     186     187      13984
a     186     185      13984
a     186     190      13984
a     186     182      13984
a     187     195        439
a     187     188      13984
a     187     186      13984
a     187     191      13984
a     187     183      13984
a     188     208        733
a     188     187      13984
a     188     192      13984
a     188     184      13984
a     189     202        795
a     189     190      13984
a     189     185      13984
a     190     196        642
a     190     191      13984
a     190     189      13984
a     190     186      13984
a     191     197        698
a     191     192      13984
a     191     190      13984
a     191     187      13984
a     192     205        147
a     192     191      13984
a     192     188      13984
a     193     220        314
a     193     194      13984
a     193     197      13984
a     194     210        223
a     194     195      13984
a     194     193      13984
a     194     198      13984
a     195     217        635
a     195     196      13984
a     195     194      13984
a     195     199      13984
a     196     215        441
a     196     195      13984
a     196     200      13984
a     197     214        663
a     197     198      13984
a     197     201      13984
a     197     193      13984
a     198     216        814
a     198     199      13984
a     198     197      13984
a     198     202      13984
a     198     194      13984
a     199     223        372
a     199     200      13984
a     199     198      13984
a     199     203      13984
a     199     195      13984
a     200     218        635
a     200     199      13984
a     200     204      13984
a     200     196      13984
a     201     211        226
a     201     202      13984
a     201     205      13984
a     201     197      13984
a     202     219        753
a     202     203      13984
a     202     201      13984
a     202     206      13984
a     202     198      13984
a     203     209        481
a     203     204      13984
a     203     202      13984
a     203     207      13984
a     203     199      13984
a     204     224        554
a     204     203      13984
a     204     208      13984
a     204     200      13984
a     205     221        158
a     205     206      13984
a     205     201      13984
a     206     222        563
a     206     207      13984
a     206     205      13984
a     206     202      13984
a     207     212        170
a     207     208      13984
a     207     206      13984
a     207     203      13984
a     208     213        161
a     208     207      13984
a     208     204      13984
a     209     226        686
a     209     210      13984
a     209     213      13984
a     210     237        366
a     210     211      13984
a     210     209      13984
a     210     214      13984
a     211     234        342
a     211     212      13984
a     211     210      13984
a     211     215      13984
a     212     238        600
a     212     211      13984
a     212     216      13984
a     213     228        737
a     213     214      13984
a     213     217      13984
a     213     209      13984
a     214     230        794
a     214     215      13984
a     214     213      13984
a     214     218      13984
a     214     210      13984
a     215     233        587
a     215     216      13984
a     215     214      13984
a     215     219      13984
a     215     211      13984
a     216     236        173
a     216     215      13984
a     216     220      13984
a     216     212      13984
a     217     232        493
a     217     218      13984
a     217     221      13984
a     217     213      13984
a     218     239        527
a     218     219      13984
a     218     217      13984
a     218     222      13984
a     218     214      13984
a     219     229        472
a     219     220      13984
a     219     218      13984
a     219     223      13984
a     219     215      13984
a     220     227        853
a     220     219      13984
a     220     224      13984
a     220     216      13984
a     221     235        848
a     221     222      13984
a     221     217      13984
a     222     231        721
a     222     223      13984
a     222     221      13984
a     222     218      13984
a     223     225        785
a     223     224      13984
a     223     222      13984
a     223     219      13984
a     224     240        362
a     224     223      13984
a     224     220      13984
a     225     255        697
a     225     226      13984
a     225     229      13984
a     226     253        545
a     226     227      13984
a     226     225      13984
a     226     230      13984
a     227     241        704
a     227     228      13984
a     227     226      13984
a     227     231      13984
a     228     247        577
a     228     227      13984
a     228     232      13984
a     229     256        712
a     229     230      13984
a     229     233      13984
a     229     225      13984
a     230     243        779
a     230     231      13984
a     230     229      13984
a     230     234      13984
a     230     226      13984
a     231     251        256
a     231     232      13984
a     231     230      13984
a     231     235      13984
a     231     227      13984
a     232     246        259
a     232     231      13984
a     232     236      13984
a     232     228      13984
a     233     254        741
a     233     234      13984
a     233     237      13984
a     233     229      13984
a     234     252        693
a     234     235      13984
a     234     233      13984
a     234     238      13984
a     234     230      13984
a     235     245        232
a     235     236      13984
a     235     234      13984
a     235     239      13984
a     235     231      13984
a     236     248        425
a     236     235      13984
a     236     240      13984
a     236     232      13984
a     237     244        573
a     237     238      13984
a     237     233      13984
a     238     249        563
a     238     239      13984
a     238     237      13984
a     238     234      13984
a     239     242        668
a     239     240      13984
a     239     238      13984
a     239     235      13984
a     240     250        786
a     240     239      13984
a     240     236      13984
a     241     272        432
a     241     242      13984
a     241     245      13984
a     242     263        774
a     242     243      13984
a     242     241      13984
a     242     246      13984
a     243     267        482
a     243     244      13984
a     243     242      13984
a     243     247      13984
a     244     262        222
a     244     243      13984
a     244     248      13984
a     245     270        385
a     245     246      13984
a     245     249      13984
a     245     241      13984
a     246     268        348
a     246     247      13984
a     246     245      13984
a     246     250      13984
a     246     242      13984
a     247     259        330
a     247     248      13984
a     247     246      13984
a     247     251      13984
a     247     243      13984
a     248     265        529
a     248     247      13984
a     248     252      13984
a     248     244      13984
a     249     260        692
a     249     250      13984
a     249     253      13984
a     249     245      13984
a     250     264        282
a     250     251      13984
a     250     249      13984
a     250     254      13984
a     250     246      13984
a     251     271        231
a     251     252      13984
a     251     250      13984
a     251     255      13984
a     251     247      13984
a     252     269        514
a     252     251      13984
a     252     256      13984
a     252     248      13984
a     253     261        689
a     253     254      13984
a     253     249      13984
a     254     258        554
a     254     255      13984
a     254     253      13984
a     254     250      13984
a     255     257        682
a     255     256      13984
a     255     254      13984
a     255     251      13984
a     256     266        584
a     256     255      13984
a     256     252      13984
a     257     258      13984
a     257     261      13984
a     258     259      13984
a     258     257      13984
a     258     262      13984
a     259     260      13984
a     259     258      13984
a     259     263      13984
a     260     259      13984
a     260     264      13984
a     261     262      13984
a     261     265      13984
a     261     257      13984
a     262     263      13984
a     262     261      13984
a     262     266      13984
a     262     258      13984
a     263     264      13984
a     263     262      13984
a     263     267      13984
a     263     259      13984
a     264     263      13984
a     264     268      13984
a     264     260      13984
a     265     266      13984
a     265     269      13984
a     265     261      13984
a     266     267      13984
a     266     265      13984
a     266     270      13984
a     266     262      13984
a     267     268      13984
a     267     266      13984
a     267     271      13984
a     267     263      13984
a     268     267      13984
a     268     272      13984
a     268     264      13984
a     269     270      13984
a     269     265      13984
a     270     271      13984
a     270     269      13984
a     270     266      13984
a     271     272      13984
a     271     270      13984
a     271     267      13984
a     272     271      13984
a     272     268      13984
