c This file was generated by genrmf.
c The parameters are: a: 6 b: 7 c1: 1030 c2: 1030 seed: 1666103673
p max     252       1056
n       1 s
n     252 t
a       1      40       1030
a       1       2      37080
a       1       7      37080
a       2      44       1030
a       2       3      37080
a       2       1      37080
a       2       8      37080
a       3      38       1030
a       3       4      37080
a       3       2      37080
a       3       9      37080
a       4      66       1030
a       4       5      37080
a       4       3      37080
a       4      10      37080
a       5      37       1030
a       5       6      37080
a       5       4      37080
a       5      11      37080
a       6      61       1030
a       6       5      37080
a       6      12      37080
a       7      57       1030
a       7       8      37080
a       7      13      37080
a       7       1      37080
a       8      39       1030
a       8       9      37080
a       8       7      37080
a       8      14      37080
a       8       2      37080
a       9      67       1030
a       9      10      37080
a       9       8      37080
a       9      15      37080
a       9       3      37080
a      10      54       1030
a      10      11      37080
a      10       9      37080
a      10      16      37080
a      10       4      37080
a      11      45       1030
a      11      12      37080
a      11      10      37080
a      11      17      37080
a      11       5      37080
a      12      43       1030
a      12      11      37080
a      12      18      37080
a      12       6      37080
a      13      56       1030
a      13      14      37080
a      13      19      37080
a      13       7      37080
a      14      68       1030
a      14      15      37080
a      14      13      37080
a      14      20      37080
a      14       8      37080
a      15      70       1030
a      15      16      37080
a      15      14      37080
a      15      21      37080
a      15       9      37080
a      16      52       1030
a      16      17      37080
a      16      15      37080
a      16      22      37080
a      16      10      37080
a      17      59       1030
a      17      18      37080
a      17      16      37080
a      17      23      37080
a      17      11      37080
a      18      71       1030
a      18      17      37080
a      18      24      37080
a      18      12      37080
a      19      63       1030
a      19      20      37080
a      19      25      37080
a      19      13      37080
a      20      53       1030
a      20      21      37080
a      20      19      37080
a      20      26      37080
a      20      14      37080
a      21      49       1030
a      21      22      37080
a      21      20      37080
a      21      27      37080
a      21      15      37080
a      22      41       1030
a      22      23      37080
a      22      21      37080
a      22      28      37080
a      22      16      37080
a      23      65       1030
a      23      24      37080
a      23      22      37080
a      23      29      37080
a      23      17      37080
a      24      42       1030
a      24      23      37080
a      24      30      37080
a      24      18      37080
a      25      72       1030
a      25      26      37080
a      25      31      37080
a      25      19      37080
a      26      69       1030
a      26      27      37080
a      26      25      37080
a      26      32      37080
a      26      20      37080
a      27      47       1030
a      27      28      37080
a      27      26      37080
a      27      33      37080
a      27      21      37080
a      28      48       1030
a      28      29      37080
a      28      27      37080
a      28      34      37080
a      28      22      37080
a      29      51       1030
a      29      30      37080
a      29      28      37080
a      29      35      37080
a      29      23      37080
a      30      55       1030
a      30      29      37080
a      30      36      37080
a      30      24      37080
a      31      50       1030
a      31      32      37080
a      31      25      37080
a      32      60       1030
a      32      33      37080
a      32      31      37080
a      32      26      37080
a      33      46       1030
a      33      34      37080
a      33      32      37080
a      33      27      37080
a      34      64       1030
a      34      35      37080
a      34      33      37080
a      34      28      37080
a      35      62       1030
a      35      36      37080
a      35      34      37080
a      35      29      37080
a      36      58       1030
a      36      35      37080
a      36      30      37080
a      37      92       1030
a      37      38      37080
a      37      43      37080
a      38     105       1030
a      38      39      37080
a      38      37      37080
a      38      44      37080
a      39      98       1030
a      39      40      37080
a      39      38      37080
a      39      45      37080
a      40      91       1030
a      40      41      37080
a      40      39      37080
a      40      46      37080
a      41     101       1030
a      41      42      37080
a      41      40      37080
a      41      47      37080
a      42      94       1030
a      42      41      37080
a      42      48      37080
a      43      75       1030
a      43      44      37080
a      43      49      37080
a      43      37      37080
a      44      97       1030
a      44      45      37080
a      44      43      37080
a      44      50      37080
a      44      38      37080
a      45      90       1030
a      45      46      37080
a      45      44      37080
a      45      51      37080
a      45      39      37080
a      46      87       1030
a      46      47      37080
a      46      45      37080
a      46      52      37080
a      46      40      37080
a      47      80       1030
a      47      48      37080
a      47      46      37080
a      47      53      37080
a      47      41      37080
a      48      93       1030
a      48      47      37080
a      48      54      37080
a      48      42      37080
a      49     104       1030
a      49      50      37080
a      49      55      37080
a      49      43      37080
a      50      84       1030
a      50      51      37080
a      50      49      37080
a      50      56      37080
a      50      44      37080
a      51     103       1030
a      51      52      37080
a      51      50      37080
a      51      57      37080
a      51      45      37080
a      52      74       1030
a      52      53      37080
a      52      51      37080
a      52      58      37080
a      52      46      37080
a      53      88       1030
a      53      54      37080
a      53      52      37080
a      53      59      37080
a      53      47      37080
a      54      82       1030
a      54      53      37080
a      54      60      37080
a      54      48      37080
a      55     108       1030
a      55      56      37080
a      55      61      37080
a      55      49      37080
a      56      85       1030
a      56      57      37080
a      56      55      37080
a      56      62      37080
a      56      50      37080
a      57      77       1030
a      57      58      37080
a      57      56      37080
a      57      63      37080
a      57      51      37080
a      58      86       1030
a      58      59      37080
a      58      57      37080
a      58      64      37080
a      58      52      37080
a      59      83       1030
a      59      60      37080
a      59      58      37080
a      59      65      37080
a      59      53      37080
a      60      73       1030
a      60      59      37080
a      60      66      37080
a      60      54      37080
a      61      78       1030
a      61      62      37080
a      61      67      37080
a      61      55      37080
a      62     106       1030
a      62      63      37080
a      62      61      37080
a      62      68      37080
a      62      56      37080
a      63     100       1030
a      63      64      37080
a      63      62      37080
a      63      69      37080
a      63      57      37080
a      64      99       1030
a      64      65      37080
a      64      63      37080
a      64      70      37080
a      64      58      37080
a      65      79       1030
a      65      66      37080
a      65      64      37080
a      65      71      37080
a      65      59      37080
a      66      76       1030
a      66      65      37080
a      66      72      37080
a      66      60      37080
a      67     107       1030
a      67      68      37080
a      67      61      37080
a      68      81       1030
a      68      69      37080
a      68      67      37080
a      68      62      37080
a      69     102       1030
a      69      70      37080
a      69      68      37080
a      69      63      37080
a      70      89       1030
a      70      71      37080
a      70      69      37080
a      70      64      37080
a      71      95       1030
a      71      72      37080
a      71      70      37080
a      71      65      37080
a      72      96       1030
a      72      71      37080
a      72      66      37080
a      73     123       1030
a      73      74      37080
a      73      79      37080
a      74     135       1030
a      74      75      37080
a      74      73      37080
a      74      80      37080
a      75     133       1030
a      75      76      37080
a      75      74      37080
a      75      81      37080
a      76     122       1030
a      76      77      37080
a      76      75      37080
a      76      82      37080
a      77     109       1030
a      77      78      37080
a      77      76      37080
a      77      83      37080
a      78     128       1030
a      78      77      37080
a      78      84      37080
a      79     131       1030
a      79      80      37080
a      79      85      37080
a      79      73      37080
a      80     144       1030
a      80      81      37080
a      80      79      37080
a      80      86      37080
a      80      74      37080
a      81     139       1030
a      81      82      37080
a      81      80      37080
a      81      87      37080
a      81      75      37080
a      82     132       1030
a      82      83      37080
a      82      81      37080
a      82      88      37080
a      82      76      37080
a      83     118       1030
a      83      84      37080
a      83      82      37080
a      83      89      37080
a      83      77      37080
a      84     134       1030
a      84      83      37080
a      84      90      37080
a      84      78      37080
a      85     127       1030
a      85      86      37080
a      85      91      37080
a      85      79      37080
a      86     140       1030
a      86      87      37080
a      86      85      37080
a      86      92      37080
a      86      80      37080
a      87     117       1030
a      87      88      37080
a      87      86      37080
a      87      93      37080
a      87      81      37080
a      88     124       1030
a      88      89      37080
a      88      87      37080
a      88      94      37080
a      88      82      37080
a      89     143       1030
a      89      90      37080
a      89      88      37080
a      89      95      37080
a      89      83      37080
a      90     121       1030
a      90      89      37080
a      90      96      37080
a      90      84      37080
a      91     130       1030
a      91      92      37080
a      91      97      37080
a      91      85      37080
a      92     136       1030
a      92      93      37080
a      92      91      37080
a      92      98      37080
a      92      86      37080
a      93     119       1030
a      93      94      37080
a      93      92      37080
a      93      99      37080
a      93      87      37080
a      94     138       1030
a      94      95      37080
a      94      93      37080
a      94     100      37080
a      94      88      37080
a      95     116       1030
a      95      96      37080
a      95      94      37080
a      95     101      37080
a      95      89      37080
a      96     125       1030
a      96      95      37080
a      96     102      37080
a      96      90      37080
a      97     120       1030
a      97      98      37080
a      97     103      37080
a      97      91      37080
a      98     137       1030
a      98      99      37080
a      98      97      37080
a      98     104      37080
a      98      92      37080
a      99     114       1030
a      99     100      37080
a      99      98      37080
a      99     105      37080
a      99      93      37080
a     100     129       1030
a     100     101      37080
a     100      99      37080
a     100     106      37080
a     100      94      37080
a     101     141       1030
a     101     102      37080
a     101     100      37080
a     101     107      37080
a     101      95      37080
a     102     126       1030
a     102     101      37080
a     102     108      37080
a     102      96      37080
a     103     142       1030
a     103     104      37080
a     103      97      37080
a     104     115       1030
a     104     105      37080
a     104     103      37080
a     104      98      37080
a     105     111       1030
a     105     106      37080
a     105     104      37080
a     105      99      37080
a     106     113       1030
a     106     107      37080
a     106     105      37080
a     106     100      37080
a     107     110       1030
a     107     108      37080
a     107     106      37080
a     107     101      37080
a     108     112       1030
a     108     107      37080
a     108     102      37080
a     109     147       1030
a     109     110      37080
a     109     115      37080
a     110     157       1030
a     110     111      37080
a     110     109      37080
a     110     116      37080
a     111     164       1030
a     111     112      37080
a     111     110      37080
a     111     117      37080
a     112     180       1030
a     112     113      37080
a     112     111      37080
a     112     118      37080
a     113     162       1030
a     113     114      37080
a     113     112      37080
a     113     119      37080
a     114     150       1030
a     114     113      37080
a     114     120      37080
a     115     152       1030
a     115     116      37080
a     115     121      37080
a     115     109      37080
a     116     179       1030
a     116     117      37080
a     116     115      37080
a     116     122      37080
a     116     110      37080
a     117     178       1030
a     117     118      37080
a     117     116      37080
a     117     123      37080
a     117     111      37080
a     118     160       1030
a     118     119      37080
a     118     117      37080
a     118     124      37080
a     118     112      37080
a     119     155       1030
a     119     120      37080
a     119     118      37080
a     119     125      37080
a     119     113      37080
a     120     158       1030
a     120     119      37080
a     120     126      37080
a     120     114      37080
a     121     170       1030
a     121     122      37080
a     121     127      37080
a     121     115      37080
a     122     146       1030
a     122     123      37080
a     122     121      37080
a     122     128      37080
a     122     116      37080
a     123     168       1030
a     123     124      37080
a     123     122      37080
a     123     129      37080
a     123     117      37080
a     124     151       1030
a     124     125      37080
a     124     123      37080
a     124     130      37080
a     124     118      37080
a     125     175       1030
a     125     126      37080
a     125     124      37080
a     125     131      37080
a     125     119      37080
a     126     169       1030
a     126     125      37080
a     126     132      37080
a     126     120      37080
a     127     148       1030
a     127     128      37080
a     127     133      37080
a     127     121      37080
a     128     161       1030
a     128     129      37080
a     128     127      37080
a     128     134      37080
a     128     122      37080
a     129     165       1030
a     129     130      37080
a     129     128      37080
a     129     135      37080
a     129     123      37080
a     130     167       1030
a     130     131      37080
a     130     129      37080
a     130     136      37080
a     130     124      37080
a     131     163       1030
a     131     132      37080
a     131     130      37080
a     131     137      37080
a     131     125      37080
a     132     154       1030
a     132     131      37080
a     132     138      37080
a     132     126      37080
a     133     149       1030
a     133     134      37080
a     133     139      37080
a     133     127      37080
a     134     176       1030
a     134     135      37080
a     134     133      37080
a     134     140      37080
a     134     128      37080
a     135     153       1030
a     135     136      37080
a     135     134      37080
a     135     141      37080
a     135     129      37080
a     136     174       1030
a     136     137      37080
a     136     135      37080
a     136     142      37080
a     136     130      37080
a     137     156       1030
a     137     138      37080
a     137     136      37080
a     137     143      37080
a     137     131      37080
a     138     171       1030
a     138     137      37080
a     138     144      37080
a     138     132      37080
a     139     172       1030
a     139     140      37080
a     139     133      37080
a     140     177       1030
a     140     141      37080
a     140     139      37080
a     140     134      37080
a     141     159       1030
a     141     142      37080
a     141     140      37080
a     141     135      37080
a     142     166       1030
a     142     143      37080
a     142     141      37080
a     142     136      37080
a     143     173       1030
a     143     144      37080
a     143     142      37080
a     143     137      37080
a     144     145       1030
a     144     143      37080
a     144     138      37080
a     145     182       1030
a     145     146      37080
a     145     151      37080
a     146     192       1030
a     146     147      37080
a     146     145      37080
a     146     152      37080
a     147     212       1030
a     147     148      37080
a     147     146      37080
a     147     153      37080
a     148     190       1030
a     148     149      37080
a     148     147      37080
a     148     154      37080
a     149     197       1030
a     149     150      37080
a     149     148      37080
a     149     155      37080
a     150     183       1030
a     150     149      37080
a     150     156      37080
a     151     189       1030
a     151     152      37080
a     151     157      37080
a     151     145      37080
a     152     198       1030
a     152     153      37080
a     152     151      37080
a     152     158      37080
a     152     146      37080
a     153     216       1030
a     153     154      37080
a     153     152      37080
a     153     159      37080
a     153     147      37080
a     154     203       1030
a     154     155      37080
a     154     153      37080
a     154     160      37080
a     154     148      37080
a     155     215       1030
a     155     156      37080
a     155     154      37080
a     155     161      37080
a     155     149      37080
a     156     208       1030
a     156     155      37080
a     156     162      37080
a     156     150      37080
a     157     202       1030
a     157     158      37080
a     157     163      37080
a     157     151      37080
a     158     204       1030
a     158     159      37080
a     158     157      37080
a     158     164      37080
a     158     152      37080
a     159     214       1030
a     159     160      37080
a     159     158      37080
a     159     165      37080
a     159     153      37080
a     160     209       1030
a     160     161      37080
a     160     159      37080
a     160     166      37080
a     160     154      37080
a     161     207       1030
a     161     162      37080
a     161     160      37080
a     161     167      37080
a     161     155      37080
a     162     185       1030
a     162     161      37080
a     162     168      37080
a     162     156      37080
a     163     193       1030
a     163     164      37080
a     163     169      37080
a     163     157      37080
a     164     196       1030
a     164     165      37080
a     164     163      37080
a     164     170      37080
a     164     158      37080
a     165     188       1030
a     165     166      37080
a     165     164      37080
a     165     171      37080
a     165     159      37080
a     166     206       1030
a     166     167      37080
a     166     165      37080
a     166     172      37080
a     166     160      37080
a     167     213       1030
a     167     168      37080
a     167     166      37080
a     167     173      37080
a     167     161      37080
a     168     181       1030
a     168     167      37080
a     168     174      37080
a     168     162      37080
a     169     186       1030
a     169     170      37080
a     169     175      37080
a     169     163      37080
a     170     201       1030
a     170     171      37080
a     170     169      37080
a     170     176      37080
a     170     164      37080
a     171     184       1030
a     171     172      37080
a     171     170      37080
a     171     177      37080
a     171     165      37080
a     172     211       1030
a     172     173      37080
a     172     171      37080
a     172     178      37080
a     172     166      37080
a     173     191       1030
a     173     174      37080
a     173     172      37080
a     173     179      37080
a     173     167      37080
a     174     187       1030
a     174     173      37080
a     174     180      37080
a     174     168      37080
a     175     195       1030
a     175     176      37080
a     175     169      37080
a     176     194       1030
a     176     177      37080
a     176     175      37080
a     176     170      37080
a     177     200       1030
a     177     178      37080
a     177     176      37080
a     177     171      37080
a     178     205       1030
a     178     179      37080
a     178     177      37080
a     178     172      37080
a     179     210       1030
a     179     180      37080
a     179     178      37080
a     179     173      37080
a     180     199       1030
a     180     179      37080
a     180     174      37080
a     181     223       1030
a     181     182      37080
a     181     187      37080
a     182     228       1030
a     182     183      37080
a     182     181      37080
a     182     188      37080
a     183     232       1030
a     183     184      37080
a     183     182      37080
a     183     189      37080
a     184     221       1030
a     184     185      37080
a     184     183      37080
a     184     190      37080
a     185     248       1030
a     185     186      37080
a     185     184      37080
a     185     191      37080
a     186     236       1030
a     186     185      37080
a     186     192      37080
a     187     238       1030
a     187     188      37080
a     187     193      37080
a     187     181      37080
a     188     240       1030
a     188     189      37080
a     188     187      37080
a     188     194      37080
a     188     182      37080
a     189     227       1030
a     189     190      37080
a     189     188      37080
a     189     195      37080
a     189     183      37080
a     190     229       1030
a     190     191      37080
a     190     189      37080
a     190     196      37080
a     190     184      37080
a     191     219       1030
a     191     192      37080
a     191     190      37080
a     191     197      37080
a     191     185      37080
a     192     242       1030
a     192     191      37080
a     192     198      37080
a     192     186      37080
a     193     230       1030
a     193     194      37080
a     193     199      37080
a     193     187      37080
a     194     241       1030
a     194     195      37080
a     194     193      37080
a     194     200      37080
a     194     188      37080
a     195     252       1030
a     195     196      37080
a     195     194      37080
a     195     201      37080
a     195     189      37080
a     196     231       1030
a     196     197      37080
a     196     195      37080
a     196     202      37080
a     196     190      37080
a     197     243       1030
a     197     198      37080
a     197     196      37080
a     197     203      37080
a     197     191      37080
a     198     220       1030
a     198     197      37080
a     198     204      37080
a     198     192      37080
a     199     224       1030
a     199     200      37080
a     199     205      37080
a     199     193      37080
a     200     249       1030
a     200     201      37080
a     200     199      37080
a     200     206      37080
a     200     194      37080
a     201     233       1030
a     201     202      37080
a     201     200      37080
a     201     207      37080
a     201     195      37080
a     202     247       1030
a     202     203      37080
a     202     201      37080
a     202     208      37080
a     202     196      37080
a     203     244       1030
a     203     204      37080
a     203     202      37080
a     203     209      37080
a     203     197      37080
a     204     239       1030
a     204     203      37080
a     204     210      37080
a     204     198      37080
a     205     245       1030
a     205     206      37080
a     205     211      37080
a     205     199      37080
a     206     250       1030
a     206     207      37080
a     206     205      37080
a     206     212      37080
a     206     200      37080
a     207     225       1030
a     207     208      37080
a     207     206      37080
a     207     213      37080
a     207     201      37080
a     208     222       1030
a     208     209      37080
a     208     207      37080
a     208     214      37080
a     208     202      37080
a     209     237       1030
a     209     210      37080
a     209     208      37080
a     209     215      37080
a     209     203      37080
a     210     246       1030
a     210     209      37080
a     210     216      37080
a     210     204      37080
a     211     218       1030
a     211     212      37080
a     211     205      37080
a     212     217       1030
a     212     213      37080
a     212     211      37080
a     212     206      37080
a     213     251       1030
a     213     214      37080
a     213     212      37080
a     213     207      37080
a     214     234       1030
a     214     215      37080
a     214     213      37080
a     214     208      37080
a     215     235       1030
a     215     216      37080
a     215     214      37080
a     215     209      37080
a     216     226       1030
a     216     215      37080
a     216     210      37080
a     217     218      37080
a     217     223      37080
a     218     219      37080
a     218     217      37080
a     218     224      37080
a     219     220      37080
a     219     218      37080
a     219     225      37080
a     220     221      37080
a     220     219      37080
a     220     226      37080
a     221     222      37080
a     221     220      37080
a     221     227      37080
a     222     221      37080
a     222     228      37080
a     223     224      37080
a     223     229      37080
a     223     217      37080
a     224     225      37080
a     224     223      37080
a     224     230      37080
a     224     218      37080
a     225     226      37080
a     225     224      37080
a     225     231      37080
a     225     219      37080
a     226     227      37080
a     226     225      37080
a     226     232      37080
a     226     220      37080
a     227     228      37080
a     227     226      37080
a     227     233      37080
a     227     221      37080
a     228     227      37080
a     228     234      37080
a     228     222      37080
a     229     230      37080
a     229     235      37080
a     229     223      37080
a     230     231      37080
a     230     229      37080
a     230     236      37080
a     230     224      37080
a     231     232      37080
a     231     230      37080
a     231     237      37080
a     231     225      37080
a     232     233      37080
a     232     231      37080
a     232     238      37080
a     232     226      37080
a     233     234      37080
a     233     232      37080
a     233     239      37080
a     233     227      37080
a     234     233      37080
a     234     240      37080
a     234     228      37080
a     235     236      37080
a     235     241      37080
a     235     229      37080
a     236     237      37080
a     236     235      37080
a     236     242      37080
a     236     230      37080
a     237     238      37080
a     237     236      37080
a     237     243      37080
a     237     231      37080
a     238     239      37080
a     238     237      37080
a     238     244      37080
a     238     232      37080
a     239     240      37080
a     239     238      37080
a     239     245      37080
a     239     233      37080
a     240     239      37080
a     240     246      37080
a     240     234      37080
a     241     242      37080
a     241     247      37080
a     241     235      37080
a     242     243      37080
a     242     241      37080
a     242     248      37080
a     242     236      37080
a     243     244      37080
a     243     242      37080
a     243     249      37080
a     243     237      37080
a     244     245      37080
a     244     243      37080
a     244     250      37080
a     244     238      37080
a     245     246      37080
a     245     244      37080
a     245     251      37080
a     245     239      37080
a     246     245      37080
a     246     252      37080
a     246     240      37080
a     247     248      37080
a     247     241      37080
a     248     249      37080
a     248     247      37080
a     248     242      37080
a     249     250      37080
a     249     248      37080
a     249     243      37080
a     250     251      37080
a     250     249      37080
a     250     244      37080
a     251     252      37080
a     251     250      37080
a     251     245      37080
a     252     251      37080
a     252     246      37080
