c This file was generated by genrmf.
c The parameters are: a: 8 b: 12 c1: 16 c2: 49 seed: 1666103673
p max     768       3392
n       1 s
n     768 t
a       1      71         19
a       1       2       3136
a       1       9       3136
a       2      77         29
a       2       3       3136
a       2       1       3136
a       2      10       3136
a       3      76         20
a       3       4       3136
a       3       2       3136
a       3      11       3136
a       4     117         20
a       4       5       3136
a       4       3       3136
a       4      12       3136
a       5     116         46
a       5       6       3136
a       5       4       3136
a       5      13       3136
a       6     106         26
a       6       7       3136
a       6       5       3136
a       6      14       3136
a       7      98         26
a       7       8       3136
a       7       6       3136
a       7      15       3136
a       8      73         40
a       8       7       3136
a       8      16       3136
a       9     118         27
a       9      10       3136
a       9      17       3136
a       9       1       3136
a      10      92         39
a      10      11       3136
a      10       9       3136
a      10      18       3136
a      10       2       3136
a      11      72         48
a      11      12       3136
a      11      10       3136
a      11      19       3136
a      11       3       3136
a      12      95         43
a      12      13       3136
a      12      11       3136
a      12      20       3136
a      12       4       3136
a      13      74         35
a      13      14       3136
a      13      12       3136
a      13      21       3136
a      13       5       3136
a      14     119         49
a      14      15       3136
a      14      13       3136
a      14      22       3136
a      14       6       3136
a      15     122         17
a      15      16       3136
a      15      14       3136
a      15      23       3136
a      15       7       3136
a      16      81         49
a      16      15       3136
a      16      24       3136
a      16       8       3136
a      17      67         18
a      17      18       3136
a      17      25       3136
a      17       9       3136
a      18     124         41
a      18      19       3136
a      18      17       3136
a      18      26       3136
a      18      10       3136
a      19     105         35
a      19      20       3136
a      19      18       3136
a      19      27       3136
a      19      11       3136
a      20      66         49
a      20      21       3136
a      20      19       3136
a      20      28       3136
a      20      12       3136
a      21      90         18
a      21      22       3136
a      21      20       3136
a      21      29       3136
a      21      13       3136
a      22     109         37
a      22      23       3136
a      22      21       3136
a      22      30       3136
a      22      14       3136
a      23     107         38
a      23      24       3136
a      23      22       3136
a      23      31       3136
a      23      15       3136
a      24      84         47
a      24      23       3136
a      24      32       3136
a      24      16       3136
a      25     128         47
a      25      26       3136
a      25      33       3136
a      25      17       3136
a      26     115         43
a      26      27       3136
a      26      25       3136
a      26      34       3136
a      26      18       3136
a      27      70         27
a      27      28       3136
a      27      26       3136
a      27      35       3136
a      27      19       3136
a      28      97         19
a      28      29       3136
a      28      27       3136
a      28      36       3136
a      28      20       3136
a      29      78         20
a      29      30       3136
a      29      28       3136
a      29      37       3136
a      29      21       3136
a      30     100         37
a      30      31       3136
a      30      29       3136
a      30      38       3136
a      30      22       3136
a      31      83         27
a      31      32       3136
a      31      30       3136
a      31      39       3136
a      31      23       3136
a      32      79         24
a      32      31       3136
a      32      40       3136
a      32      24       3136
a      33      69         22
a      33      34       3136
a      33      41       3136
a      33      25       3136
a      34     103         25
a      34      35       3136
a      34      33       3136
a      34      42       3136
a      34      26       3136
a      35      80         40
a      35      36       3136
a      35      34       3136
a      35      43       3136
a      35      27       3136
a      36      86         41
a      36      37       3136
a      36      35       3136
a      36      44       3136
a      36      28       3136
a      37     102         49
a      37      38       3136
a      37      36       3136
a      37      45       3136
a      37      29       3136
a      38     125         35
a      38      39       3136
a      38      37       3136
a      38      46       3136
a      38      30       3136
a      39     111         32
a      39      40       3136
a      39      38       3136
a      39      47       3136
a      39      31       3136
a      40      68         43
a      40      39       3136
a      40      48       3136
a      40      32       3136
a      41      82         25
a      41      42       3136
a      41      49       3136
a      41      33       3136
a      42      91         17
a      42      43       3136
a      42      41       3136
a      42      50       3136
a      42      34       3136
a      43     123         23
a      43      44       3136
a      43      42       3136
a      43      51       3136
a      43      35       3136
a      44     121         32
a      44      45       3136
a      44      43       3136
a      44      52       3136
a      44      36       3136
a      45     110         46
a      45      46       3136
a      45      44       3136
a      45      53       3136
a      45      37       3136
a      46      87         36
a      46      47       3136
a      46      45       3136
a      46      54       3136
a      46      38       3136
a      47     104         30
a      47      48       3136
a      47      46       3136
a      47      55       3136
a      47      39       3136
a      48      89         23
a      48      47       3136
a      48      56       3136
a      48      40       3136
a      49      75         24
a      49      50       3136
a      49      57       3136
a      49      41       3136
a      50     120         35
a      50      51       3136
a      50      49       3136
a      50      58       3136
a      50      42       3136
a      51     113         48
a      51      52       3136
a      51      50       3136
a      51      59       3136
a      51      43       3136
a      52      85         28
a      52      53       3136
a      52      51       3136
a      52      60       3136
a      52      44       3136
a      53     108         31
a      53      54       3136
a      53      52       3136
a      53      61       3136
a      53      45       3136
a      54      96         48
a      54      55       3136
a      54      53       3136
a      54      62       3136
a      54      46       3136
a      55     112         32
a      55      56       3136
a      55      54       3136
a      55      63       3136
a      55      47       3136
a      56     126         44
a      56      55       3136
a      56      64       3136
a      56      48       3136
a      57     101         42
a      57      58       3136
a      57      49       3136
a      58      88         36
a      58      59       3136
a      58      57       3136
a      58      50       3136
a      59     127         49
a      59      60       3136
a      59      58       3136
a      59      51       3136
a      60      94         29
a      60      61       3136
a      60      59       3136
a      60      52       3136
a      61     114         47
a      61      62       3136
a      61      60       3136
a      61      53       3136
a      62      65         30
a      62      63       3136
a      62      61       3136
a      62      54       3136
a      63      99         41
a      63      64       3136
a      63      62       3136
a      63      55       3136
a      64      93         38
a      64      63       3136
a      64      56       3136
a      65     162         32
a      65      66       3136
a      65      73       3136
a      66     159         40
a      66      67       3136
a      66      65       3136
a      66      74       3136
a      67     145         23
a      67      68       3136
a      67      66       3136
a      67      75       3136
a      68     151         45
a      68      69       3136
a      68      67       3136
a      68      76       3136
a      69     144         17
a      69      70       3136
a      69      68       3136
a      69      77       3136
a      70     152         38
a      70      71       3136
a      70      69       3136
a      70      78       3136
a      71     149         21
a      71      72       3136
a      71      70       3136
a      71      79       3136
a      72     136         40
a      72      71       3136
a      72      80       3136
a      73     142         17
a      73      74       3136
a      73      81       3136
a      73      65       3136
a      74     187         21
a      74      75       3136
a      74      73       3136
a      74      82       3136
a      74      66       3136
a      75     192         22
a      75      76       3136
a      75      74       3136
a      75      83       3136
a      75      67       3136
a      76     153         40
a      76      77       3136
a      76      75       3136
a      76      84       3136
a      76      68       3136
a      77     177         17
a      77      78       3136
a      77      76       3136
a      77      85       3136
a      77      69       3136
a      78     174         36
a      78      79       3136
a      78      77       3136
a      78      86       3136
a      78      70       3136
a      79     135         23
a      79      80       3136
a      79      78       3136
a      79      87       3136
a      79      71       3136
a      80     182         42
a      80      79       3136
a      80      88       3136
a      80      72       3136
a      81     172         22
a      81      82       3136
a      81      89       3136
a      81      73       3136
a      82     137         19
a      82      83       3136
a      82      81       3136
a      82      90       3136
a      82      74       3136
a      83     185         16
a      83      84       3136
a      83      82       3136
a      83      91       3136
a      83      75       3136
a      84     168         36
a      84      85       3136
a      84      83       3136
a      84      92       3136
a      84      76       3136
a      85     134         36
a      85      86       3136
a      85      84       3136
a      85      93       3136
a      85      77       3136
a      86     129         23
a      86      87       3136
a      86      85       3136
a      86      94       3136
a      86      78       3136
a      87     132         45
a      87      88       3136
a      87      86       3136
a      87      95       3136
a      87      79       3136
a      88     133         47
a      88      87       3136
a      88      96       3136
a      88      80       3136
a      89     157         32
a      89      90       3136
a      89      97       3136
a      89      81       3136
a      90     166         19
a      90      91       3136
a      90      89       3136
a      90      98       3136
a      90      82       3136
a      91     179         20
a      91      92       3136
a      91      90       3136
a      91      99       3136
a      91      83       3136
a      92     155         43
a      92      93       3136
a      92      91       3136
a      92     100       3136
a      92      84       3136
a      93     161         39
a      93      94       3136
a      93      92       3136
a      93     101       3136
a      93      85       3136
a      94     165         34
a      94      95       3136
a      94      93       3136
a      94     102       3136
a      94      86       3136
a      95     167         27
a      95      96       3136
a      95      94       3136
a      95     103       3136
a      95      87       3136
a      96     176         42
a      96      95       3136
a      96     104       3136
a      96      88       3136
a      97     154         23
a      97      98       3136
a      97     105       3136
a      97      89       3136
a      98     163         30
a      98      99       3136
a      98      97       3136
a      98     106       3136
a      98      90       3136
a      99     130         23
a      99     100       3136
a      99      98       3136
a      99     107       3136
a      99      91       3136
a     100     175         22
a     100     101       3136
a     100      99       3136
a     100     108       3136
a     100      92       3136
a     101     164         47
a     101     102       3136
a     101     100       3136
a     101     109       3136
a     101      93       3136
a     102     181         17
a     102     103       3136
a     102     101       3136
a     102     110       3136
a     102      94       3136
a     103     158         41
a     103     104       3136
a     103     102       3136
a     103     111       3136
a     103      95       3136
a     104     148         41
a     104     103       3136
a     104     112       3136
a     104      96       3136
a     105     170         32
a     105     106       3136
a     105     113       3136
a     105      97       3136
a     106     171         49
a     106     107       3136
a     106     105       3136
a     106     114       3136
a     106      98       3136
a     107     147         25
a     107     108       3136
a     107     106       3136
a     107     115       3136
a     107      99       3136
a     108     173         32
a     108     109       3136
a     108     107       3136
a     108     116       3136
a     108     100       3136
a     109     184         19
a     109     110       3136
a     109     108       3136
a     109     117       3136
a     109     101       3136
a     110     190         37
a     110     111       3136
a     110     109       3136
a     110     118       3136
a     110     102       3136
a     111     156         28
a     111     112       3136
a     111     110       3136
a     111     119       3136
a     111     103       3136
a     112     189         41
a     112     111       3136
a     112     120       3136
a     112     104       3136
a     113     191         44
a     113     114       3136
a     113     121       3136
a     113     105       3136
a     114     160         35
a     114     115       3136
a     114     113       3136
a     114     122       3136
a     114     106       3136
a     115     143         30
a     115     116       3136
a     115     114       3136
a     115     123       3136
a     115     107       3136
a     116     140         41
a     116     117       3136
a     116     115       3136
a     116     124       3136
a     116     108       3136
a     117     180         27
a     117     118       3136
a     117     116       3136
a     117     125       3136
a     117     109       3136
a     118     138         19
a     118     119       3136
a     118     117       3136
a     118     126       3136
a     118     110       3136
a     119     186         33
a     119     120       3136
a     119     118       3136
a     119     127       3136
a     119     111       3136
a     120     139         16
a     120     119       3136
a     120     128       3136
a     120     112       3136
a     121     188         40
a     121     122       3136
a     121     113       3136
a     122     169         30
a     122     123       3136
a     122     121       3136
a     122     114       3136
a     123     178         20
a     123     124       3136
a     123     122       3136
a     123     115       3136
a     124     131         28
a     124     125       3136
a     124     123       3136
a     124     116       3136
a     125     141         42
a     125     126       3136
a     125     124       3136
a     125     117       3136
a     126     150         43
a     126     127       3136
a     126     125       3136
a     126     118       3136
a     127     183         31
a     127     128       3136
a     127     126       3136
a     127     119       3136
a     128     146         38
a     128     127       3136
a     128     120       3136
a     129     211         41
a     129     130       3136
a     129     137       3136
a     130     202         20
a     130     131       3136
a     130     129       3136
a     130     138       3136
a     131     234         22
a     131     132       3136
a     131     130       3136
a     131     139       3136
a     132     197         20
a     132     133       3136
a     132     131       3136
a     132     140       3136
a     133     243         36
a     133     134       3136
a     133     132       3136
a     133     141       3136
a     134     233         34
a     134     135       3136
a     134     133       3136
a     134     142       3136
a     135     219         41
a     135     136       3136
a     135     134       3136
a     135     143       3136
a     136     210         37
a     136     135       3136
a     136     144       3136
a     137     253         22
a     137     138       3136
a     137     145       3136
a     137     129       3136
a     138     217         49
a     138     139       3136
a     138     137       3136
a     138     146       3136
a     138     130       3136
a     139     224         24
a     139     140       3136
a     139     138       3136
a     139     147       3136
a     139     131       3136
a     140     193         26
a     140     141       3136
a     140     139       3136
a     140     148       3136
a     140     132       3136
a     141     198         41
a     141     142       3136
a     141     140       3136
a     141     149       3136
a     141     133       3136
a     142     229         35
a     142     143       3136
a     142     141       3136
a     142     150       3136
a     142     134       3136
a     143     196         36
a     143     144       3136
a     143     142       3136
a     143     151       3136
a     143     135       3136
a     144     227         28
a     144     143       3136
a     144     152       3136
a     144     136       3136
a     145     247         18
a     145     146       3136
a     145     153       3136
a     145     137       3136
a     146     239         35
a     146     147       3136
a     146     145       3136
a     146     154       3136
a     146     138       3136
a     147     252         19
a     147     148       3136
a     147     146       3136
a     147     155       3136
a     147     139       3136
a     148     238         41
a     148     149       3136
a     148     147       3136
a     148     156       3136
a     148     140       3136
a     149     248         44
a     149     150       3136
a     149     148       3136
a     149     157       3136
a     149     141       3136
a     150     218         43
a     150     151       3136
a     150     149       3136
a     150     158       3136
a     150     142       3136
a     151     237         30
a     151     152       3136
a     151     150       3136
a     151     159       3136
a     151     143       3136
a     152     256         33
a     152     151       3136
a     152     160       3136
a     152     144       3136
a     153     215         23
a     153     154       3136
a     153     161       3136
a     153     145       3136
a     154     249         44
a     154     155       3136
a     154     153       3136
a     154     162       3136
a     154     146       3136
a     155     203         41
a     155     156       3136
a     155     154       3136
a     155     163       3136
a     155     147       3136
a     156     230         45
a     156     157       3136
a     156     155       3136
a     156     164       3136
a     156     148       3136
a     157     214         31
a     157     158       3136
a     157     156       3136
a     157     165       3136
a     157     149       3136
a     158     209         45
a     158     159       3136
a     158     157       3136
a     158     166       3136
a     158     150       3136
a     159     199         19
a     159     160       3136
a     159     158       3136
a     159     167       3136
a     159     151       3136
a     160     213         32
a     160     159       3136
a     160     168       3136
a     160     152       3136
a     161     223         22
a     161     162       3136
a     161     169       3136
a     161     153       3136
a     162     244         47
a     162     163       3136
a     162     161       3136
a     162     170       3136
a     162     154       3136
a     163     255         42
a     163     164       3136
a     163     162       3136
a     163     171       3136
a     163     155       3136
a     164     231         16
a     164     165       3136
a     164     163       3136
a     164     172       3136
a     164     156       3136
a     165     250         27
a     165     166       3136
a     165     164       3136
a     165     173       3136
a     165     157       3136
a     166     194         47
a     166     167       3136
a     166     165       3136
a     166     174       3136
a     166     158       3136
a     167     246         44
a     167     168       3136
a     167     166       3136
a     167     175       3136
a     167     159       3136
a     168     207         16
a     168     167       3136
a     168     176       3136
a     168     160       3136
a     169     221         33
a     169     170       3136
a     169     177       3136
a     169     161       3136
a     170     195         30
a     170     171       3136
a     170     169       3136
a     170     178       3136
a     170     162       3136
a     171     225         32
a     171     172       3136
a     171     170       3136
a     171     179       3136
a     171     163       3136
a     172     241         45
a     172     173       3136
a     172     171       3136
a     172     180       3136
a     172     164       3136
a     173     222         23
a     173     174       3136
a     173     172       3136
a     173     181       3136
a     173     165       3136
a     174     236         24
a     174     175       3136
a     174     173       3136
a     174     182       3136
a     174     166       3136
a     175     242         41
a     175     176       3136
a     175     174       3136
a     175     183       3136
a     175     167       3136
a     176     251         27
a     176     175       3136
a     176     184       3136
a     176     168       3136
a     177     216         45
a     177     178       3136
a     177     185       3136
a     177     169       3136
a     178     204         29
a     178     179       3136
a     178     177       3136
a     178     186       3136
a     178     170       3136
a     179     240         43
a     179     180       3136
a     179     178       3136
a     179     187       3136
a     179     171       3136
a     180     254         46
a     180     181       3136
a     180     179       3136
a     180     188       3136
a     180     172       3136
a     181     205         39
a     181     182       3136
a     181     180       3136
a     181     189       3136
a     181     173       3136
a     182     200         41
a     182     183       3136
a     182     181       3136
a     182     190       3136
a     182     174       3136
a     183     206         16
a     183     184       3136
a     183     182       3136
a     183     191       3136
a     183     175       3136
a     184     212         33
a     184     183       3136
a     184     192       3136
a     184     176       3136
a     185     220         20
a     185     186       3136
a     185     177       3136
a     186     208         23
a     186     187       3136
a     186     185       3136
a     186     178       3136
a     187     226         21
a     187     188       3136
a     187     186       3136
a     187     179       3136
a     188     228         29
a     188     189       3136
a     188     187       3136
a     188     180       3136
a     189     245         28
a     189     190       3136
a     189     188       3136
a     189     181       3136
a     190     232         28
a     190     191       3136
a     190     189       3136
a     190     182       3136
a     191     201         35
a     191     192       3136
a     191     190       3136
a     191     183       3136
a     192     235         27
a     192     191       3136
a     192     184       3136
a     193     308         17
a     193     194       3136
a     193     201       3136
a     194     320         35
a     194     195       3136
a     194     193       3136
a     194     202       3136
a     195     261         43
a     195     196       3136
a     195     194       3136
a     195     203       3136
a     196     280         44
a     196     197       3136
a     196     195       3136
a     196     204       3136
a     197     269         37
a     197     198       3136
a     197     196       3136
a     197     205       3136
a     198     306         41
a     198     199       3136
a     198     197       3136
a     198     206       3136
a     199     302         34
a     199     200       3136
a     199     198       3136
a     199     207       3136
a     200     293         42
a     200     199       3136
a     200     208       3136
a     201     300         36
a     201     202       3136
a     201     209       3136
a     201     193       3136
a     202     277         42
a     202     203       3136
a     202     201       3136
a     202     210       3136
a     202     194       3136
a     203     298         45
a     203     204       3136
a     203     202       3136
a     203     211       3136
a     203     195       3136
a     204     292         21
a     204     205       3136
a     204     203       3136
a     204     212       3136
a     204     196       3136
a     205     278         21
a     205     206       3136
a     205     204       3136
a     205     213       3136
a     205     197       3136
a     206     315         43
a     206     207       3136
a     206     205       3136
a     206     214       3136
a     206     198       3136
a     207     283         41
a     207     208       3136
a     207     206       3136
a     207     215       3136
a     207     199       3136
a     208     276         20
a     208     207       3136
a     208     216       3136
a     208     200       3136
a     209     310         29
a     209     210       3136
a     209     217       3136
a     209     201       3136
a     210     305         35
a     210     211       3136
a     210     209       3136
a     210     218       3136
a     210     202       3136
a     211     316         35
a     211     212       3136
a     211     210       3136
a     211     219       3136
a     211     203       3136
a     212     286         40
a     212     213       3136
a     212     211       3136
a     212     220       3136
a     212     204       3136
a     213     282         45
a     213     214       3136
a     213     212       3136
a     213     221       3136
a     213     205       3136
a     214     312         25
a     214     215       3136
a     214     213       3136
a     214     222       3136
a     214     206       3136
a     215     267         20
a     215     216       3136
a     215     214       3136
a     215     223       3136
a     215     207       3136
a     216     291         28
a     216     215       3136
a     216     224       3136
a     216     208       3136
a     217     285         28
a     217     218       3136
a     217     225       3136
a     217     209       3136
a     218     266         28
a     218     219       3136
a     218     217       3136
a     218     226       3136
a     218     210       3136
a     219     257         31
a     219     220       3136
a     219     218       3136
a     219     227       3136
a     219     211       3136
a     220     290         27
a     220     221       3136
a     220     219       3136
a     220     228       3136
a     220     212       3136
a     221     275         40
a     221     222       3136
a     221     220       3136
a     221     229       3136
a     221     213       3136
a     222     268         34
a     222     223       3136
a     222     221       3136
a     222     230       3136
a     222     214       3136
a     223     294         27
a     223     224       3136
a     223     222       3136
a     223     231       3136
a     223     215       3136
a     224     297         29
a     224     223       3136
a     224     232       3136
a     224     216       3136
a     225     299         29
a     225     226       3136
a     225     233       3136
a     225     217       3136
a     226     264         23
a     226     227       3136
a     226     225       3136
a     226     234       3136
a     226     218       3136
a     227     319         35
a     227     228       3136
a     227     226       3136
a     227     235       3136
a     227     219       3136
a     228     314         32
a     228     229       3136
a     228     227       3136
a     228     236       3136
a     228     220       3136
a     229     301         29
a     229     230       3136
a     229     228       3136
a     229     237       3136
a     229     221       3136
a     230     272         45
a     230     231       3136
a     230     229       3136
a     230     238       3136
a     230     222       3136
a     231     317         31
a     231     232       3136
a     231     230       3136
a     231     239       3136
a     231     223       3136
a     232     311         19
a     232     231       3136
a     232     240       3136
a     232     224       3136
a     233     270         27
a     233     234       3136
a     233     241       3136
a     233     225       3136
a     234     295         25
a     234     235       3136
a     234     233       3136
a     234     242       3136
a     234     226       3136
a     235     296         24
a     235     236       3136
a     235     234       3136
a     235     243       3136
a     235     227       3136
a     236     313         33
a     236     237       3136
a     236     235       3136
a     236     244       3136
a     236     228       3136
a     237     260         41
a     237     238       3136
a     237     236       3136
a     237     245       3136
a     237     229       3136
a     238     279         22
a     238     239       3136
a     238     237       3136
a     238     246       3136
a     238     230       3136
a     239     303         20
a     239     240       3136
a     239     238       3136
a     239     247       3136
a     239     231       3136
a     240     271         33
a     240     239       3136
a     240     248       3136
a     240     232       3136
a     241     287         41
a     241     242       3136
a     241     249       3136
a     241     233       3136
a     242     288         35
a     242     243       3136
a     242     241       3136
a     242     250       3136
a     242     234       3136
a     243     289         41
a     243     244       3136
a     243     242       3136
a     243     251       3136
a     243     235       3136
a     244     265         36
a     244     245       3136
a     244     243       3136
a     244     252       3136
a     244     236       3136
a     245     281         45
a     245     246       3136
a     245     244       3136
a     245     253       3136
a     245     237       3136
a     246     259         33
a     246     247       3136
a     246     245       3136
a     246     254       3136
a     246     238       3136
a     247     274         39
a     247     248       3136
a     247     246       3136
a     247     255       3136
a     247     239       3136
a     248     273         33
a     248     247       3136
a     248     256       3136
a     248     240       3136
a     249     318         44
a     249     250       3136
a     249     241       3136
a     250     307         39
a     250     251       3136
a     250     249       3136
a     250     242       3136
a     251     304         18
a     251     252       3136
a     251     250       3136
a     251     243       3136
a     252     284         49
a     252     253       3136
a     252     251       3136
a     252     244       3136
a     253     263         24
a     253     254       3136
a     253     252       3136
a     253     245       3136
a     254     258         28
a     254     255       3136
a     254     253       3136
a     254     246       3136
a     255     262         26
a     255     256       3136
a     255     254       3136
a     255     247       3136
a     256     309         47
a     256     255       3136
a     256     248       3136
a     257     367         22
a     257     258       3136
a     257     265       3136
a     258     338         28
a     258     259       3136
a     258     257       3136
a     258     266       3136
a     259     372         24
a     259     260       3136
a     259     258       3136
a     259     267       3136
a     260     328         49
a     260     261       3136
a     260     259       3136
a     260     268       3136
a     261     374         36
a     261     262       3136
a     261     260       3136
a     261     269       3136
a     262     351         33
a     262     263       3136
a     262     261       3136
a     262     270       3136
a     263     383         34
a     263     264       3136
a     263     262       3136
a     263     271       3136
a     264     350         27
a     264     263       3136
a     264     272       3136
a     265     361         24
a     265     266       3136
a     265     273       3136
a     265     257       3136
a     266     357         32
a     266     267       3136
a     266     265       3136
a     266     274       3136
a     266     258       3136
a     267     368         39
a     267     268       3136
a     267     266       3136
a     267     275       3136
a     267     259       3136
a     268     375         49
a     268     269       3136
a     268     267       3136
a     268     276       3136
a     268     260       3136
a     269     362         37
a     269     270       3136
a     269     268       3136
a     269     277       3136
a     269     261       3136
a     270     359         26
a     270     271       3136
a     270     269       3136
a     270     278       3136
a     270     262       3136
a     271     349         42
a     271     272       3136
a     271     270       3136
a     271     279       3136
a     271     263       3136
a     272     358         18
a     272     271       3136
a     272     280       3136
a     272     264       3136
a     273     324         47
a     273     274       3136
a     273     281       3136
a     273     265       3136
a     274     363         18
a     274     275       3136
a     274     273       3136
a     274     282       3136
a     274     266       3136
a     275     323         22
a     275     276       3136
a     275     274       3136
a     275     283       3136
a     275     267       3136
a     276     331         38
a     276     277       3136
a     276     275       3136
a     276     284       3136
a     276     268       3136
a     277     360         26
a     277     278       3136
a     277     276       3136
a     277     285       3136
a     277     269       3136
a     278     380         24
a     278     279       3136
a     278     277       3136
a     278     286       3136
a     278     270       3136
a     279     356         32
a     279     280       3136
a     279     278       3136
a     279     287       3136
a     279     271       3136
a     280     370         46
a     280     279       3136
a     280     288       3136
a     280     272       3136
a     281     335         34
a     281     282       3136
a     281     289       3136
a     281     273       3136
a     282     364         30
a     282     283       3136
a     282     281       3136
a     282     290       3136
a     282     274       3136
a     283     332         36
a     283     284       3136
a     283     282       3136
a     283     291       3136
a     283     275       3136
a     284     344         31
a     284     285       3136
a     284     283       3136
a     284     292       3136
a     284     276       3136
a     285     378         40
a     285     286       3136
a     285     284       3136
a     285     293       3136
a     285     277       3136
a     286     340         18
a     286     287       3136
a     286     285       3136
a     286     294       3136
a     286     278       3136
a     287     347         29
a     287     288       3136
a     287     286       3136
a     287     295       3136
a     287     279       3136
a     288     322         16
a     288     287       3136
a     288     296       3136
a     288     280       3136
a     289     369         30
a     289     290       3136
a     289     297       3136
a     289     281       3136
a     290     345         21
a     290     291       3136
a     290     289       3136
a     290     298       3136
a     290     282       3136
a     291     376         27
a     291     292       3136
a     291     290       3136
a     291     299       3136
a     291     283       3136
a     292     366         42
a     292     293       3136
a     292     291       3136
a     292     300       3136
a     292     284       3136
a     293     334         36
a     293     294       3136
a     293     292       3136
a     293     301       3136
a     293     285       3136
a     294     326         42
a     294     295       3136
a     294     293       3136
a     294     302       3136
a     294     286       3136
a     295     354         23
a     295     296       3136
a     295     294       3136
a     295     303       3136
a     295     287       3136
a     296     348         42
a     296     295       3136
a     296     304       3136
a     296     288       3136
a     297     384         45
a     297     298       3136
a     297     305       3136
a     297     289       3136
a     298     377         33
a     298     299       3136
a     298     297       3136
a     298     306       3136
a     298     290       3136
a     299     330         41
a     299     300       3136
a     299     298       3136
a     299     307       3136
a     299     291       3136
a     300     325         25
a     300     301       3136
a     300     299       3136
a     300     308       3136
a     300     292       3136
a     301     382         33
a     301     302       3136
a     301     300       3136
a     301     309       3136
a     301     293       3136
a     302     339         47
a     302     303       3136
a     302     301       3136
a     302     310       3136
a     302     294       3136
a     303     321         32
a     303     304       3136
a     303     302       3136
a     303     311       3136
a     303     295       3136
a     304     371         29
a     304     303       3136
a     304     312       3136
a     304     296       3136
a     305     329         44
a     305     306       3136
a     305     313       3136
a     305     297       3136
a     306     381         48
a     306     307       3136
a     306     305       3136
a     306     314       3136
a     306     298       3136
a     307     343         20
a     307     308       3136
a     307     306       3136
a     307     315       3136
a     307     299       3136
a     308     346         34
a     308     309       3136
a     308     307       3136
a     308     316       3136
a     308     300       3136
a     309     327         46
a     309     310       3136
a     309     308       3136
a     309     317       3136
a     309     301       3136
a     310     373         18
a     310     311       3136
a     310     309       3136
a     310     318       3136
a     310     302       3136
a     311     355         19
a     311     312       3136
a     311     310       3136
a     311     319       3136
a     311     303       3136
a     312     352         34
a     312     311       3136
a     312     320       3136
a     312     304       3136
a     313     336         40
a     313     314       3136
a     313     305       3136
a     314     341         24
a     314     315       3136
a     314     313       3136
a     314     306       3136
a     315     379         37
a     315     316       3136
a     315     314       3136
a     315     307       3136
a     316     365         47
a     316     317       3136
a     316     315       3136
a     316     308       3136
a     317     337         25
a     317     318       3136
a     317     316       3136
a     317     309       3136
a     318     353         29
a     318     319       3136
a     318     317       3136
a     318     310       3136
a     319     333         31
a     319     320       3136
a     319     318       3136
a     319     311       3136
a     320     342         42
a     320     319       3136
a     320     312       3136
a     321     391         26
a     321     322       3136
a     321     329       3136
a     322     419         20
a     322     323       3136
a     322     321       3136
a     322     330       3136
a     323     403         28
a     323     324       3136
a     323     322       3136
a     323     331       3136
a     324     440         20
a     324     325       3136
a     324     323       3136
a     324     332       3136
a     325     406         37
a     325     326       3136
a     325     324       3136
a     325     333       3136
a     326     400         37
a     326     327       3136
a     326     325       3136
a     326     334       3136
a     327     415         40
a     327     328       3136
a     327     326       3136
a     327     335       3136
a     328     425         41
a     328     327       3136
a     328     336       3136
a     329     417         40
a     329     330       3136
a     329     337       3136
a     329     321       3136
a     330     441         39
a     330     331       3136
a     330     329       3136
a     330     338       3136
a     330     322       3136
a     331     422         48
a     331     332       3136
a     331     330       3136
a     331     339       3136
a     331     323       3136
a     332     396         31
a     332     333       3136
a     332     331       3136
a     332     340       3136
a     332     324       3136
a     333     416         30
a     333     334       3136
a     333     332       3136
a     333     341       3136
a     333     325       3136
a     334     439         28
a     334     335       3136
a     334     333       3136
a     334     342       3136
a     334     326       3136
a     335     398         38
a     335     336       3136
a     335     334       3136
a     335     343       3136
a     335     327       3136
a     336     394         30
a     336     335       3136
a     336     344       3136
a     336     328       3136
a     337     408         27
a     337     338       3136
a     337     345       3136
a     337     329       3136
a     338     443         49
a     338     339       3136
a     338     337       3136
a     338     346       3136
a     338     330       3136
a     339     404         28
a     339     340       3136
a     339     338       3136
a     339     347       3136
a     339     331       3136
a     340     423         27
a     340     341       3136
a     340     339       3136
a     340     348       3136
a     340     332       3136
a     341     429         47
a     341     342       3136
a     341     340       3136
a     341     349       3136
a     341     333       3136
a     342     407         24
a     342     343       3136
a     342     341       3136
a     342     350       3136
a     342     334       3136
a     343     444         33
a     343     344       3136
a     343     342       3136
a     343     351       3136
a     343     335       3136
a     344     397         29
a     344     343       3136
a     344     352       3136
a     344     336       3136
a     345     409         26
a     345     346       3136
a     345     353       3136
a     345     337       3136
a     346     387         34
a     346     347       3136
a     346     345       3136
a     346     354       3136
a     346     338       3136
a     347     442         21
a     347     348       3136
a     347     346       3136
a     347     355       3136
a     347     339       3136
a     348     399         48
a     348     349       3136
a     348     347       3136
a     348     356       3136
a     348     340       3136
a     349     427         32
a     349     350       3136
a     349     348       3136
a     349     357       3136
a     349     341       3136
a     350     410         40
a     350     351       3136
a     350     349       3136
a     350     358       3136
a     350     342       3136
a     351     431         44
a     351     352       3136
a     351     350       3136
a     351     359       3136
a     351     343       3136
a     352     437         26
a     352     351       3136
a     352     360       3136
a     352     344       3136
a     353     414         21
a     353     354       3136
a     353     361       3136
a     353     345       3136
a     354     428         29
a     354     355       3136
a     354     353       3136
a     354     362       3136
a     354     346       3136
a     355     438         17
a     355     356       3136
a     355     354       3136
a     355     363       3136
a     355     347       3136
a     356     447         16
a     356     357       3136
a     356     355       3136
a     356     364       3136
a     356     348       3136
a     357     401         19
a     357     358       3136
a     357     356       3136
a     357     365       3136
a     357     349       3136
a     358     432         30
a     358     359       3136
a     358     357       3136
a     358     366       3136
a     358     350       3136
a     359     418         27
a     359     360       3136
a     359     358       3136
a     359     367       3136
a     359     351       3136
a     360     395         26
a     360     359       3136
a     360     368       3136
a     360     352       3136
a     361     436         38
a     361     362       3136
a     361     369       3136
a     361     353       3136
a     362     426         27
a     362     363       3136
a     362     361       3136
a     362     370       3136
a     362     354       3136
a     363     392         36
a     363     364       3136
a     363     362       3136
a     363     371       3136
a     363     355       3136
a     364     402         16
a     364     365       3136
a     364     363       3136
a     364     372       3136
a     364     356       3136
a     365     445         21
a     365     366       3136
a     365     364       3136
a     365     373       3136
a     365     357       3136
a     366     389         22
a     366     367       3136
a     366     365       3136
a     366     374       3136
a     366     358       3136
a     367     405         36
a     367     368       3136
a     367     366       3136
a     367     375       3136
a     367     359       3136
a     368     386         27
a     368     367       3136
a     368     376       3136
a     368     360       3136
a     369     430         27
a     369     370       3136
a     369     377       3136
a     369     361       3136
a     370     411         26
a     370     371       3136
a     370     369       3136
a     370     378       3136
a     370     362       3136
a     371     420         45
a     371     372       3136
a     371     370       3136
a     371     379       3136
a     371     363       3136
a     372     413         42
a     372     373       3136
a     372     371       3136
a     372     380       3136
a     372     364       3136
a     373     433         18
a     373     374       3136
a     373     372       3136
a     373     381       3136
a     373     365       3136
a     374     434         26
a     374     375       3136
a     374     373       3136
a     374     382       3136
a     374     366       3136
a     375     448         18
a     375     376       3136
a     375     374       3136
a     375     383       3136
a     375     367       3136
a     376     385         16
a     376     375       3136
a     376     384       3136
a     376     368       3136
a     377     424         22
a     377     378       3136
a     377     369       3136
a     378     388         30
a     378     379       3136
a     378     377       3136
a     378     370       3136
a     379     435         33
a     379     380       3136
a     379     378       3136
a     379     371       3136
a     380     421         23
a     380     381       3136
a     380     379       3136
a     380     372       3136
a     381     446         17
a     381     382       3136
a     381     380       3136
a     381     373       3136
a     382     390         21
a     382     383       3136
a     382     381       3136
a     382     374       3136
a     383     412         32
a     383     384       3136
a     383     382       3136
a     383     375       3136
a     384     393         28
a     384     383       3136
a     384     376       3136
a     385     483         16
a     385     386       3136
a     385     393       3136
a     386     492         32
a     386     387       3136
a     386     385       3136
a     386     394       3136
a     387     470         46
a     387     388       3136
a     387     386       3136
a     387     395       3136
a     388     479         47
a     388     389       3136
a     388     387       3136
a     388     396       3136
a     389     512         19
a     389     390       3136
a     389     388       3136
a     389     397       3136
a     390     453         46
a     390     391       3136
a     390     389       3136
a     390     398       3136
a     391     497         43
a     391     392       3136
a     391     390       3136
a     391     399       3136
a     392     495         29
a     392     391       3136
a     392     400       3136
a     393     472         29
a     393     394       3136
a     393     401       3136
a     393     385       3136
a     394     503         22
a     394     395       3136
a     394     393       3136
a     394     402       3136
a     394     386       3136
a     395     487         34
a     395     396       3136
a     395     394       3136
a     395     403       3136
a     395     387       3136
a     396     511         20
a     396     397       3136
a     396     395       3136
a     396     404       3136
a     396     388       3136
a     397     475         22
a     397     398       3136
a     397     396       3136
a     397     405       3136
a     397     389       3136
a     398     490         34
a     398     399       3136
a     398     397       3136
a     398     406       3136
a     398     390       3136
a     399     465         31
a     399     400       3136
a     399     398       3136
a     399     407       3136
a     399     391       3136
a     400     498         29
a     400     399       3136
a     400     408       3136
a     400     392       3136
a     401     460         26
a     401     402       3136
a     401     409       3136
a     401     393       3136
a     402     462         45
a     402     403       3136
a     402     401       3136
a     402     410       3136
a     402     394       3136
a     403     468         28
a     403     404       3136
a     403     402       3136
a     403     411       3136
a     403     395       3136
a     404     464         42
a     404     405       3136
a     404     403       3136
a     404     412       3136
a     404     396       3136
a     405     449         21
a     405     406       3136
a     405     404       3136
a     405     413       3136
a     405     397       3136
a     406     506         42
a     406     407       3136
a     406     405       3136
a     406     414       3136
a     406     398       3136
a     407     499         38
a     407     408       3136
a     407     406       3136
a     407     415       3136
a     407     399       3136
a     408     459         18
a     408     407       3136
a     408     416       3136
a     408     400       3136
a     409     476         22
a     409     410       3136
a     409     417       3136
a     409     401       3136
a     410     452         39
a     410     411       3136
a     410     409       3136
a     410     418       3136
a     410     402       3136
a     411     496         44
a     411     412       3136
a     411     410       3136
a     411     419       3136
a     411     403       3136
a     412     489         16
a     412     413       3136
a     412     411       3136
a     412     420       3136
a     412     404       3136
a     413     482         32
a     413     414       3136
a     413     412       3136
a     413     421       3136
a     413     405       3136
a     414     467         23
a     414     415       3136
a     414     413       3136
a     414     422       3136
a     414     406       3136
a     415     501         36
a     415     416       3136
a     415     414       3136
a     415     423       3136
a     415     407       3136
a     416     480         34
a     416     415       3136
a     416     424       3136
a     416     408       3136
a     417     473         22
a     417     418       3136
a     417     425       3136
a     417     409       3136
a     418     494         35
a     418     419       3136
a     418     417       3136
a     418     426       3136
a     418     410       3136
a     419     504         47
a     419     420       3136
a     419     418       3136
a     419     427       3136
a     419     411       3136
a     420     471         17
a     420     421       3136
a     420     419       3136
a     420     428       3136
a     420     412       3136
a     421     485         19
a     421     422       3136
a     421     420       3136
a     421     429       3136
a     421     413       3136
a     422     493         41
a     422     423       3136
a     422     421       3136
a     422     430       3136
a     422     414       3136
a     423     461         21
a     423     424       3136
a     423     422       3136
a     423     431       3136
a     423     415       3136
a     424     454         43
a     424     423       3136
a     424     432       3136
a     424     416       3136
a     425     491         26
a     425     426       3136
a     425     433       3136
a     425     417       3136
a     426     484         36
a     426     427       3136
a     426     425       3136
a     426     434       3136
a     426     418       3136
a     427     500         47
a     427     428       3136
a     427     426       3136
a     427     435       3136
a     427     419       3136
a     428     457         23
a     428     429       3136
a     428     427       3136
a     428     436       3136
a     428     420       3136
a     429     502         44
a     429     430       3136
a     429     428       3136
a     429     437       3136
a     429     421       3136
a     430     510         39
a     430     431       3136
a     430     429       3136
a     430     438       3136
a     430     422       3136
a     431     463         16
a     431     432       3136
a     431     430       3136
a     431     439       3136
a     431     423       3136
a     432     458         44
a     432     431       3136
a     432     440       3136
a     432     424       3136
a     433     488         45
a     433     434       3136
a     433     441       3136
a     433     425       3136
a     434     505         16
a     434     435       3136
a     434     433       3136
a     434     442       3136
a     434     426       3136
a     435     478         25
a     435     436       3136
a     435     434       3136
a     435     443       3136
a     435     427       3136
a     436     486         25
a     436     437       3136
a     436     435       3136
a     436     444       3136
a     436     428       3136
a     437     509         42
a     437     438       3136
a     437     436       3136
a     437     445       3136
a     437     429       3136
a     438     477         46
a     438     439       3136
a     438     437       3136
a     438     446       3136
a     438     430       3136
a     439     466         45
a     439     440       3136
a     439     438       3136
a     439     447       3136
a     439     431       3136
a     440     507         20
a     440     439       3136
a     440     448       3136
a     440     432       3136
a     441     474         34
a     441     442       3136
a     441     433       3136
a     442     456         19
a     442     443       3136
a     442     441       3136
a     442     434       3136
a     443     469         22
a     443     444       3136
a     443     442       3136
a     443     435       3136
a     444     450         16
a     444     445       3136
a     444     443       3136
a     444     436       3136
a     445     481         27
a     445     446       3136
a     445     444       3136
a     445     437       3136
a     446     508         45
a     446     447       3136
a     446     445       3136
a     446     438       3136
a     447     455         20
a     447     448       3136
a     447     446       3136
a     447     439       3136
a     448     451         41
a     448     447       3136
a     448     440       3136
a     449     539         18
a     449     450       3136
a     449     457       3136
a     450     555         46
a     450     451       3136
a     450     449       3136
a     450     458       3136
a     451     556         20
a     451     452       3136
a     451     450       3136
a     451     459       3136
a     452     575         32
a     452     453       3136
a     452     451       3136
a     452     460       3136
a     453     517         22
a     453     454       3136
a     453     452       3136
a     453     461       3136
a     454     545         44
a     454     455       3136
a     454     453       3136
a     454     462       3136
a     455     542         48
a     455     456       3136
a     455     454       3136
a     455     463       3136
a     456     543         24
a     456     455       3136
a     456     464       3136
a     457     569         35
a     457     458       3136
a     457     465       3136
a     457     449       3136
a     458     534         37
a     458     459       3136
a     458     457       3136
a     458     466       3136
a     458     450       3136
a     459     527         19
a     459     460       3136
a     459     458       3136
a     459     467       3136
a     459     451       3136
a     460     549         25
a     460     461       3136
a     460     459       3136
a     460     468       3136
a     460     452       3136
a     461     524         19
a     461     462       3136
a     461     460       3136
a     461     469       3136
a     461     453       3136
a     462     554         16
a     462     463       3136
a     462     461       3136
a     462     470       3136
a     462     454       3136
a     463     573         43
a     463     464       3136
a     463     462       3136
a     463     471       3136
a     463     455       3136
a     464     566         46
a     464     463       3136
a     464     472       3136
a     464     456       3136
a     465     518         44
a     465     466       3136
a     465     473       3136
a     465     457       3136
a     466     525         30
a     466     467       3136
a     466     465       3136
a     466     474       3136
a     466     458       3136
a     467     574         37
a     467     468       3136
a     467     466       3136
a     467     475       3136
a     467     459       3136
a     468     562         32
a     468     469       3136
a     468     467       3136
a     468     476       3136
a     468     460       3136
a     469     531         44
a     469     470       3136
a     469     468       3136
a     469     477       3136
a     469     461       3136
a     470     514         17
a     470     471       3136
a     470     469       3136
a     470     478       3136
a     470     462       3136
a     471     547         37
a     471     472       3136
a     471     470       3136
a     471     479       3136
a     471     463       3136
a     472     532         43
a     472     471       3136
a     472     480       3136
a     472     464       3136
a     473     521         48
a     473     474       3136
a     473     481       3136
a     473     465       3136
a     474     571         44
a     474     475       3136
a     474     473       3136
a     474     482       3136
a     474     466       3136
a     475     520         37
a     475     476       3136
a     475     474       3136
a     475     483       3136
a     475     467       3136
a     476     558         49
a     476     477       3136
a     476     475       3136
a     476     484       3136
a     476     468       3136
a     477     540         44
a     477     478       3136
a     477     476       3136
a     477     485       3136
a     477     469       3136
a     478     568         36
a     478     479       3136
a     478     477       3136
a     478     486       3136
a     478     470       3136
a     479     576         16
a     479     480       3136
a     479     478       3136
a     479     487       3136
a     479     471       3136
a     480     559         37
a     480     479       3136
a     480     488       3136
a     480     472       3136
a     481     567         17
a     481     482       3136
a     481     489       3136
a     481     473       3136
a     482     548         31
a     482     483       3136
a     482     481       3136
a     482     490       3136
a     482     474       3136
a     483     541         37
a     483     484       3136
a     483     482       3136
a     483     491       3136
a     483     475       3136
a     484     565         48
a     484     485       3136
a     484     483       3136
a     484     492       3136
a     484     476       3136
a     485     519         20
a     485     486       3136
a     485     484       3136
a     485     493       3136
a     485     477       3136
a     486     522         17
a     486     487       3136
a     486     485       3136
a     486     494       3136
a     486     478       3136
a     487     537         24
a     487     488       3136
a     487     486       3136
a     487     495       3136
a     487     479       3136
a     488     528         29
a     488     487       3136
a     488     496       3136
a     488     480       3136
a     489     529         28
a     489     490       3136
a     489     497       3136
a     489     481       3136
a     490     553         31
a     490     491       3136
a     490     489       3136
a     490     498       3136
a     490     482       3136
a     491     523         17
a     491     492       3136
a     491     490       3136
a     491     499       3136
a     491     483       3136
a     492     533         28
a     492     493       3136
a     492     491       3136
a     492     500       3136
a     492     484       3136
a     493     530         17
a     493     494       3136
a     493     492       3136
a     493     501       3136
a     493     485       3136
a     494     563         17
a     494     495       3136
a     494     493       3136
a     494     502       3136
a     494     486       3136
a     495     551         23
a     495     496       3136
a     495     494       3136
a     495     503       3136
a     495     487       3136
a     496     561         42
a     496     495       3136
a     496     504       3136
a     496     488       3136
a     497     544         38
a     497     498       3136
a     497     505       3136
a     497     489       3136
a     498     526         46
a     498     499       3136
a     498     497       3136
a     498     506       3136
a     498     490       3136
a     499     550         29
a     499     500       3136
a     499     498       3136
a     499     507       3136
a     499     491       3136
a     500     564         42
a     500     501       3136
a     500     499       3136
a     500     508       3136
a     500     492       3136
a     501     538         29
a     501     502       3136
a     501     500       3136
a     501     509       3136
a     501     493       3136
a     502     513         45
a     502     503       3136
a     502     501       3136
a     502     510       3136
a     502     494       3136
a     503     535         26
a     503     504       3136
a     503     502       3136
a     503     511       3136
a     503     495       3136
a     504     560         25
a     504     503       3136
a     504     512       3136
a     504     496       3136
a     505     515         18
a     505     506       3136
a     505     497       3136
a     506     516         27
a     506     507       3136
a     506     505       3136
a     506     498       3136
a     507     572         34
a     507     508       3136
a     507     506       3136
a     507     499       3136
a     508     552         27
a     508     509       3136
a     508     507       3136
a     508     500       3136
a     509     570         20
a     509     510       3136
a     509     508       3136
a     509     501       3136
a     510     557         40
a     510     511       3136
a     510     509       3136
a     510     502       3136
a     511     546         43
a     511     512       3136
a     511     510       3136
a     511     503       3136
a     512     536         35
a     512     511       3136
a     512     504       3136
a     513     607         17
a     513     514       3136
a     513     521       3136
a     514     589         27
a     514     515       3136
a     514     513       3136
a     514     522       3136
a     515     617         18
a     515     516       3136
a     515     514       3136
a     515     523       3136
a     516     598         32
a     516     517       3136
a     516     515       3136
a     516     524       3136
a     517     599         29
a     517     518       3136
a     517     516       3136
a     517     525       3136
a     518     582         43
a     518     519       3136
a     518     517       3136
a     518     526       3136
a     519     627         20
a     519     520       3136
a     519     518       3136
a     519     527       3136
a     520     616         29
a     520     519       3136
a     520     528       3136
a     521     602         43
a     521     522       3136
a     521     529       3136
a     521     513       3136
a     522     578         26
a     522     523       3136
a     522     521       3136
a     522     530       3136
a     522     514       3136
a     523     579         35
a     523     524       3136
a     523     522       3136
a     523     531       3136
a     523     515       3136
a     524     623         44
a     524     525       3136
a     524     523       3136
a     524     532       3136
a     524     516       3136
a     525     621         33
a     525     526       3136
a     525     524       3136
a     525     533       3136
a     525     517       3136
a     526     591         23
a     526     527       3136
a     526     525       3136
a     526     534       3136
a     526     518       3136
a     527     631         20
a     527     528       3136
a     527     526       3136
a     527     535       3136
a     527     519       3136
a     528     613         25
a     528     527       3136
a     528     536       3136
a     528     520       3136
a     529     601         22
a     529     530       3136
a     529     537       3136
a     529     521       3136
a     530     637         29
a     530     531       3136
a     530     529       3136
a     530     538       3136
a     530     522       3136
a     531     614         17
a     531     532       3136
a     531     530       3136
a     531     539       3136
a     531     523       3136
a     532     624         28
a     532     533       3136
a     532     531       3136
a     532     540       3136
a     532     524       3136
a     533     626         48
a     533     534       3136
a     533     532       3136
a     533     541       3136
a     533     525       3136
a     534     590         30
a     534     535       3136
a     534     533       3136
a     534     542       3136
a     534     526       3136
a     535     592         35
a     535     536       3136
a     535     534       3136
a     535     543       3136
a     535     527       3136
a     536     595         31
a     536     535       3136
a     536     544       3136
a     536     528       3136
a     537     581         38
a     537     538       3136
a     537     545       3136
a     537     529       3136
a     538     587         40
a     538     539       3136
a     538     537       3136
a     538     546       3136
a     538     530       3136
a     539     612         23
a     539     540       3136
a     539     538       3136
a     539     547       3136
a     539     531       3136
a     540     630         19
a     540     541       3136
a     540     539       3136
a     540     548       3136
a     540     532       3136
a     541     597         35
a     541     542       3136
a     541     540       3136
a     541     549       3136
a     541     533       3136
a     542     585         21
a     542     543       3136
a     542     541       3136
a     542     550       3136
a     542     534       3136
a     543     608         25
a     543     544       3136
a     543     542       3136
a     543     551       3136
a     543     535       3136
a     544     609         38
a     544     543       3136
a     544     552       3136
a     544     536       3136
a     545     632         37
a     545     546       3136
a     545     553       3136
a     545     537       3136
a     546     593         32
a     546     547       3136
a     546     545       3136
a     546     554       3136
a     546     538       3136
a     547     636         41
a     547     548       3136
a     547     546       3136
a     547     555       3136
a     547     539       3136
a     548     603         37
a     548     549       3136
a     548     547       3136
a     548     556       3136
a     548     540       3136
a     549     634         43
a     549     550       3136
a     549     548       3136
a     549     557       3136
a     549     541       3136
a     550     580         39
a     550     551       3136
a     550     549       3136
a     550     558       3136
a     550     542       3136
a     551     610         23
a     551     552       3136
a     551     550       3136
a     551     559       3136
a     551     543       3136
a     552     629         17
a     552     551       3136
a     552     560       3136
a     552     544       3136
a     553     619         34
a     553     554       3136
a     553     561       3136
a     553     545       3136
a     554     588         37
a     554     555       3136
a     554     553       3136
a     554     562       3136
a     554     546       3136
a     555     639         41
a     555     556       3136
a     555     554       3136
a     555     563       3136
a     555     547       3136
a     556     622         29
a     556     557       3136
a     556     555       3136
a     556     564       3136
a     556     548       3136
a     557     605         40
a     557     558       3136
a     557     556       3136
a     557     565       3136
a     557     549       3136
a     558     635         21
a     558     559       3136
a     558     557       3136
a     558     566       3136
a     558     550       3136
a     559     611         36
a     559     560       3136
a     559     558       3136
a     559     567       3136
a     559     551       3136
a     560     638         34
a     560     559       3136
a     560     568       3136
a     560     552       3136
a     561     577         20
a     561     562       3136
a     561     569       3136
a     561     553       3136
a     562     633         46
a     562     563       3136
a     562     561       3136
a     562     570       3136
a     562     554       3136
a     563     586         40
a     563     564       3136
a     563     562       3136
a     563     571       3136
a     563     555       3136
a     564     628         34
a     564     565       3136
a     564     563       3136
a     564     572       3136
a     564     556       3136
a     565     625         38
a     565     566       3136
a     565     564       3136
a     565     573       3136
a     565     557       3136
a     566     584         18
a     566     567       3136
a     566     565       3136
a     566     574       3136
a     566     558       3136
a     567     640         30
a     567     568       3136
a     567     566       3136
a     567     575       3136
a     567     559       3136
a     568     596         26
a     568     567       3136
a     568     576       3136
a     568     560       3136
a     569     604         39
a     569     570       3136
a     569     561       3136
a     570     606         24
a     570     571       3136
a     570     569       3136
a     570     562       3136
a     571     618         23
a     571     572       3136
a     571     570       3136
a     571     563       3136
a     572     594         42
a     572     573       3136
a     572     571       3136
a     572     564       3136
a     573     600         49
a     573     574       3136
a     573     572       3136
a     573     565       3136
a     574     583         32
a     574     575       3136
a     574     573       3136
a     574     566       3136
a     575     620         26
a     575     576       3136
a     575     574       3136
a     575     567       3136
a     576     615         41
a     576     575       3136
a     576     568       3136
a     577     654         27
a     577     578       3136
a     577     585       3136
a     578     691         30
a     578     579       3136
a     578     577       3136
a     578     586       3136
a     579     702         43
a     579     580       3136
a     579     578       3136
a     579     587       3136
a     580     703         16
a     580     581       3136
a     580     579       3136
a     580     588       3136
a     581     694         45
a     581     582       3136
a     581     580       3136
a     581     589       3136
a     582     685         30
a     582     583       3136
a     582     581       3136
a     582     590       3136
a     583     660         31
a     583     584       3136
a     583     582       3136
a     583     591       3136
a     584     663         18
a     584     583       3136
a     584     592       3136
a     585     704         18
a     585     586       3136
a     585     593       3136
a     585     577       3136
a     586     682         38
a     586     587       3136
a     586     585       3136
a     586     594       3136
a     586     578       3136
a     587     687         32
a     587     588       3136
a     587     586       3136
a     587     595       3136
a     587     579       3136
a     588     681         44
a     588     589       3136
a     588     587       3136
a     588     596       3136
a     588     580       3136
a     589     657         46
a     589     590       3136
a     589     588       3136
a     589     597       3136
a     589     581       3136
a     590     683         43
a     590     591       3136
a     590     589       3136
a     590     598       3136
a     590     582       3136
a     591     679         37
a     591     592       3136
a     591     590       3136
a     591     599       3136
a     591     583       3136
a     592     647         26
a     592     591       3136
a     592     600       3136
a     592     584       3136
a     593     680         30
a     593     594       3136
a     593     601       3136
a     593     585       3136
a     594     646         43
a     594     595       3136
a     594     593       3136
a     594     602       3136
a     594     586       3136
a     595     653         30
a     595     596       3136
a     595     594       3136
a     595     603       3136
a     595     587       3136
a     596     693         32
a     596     597       3136
a     596     595       3136
a     596     604       3136
a     596     588       3136
a     597     701         43
a     597     598       3136
a     597     596       3136
a     597     605       3136
a     597     589       3136
a     598     651         42
a     598     599       3136
a     598     597       3136
a     598     606       3136
a     598     590       3136
a     599     699         23
a     599     600       3136
a     599     598       3136
a     599     607       3136
a     599     591       3136
a     600     668         19
a     600     599       3136
a     600     608       3136
a     600     592       3136
a     601     667         36
a     601     602       3136
a     601     609       3136
a     601     593       3136
a     602     676         31
a     602     603       3136
a     602     601       3136
a     602     610       3136
a     602     594       3136
a     603     644         28
a     603     604       3136
a     603     602       3136
a     603     611       3136
a     603     595       3136
a     604     686         36
a     604     605       3136
a     604     603       3136
a     604     612       3136
a     604     596       3136
a     605     671         36
a     605     606       3136
a     605     604       3136
a     605     613       3136
a     605     597       3136
a     606     650         24
a     606     607       3136
a     606     605       3136
a     606     614       3136
a     606     598       3136
a     607     669         39
a     607     608       3136
a     607     606       3136
a     607     615       3136
a     607     599       3136
a     608     664         28
a     608     607       3136
a     608     616       3136
a     608     600       3136
a     609     642         16
a     609     610       3136
a     609     617       3136
a     609     601       3136
a     610     700         30
a     610     611       3136
a     610     609       3136
a     610     618       3136
a     610     602       3136
a     611     649         26
a     611     612       3136
a     611     610       3136
a     611     619       3136
a     611     603       3136
a     612     652         42
a     612     613       3136
a     612     611       3136
a     612     620       3136
a     612     604       3136
a     613     696         42
a     613     614       3136
a     613     612       3136
a     613     621       3136
a     613     605       3136
a     614     675         26
a     614     615       3136
a     614     613       3136
a     614     622       3136
a     614     606       3136
a     615     643         49
a     615     616       3136
a     615     614       3136
a     615     623       3136
a     615     607       3136
a     616     698         22
a     616     615       3136
a     616     624       3136
a     616     608       3136
a     617     670         24
a     617     618       3136
a     617     625       3136
a     617     609       3136
a     618     648         35
a     618     619       3136
a     618     617       3136
a     618     626       3136
a     618     610       3136
a     619     645         34
a     619     620       3136
a     619     618       3136
a     619     627       3136
a     619     611       3136
a     620     656         44
a     620     621       3136
a     620     619       3136
a     620     628       3136
a     620     612       3136
a     621     695         27
a     621     622       3136
a     621     620       3136
a     621     629       3136
a     621     613       3136
a     622     641         25
a     622     623       3136
a     622     621       3136
a     622     630       3136
a     622     614       3136
a     623     697         34
a     623     624       3136
a     623     622       3136
a     623     631       3136
a     623     615       3136
a     624     677         21
a     624     623       3136
a     624     632       3136
a     624     616       3136
a     625     692         29
a     625     626       3136
a     625     633       3136
a     625     617       3136
a     626     655         20
a     626     627       3136
a     626     625       3136
a     626     634       3136
a     626     618       3136
a     627     688         19
a     627     628       3136
a     627     626       3136
a     627     635       3136
a     627     619       3136
a     628     678         44
a     628     629       3136
a     628     627       3136
a     628     636       3136
a     628     620       3136
a     629     689         43
a     629     630       3136
a     629     628       3136
a     629     637       3136
a     629     621       3136
a     630     662         35
a     630     631       3136
a     630     629       3136
a     630     638       3136
a     630     622       3136
a     631     690         28
a     631     632       3136
a     631     630       3136
a     631     639       3136
a     631     623       3136
a     632     672         43
a     632     631       3136
a     632     640       3136
a     632     624       3136
a     633     659         49
a     633     634       3136
a     633     625       3136
a     634     684         19
a     634     635       3136
a     634     633       3136
a     634     626       3136
a     635     674         31
a     635     636       3136
a     635     634       3136
a     635     627       3136
a     636     673         47
a     636     637       3136
a     636     635       3136
a     636     628       3136
a     637     658         18
a     637     638       3136
a     637     636       3136
a     637     629       3136
a     638     666         20
a     638     639       3136
a     638     637       3136
a     638     630       3136
a     639     665         35
a     639     640       3136
a     639     638       3136
a     639     631       3136
a     640     661         33
a     640     639       3136
a     640     632       3136
a     641     726         33
a     641     642       3136
a     641     649       3136
a     642     727         42
a     642     643       3136
a     642     641       3136
a     642     650       3136
a     643     716         18
a     643     644       3136
a     643     642       3136
a     643     651       3136
a     644     766         37
a     644     645       3136
a     644     643       3136
a     644     652       3136
a     645     768         24
a     645     646       3136
a     645     644       3136
a     645     653       3136
a     646     763         17
a     646     647       3136
a     646     645       3136
a     646     654       3136
a     647     741         47
a     647     648       3136
a     647     646       3136
a     647     655       3136
a     648     732         21
a     648     647       3136
a     648     656       3136
a     649     755         32
a     649     650       3136
a     649     657       3136
a     649     641       3136
a     650     718         39
a     650     651       3136
a     650     649       3136
a     650     658       3136
a     650     642       3136
a     651     710         46
a     651     652       3136
a     651     650       3136
a     651     659       3136
a     651     643       3136
a     652     723         37
a     652     653       3136
a     652     651       3136
a     652     660       3136
a     652     644       3136
a     653     725         37
a     653     654       3136
a     653     652       3136
a     653     661       3136
a     653     645       3136
a     654     712         21
a     654     655       3136
a     654     653       3136
a     654     662       3136
a     654     646       3136
a     655     715         47
a     655     656       3136
a     655     654       3136
a     655     663       3136
a     655     647       3136
a     656     714         37
a     656     655       3136
a     656     664       3136
a     656     648       3136
a     657     761         17
a     657     658       3136
a     657     665       3136
a     657     649       3136
a     658     706         38
a     658     659       3136
a     658     657       3136
a     658     666       3136
a     658     650       3136
a     659     722         42
a     659     660       3136
a     659     658       3136
a     659     667       3136
a     659     651       3136
a     660     736         24
a     660     661       3136
a     660     659       3136
a     660     668       3136
a     660     652       3136
a     661     744         48
a     661     662       3136
a     661     660       3136
a     661     669       3136
a     661     653       3136
a     662     753         42
a     662     663       3136
a     662     661       3136
a     662     670       3136
a     662     654       3136
a     663     767         21
a     663     664       3136
a     663     662       3136
a     663     671       3136
a     663     655       3136
a     664     746         20
a     664     663       3136
a     664     672       3136
a     664     656       3136
a     665     719         45
a     665     666       3136
a     665     673       3136
a     665     657       3136
a     666     759         23
a     666     667       3136
a     666     665       3136
a     666     674       3136
a     666     658       3136
a     667     707         23
a     667     668       3136
a     667     666       3136
a     667     675       3136
a     667     659       3136
a     668     756         23
a     668     669       3136
a     668     667       3136
a     668     676       3136
a     668     660       3136
a     669     747         34
a     669     670       3136
a     669     668       3136
a     669     677       3136
a     669     661       3136
a     670     762         29
a     670     671       3136
a     670     669       3136
a     670     678       3136
a     670     662       3136
a     671     758         44
a     671     672       3136
a     671     670       3136
a     671     679       3136
a     671     663       3136
a     672     717         41
a     672     671       3136
a     672     680       3136
a     672     664       3136
a     673     764         48
a     673     674       3136
a     673     681       3136
a     673     665       3136
a     674     754         34
a     674     675       3136
a     674     673       3136
a     674     682       3136
a     674     666       3136
a     675     740         34
a     675     676       3136
a     675     674       3136
a     675     683       3136
a     675     667       3136
a     676     733         16
a     676     677       3136
a     676     675       3136
a     676     684       3136
a     676     668       3136
a     677     749         49
a     677     678       3136
a     677     676       3136
a     677     685       3136
a     677     669       3136
a     678     728         30
a     678     679       3136
a     678     677       3136
a     678     686       3136
a     678     670       3136
a     679     750         39
a     679     680       3136
a     679     678       3136
a     679     687       3136
a     679     671       3136
a     680     724         34
a     680     679       3136
a     680     688       3136
a     680     672       3136
a     681     745         47
a     681     682       3136
a     681     689       3136
a     681     673       3136
a     682     752         21
a     682     683       3136
a     682     681       3136
a     682     690       3136
a     682     674       3136
a     683     751         27
a     683     684       3136
a     683     682       3136
a     683     691       3136
a     683     675       3136
a     684     709         24
a     684     685       3136
a     684     683       3136
a     684     692       3136
a     684     676       3136
a     685     729         43
a     685     686       3136
a     685     684       3136
a     685     693       3136
a     685     677       3136
a     686     734         46
a     686     687       3136
a     686     685       3136
a     686     694       3136
a     686     678       3136
a     687     742         45
a     687     688       3136
a     687     686       3136
a     687     695       3136
a     687     679       3136
a     688     708         29
a     688     687       3136
a     688     696       3136
a     688     680       3136
a     689     730         19
a     689     690       3136
a     689     697       3136
a     689     681       3136
a     690     735         20
a     690     691       3136
a     690     689       3136
a     690     698       3136
a     690     682       3136
a     691     743         39
a     691     692       3136
a     691     690       3136
a     691     699       3136
a     691     683       3136
a     692     738         27
a     692     693       3136
a     692     691       3136
a     692     700       3136
a     692     684       3136
a     693     757         44
a     693     694       3136
a     693     692       3136
a     693     701       3136
a     693     685       3136
a     694     720         46
a     694     695       3136
a     694     693       3136
a     694     702       3136
a     694     686       3136
a     695     748         16
a     695     696       3136
a     695     694       3136
a     695     703       3136
a     695     687       3136
a     696     765         46
a     696     695       3136
a     696     704       3136
a     696     688       3136
a     697     737         37
a     697     698       3136
a     697     689       3136
a     698     711         26
a     698     699       3136
a     698     697       3136
a     698     690       3136
a     699     721         48
a     699     700       3136
a     699     698       3136
a     699     691       3136
a     700     739         43
a     700     701       3136
a     700     699       3136
a     700     692       3136
a     701     760         49
a     701     702       3136
a     701     700       3136
a     701     693       3136
a     702     705         17
a     702     703       3136
a     702     701       3136
a     702     694       3136
a     703     713         37
a     703     704       3136
a     703     702       3136
a     703     695       3136
a     704     731         16
a     704     703       3136
a     704     696       3136
a     705     706       3136
a     705     713       3136
a     706     707       3136
a     706     705       3136
a     706     714       3136
a     707     708       3136
a     707     706       3136
a     707     715       3136
a     708     709       3136
a     708     707       3136
a     708     716       3136
a     709     710       3136
a     709     708       3136
a     709     717       3136
a     710     711       3136
a     710     709       3136
a     710     718       3136
a     711     712       3136
a     711     710       3136
a     711     719       3136
a     712     711       3136
a     712     720       3136
a     713     714       3136
a     713     721       3136
a     713     705       3136
a     714     715       3136
a     714     713       3136
a     714     722       3136
a     714     706       3136
a     715     716       3136
a     715     714       3136
a     715     723       3136
a     715     707       3136
a     716     717       3136
a     716     715       3136
a     716     724       3136
a     716     708       3136
a     717     718       3136
a     717     716       3136
a     717     725       3136
a     717     709       3136
a     718     719       3136
a     718     717       3136
a     718     726       3136
a     718     710       3136
a     719     720       3136
a     719     718       3136
a     719     727       3136
a     719     711       3136
a     720     719       3136
a     720     728       3136
a     720     712       3136
a     721     722       3136
a     721     729       3136
a     721     713       3136
a     722     723       3136
a     722     721       3136
a     722     730       3136
a     722     714       3136
a     723     724       3136
a     723     722       3136
a     723     731       3136
a     723     715       3136
a     724     725       3136
a     724     723       3136
a     724     732       3136
a     724     716       3136
a     725     726       3136
a     725     724       3136
a     725     733       3136
a     725     717       3136
a     726     727       3136
a     726     725       3136
a     726     734       3136
a     726     718       3136
a     727     728       3136
a     727     726       3136
a     727     735       3136
a     727     719       3136
a     728     727       3136
a     728     736       3136
a     728     720       3136
a     729     730       3136
a     729     737       3136
a     729     721       3136
a     730     731       3136
a     730     729       3136
a     730     738       3136
a     730     722       3136
a     731     732       3136
a     731     730       3136
a     731     739       3136
a     731     723       3136
a     732     733       3136
a     732     731       3136
a     732     740       3136
a     732     724       3136
a     733     734       3136
a     733     732       3136
a     733     741       3136
a     733     725       3136
a     734     735       3136
a     734     733       3136
a     734     742       3136
a     734     726       3136
a     735     736       3136
a     735     734       3136
a     735     743       3136
a     735     727       3136
a     736     735       3136
a     736     744       3136
a     736     728       3136
a     737     738       3136
a     737     745       3136
a     737     729       3136
a     738     739       3136
a     738     737       3136
a     738     746       3136
a     738     730       3136
a     739     740       3136
a     739     738       3136
a     739     747       3136
a     739     731       3136
a     740     741       3136
a     740     739       3136
a     740     748       3136
a     740     732       3136
a     741     742       3136
a     741     740       3136
a     741     749       3136
a     741     733       3136
a     742     743       3136
a     742     741       3136
a     742     750       3136
a     742     734       3136
a     743     744       3136
a     743     742       3136
a     743     751       3136
a     743     735       3136
a     744     743       3136
a     744     752       3136
a     744     736       3136
a     745     746       3136
a     745     753       3136
a     745     737       3136
a     746     747       3136
a     746     745       3136
a     746     754       3136
a     746     738       3136
a     747     748       3136
a     747     746       3136
a     747     755       3136
a     747     739       3136
a     748     749       3136
a     748     747       3136
a     748     756       3136
a     748     740       3136
a     749     750       3136
a     749     748       3136
a     749     757       3136
a     749     741       3136
a     750     751       3136
a     750     749       3136
a     750     758       3136
a     750     742       3136
a     751     752       3136
a     751     750       3136
a     751     759       3136
a     751     743       3136
a     752     751       3136
a     752     760       3136
a     752     744       3136
a     753     754       3136
a     753     761       3136
a     753     745       3136
a     754     755       3136
a     754     753       3136
a     754     762       3136
a     754     746       3136
a     755     756       3136
a     755     754       3136
a     755     763       3136
a     755     747       3136
a     756     757       3136
a     756     755       3136
a     756     764       3136
a     756     748       3136
a     757     758       3136
a     757     756       3136
a     757     765       3136
a     757     749       3136
a     758     759       3136
a     758     757       3136
a     758     766       3136
a     758     750       3136
a     759     760       3136
a     759     758       3136
a     759     767       3136
a     759     751       3136
a     760     759       3136
a     760     768       3136
a     760     752       3136
a     761     762       3136
a     761     753       3136
a     762     763       3136
a     762     761       3136
a     762     754       3136
a     763     764       3136
a     763     762       3136
a     763     755       3136
a     764     765       3136
a     764     763       3136
a     764     756       3136
a     765     766       3136
a     765     764       3136
a     765     757       3136
a     766     767       3136
a     766     765       3136
a     766     758       3136
a     767     768       3136
a     767     766       3136
a     767     759       3136
a     768     767       3136
a     768     760       3136
