c This file was generated by genrmf.
c The parameters are: a: 5 b: 12 c1: 341 c2: 683 seed: 1666103673
p max     300       1235
n       1 s
n     300 t
a       1      28        677
a       1       2      17075
a       1       6      17075
a       2      31        563
a       2       3      17075
a       2       1      17075
a       2       7      17075
a       3      27        484
a       3       4      17075
a       3       2      17075
a       3       8      17075
a       4      46        392
a       4       5      17075
a       4       3      17075
a       4       9      17075
a       5      29        592
a       5       4      17075
a       5      10      17075
a       6      43        401
a       6       7      17075
a       6      11      17075
a       6       1      17075
a       7      41        451
a       7       8      17075
a       7       6      17075
a       7      12      17075
a       7       2      17075
a       8      33        619
a       8       9      17075
a       8       7      17075
a       8      13      17075
a       8       3      17075
a       9      47        551
a       9      10      17075
a       9       8      17075
a       9      14      17075
a       9       4      17075
a      10      40        405
a      10       9      17075
a      10      15      17075
a      10       5      17075
a      11      34        412
a      11      12      17075
a      11      16      17075
a      11       6      17075
a      12      42        452
a      12      13      17075
a      12      11      17075
a      12      17      17075
a      12       7      17075
a      13      32        362
a      13      14      17075
a      13      12      17075
a      13      18      17075
a      13       8      17075
a      14      48        639
a      14      15      17075
a      14      13      17075
a      14      19      17075
a      14       9      17075
a      15      49        453
a      15      14      17075
a      15      20      17075
a      15      10      17075
a      16      38        525
a      16      17      17075
a      16      21      17075
a      16      11      17075
a      17      44        619
a      17      18      17075
a      17      16      17075
a      17      22      17075
a      17      12      17075
a      18      50        353
a      18      19      17075
a      18      17      17075
a      18      23      17075
a      18      13      17075
a      19      36        590
a      19      20      17075
a      19      18      17075
a      19      24      17075
a      19      14      17075
a      20      30        556
a      20      19      17075
a      20      25      17075
a      20      15      17075
a      21      45        373
a      21      22      17075
a      21      16      17075
a      22      35        593
a      22      23      17075
a      22      21      17075
a      22      17      17075
a      23      37        464
a      23      24      17075
a      23      22      17075
a      23      18      17075
a      24      39        664
a      24      25      17075
a      24      23      17075
a      24      19      17075
a      25      26        467
a      25      24      17075
a      25      20      17075
a      26      67        669
a      26      27      17075
a      26      31      17075
a      27      66        615
a      27      28      17075
a      27      26      17075
a      27      32      17075
a      28      56        536
a      28      29      17075
a      28      27      17075
a      28      33      17075
a      29      59        676
a      29      30      17075
a      29      28      17075
a      29      34      17075
a      30      57        355
a      30      29      17075
a      30      35      17075
a      31      51        676
a      31      32      17075
a      31      36      17075
a      31      26      17075
a      32      70        363
a      32      33      17075
a      32      31      17075
a      32      37      17075
a      32      27      17075
a      33      69        593
a      33      34      17075
a      33      32      17075
a      33      38      17075
a      33      28      17075
a      34      72        539
a      34      35      17075
a      34      33      17075
a      34      39      17075
a      34      29      17075
a      35      52        681
a      35      34      17075
a      35      40      17075
a      35      30      17075
a      36      55        366
a      36      37      17075
a      36      41      17075
a      36      31      17075
a      37      75        556
a      37      38      17075
a      37      36      17075
a      37      42      17075
a      37      32      17075
a      38      54        566
a      38      39      17075
a      38      37      17075
a      38      43      17075
a      38      33      17075
a      39      61        656
a      39      40      17075
a      39      38      17075
a      39      44      17075
a      39      34      17075
a      40      63        659
a      40      39      17075
a      40      45      17075
a      40      35      17075
a      41      73        613
a      41      42      17075
a      41      46      17075
a      41      36      17075
a      42      53        455
a      42      43      17075
a      42      41      17075
a      42      47      17075
a      42      37      17075
a      43      74        377
a      43      44      17075
a      43      42      17075
a      43      48      17075
a      43      38      17075
a      44      68        382
a      44      45      17075
a      44      43      17075
a      44      49      17075
a      44      39      17075
a      45      65        558
a      45      44      17075
a      45      50      17075
a      45      40      17075
a      46      60        457
a      46      47      17075
a      46      41      17075
a      47      64        427
a      47      48      17075
a      47      46      17075
a      47      42      17075
a      48      71        402
a      48      49      17075
a      48      47      17075
a      48      43      17075
a      49      58        437
a      49      50      17075
a      49      48      17075
a      49      44      17075
a      50      62        592
a      50      49      17075
a      50      45      17075
a      51      93        475
a      51      52      17075
a      51      56      17075
a      52      87        662
a      52      53      17075
a      52      51      17075
a      52      57      17075
a      53      98        484
a      53      54      17075
a      53      52      17075
a      53      58      17075
a      54      86        600
a      54      55      17075
a      54      53      17075
a      54      59      17075
a      55      89        564
a      55      54      17075
a      55      60      17075
a      56      80        375
a      56      57      17075
a      56      61      17075
a      56      51      17075
a      57      95        397
a      57      58      17075
a      57      56      17075
a      57      62      17075
a      57      52      17075
a      58     100        413
a      58      59      17075
a      58      57      17075
a      58      63      17075
a      58      53      17075
a      59      78        580
a      59      60      17075
a      59      58      17075
a      59      64      17075
a      59      54      17075
a      60      83        516
a      60      59      17075
a      60      65      17075
a      60      55      17075
a      61      92        646
a      61      62      17075
a      61      66      17075
a      61      56      17075
a      62      97        607
a      62      63      17075
a      62      61      17075
a      62      67      17075
a      62      57      17075
a      63      88        360
a      63      64      17075
a      63      62      17075
a      63      68      17075
a      63      58      17075
a      64      94        464
a      64      65      17075
a      64      63      17075
a      64      69      17075
a      64      59      17075
a      65      85        548
a      65      64      17075
a      65      70      17075
a      65      60      17075
a      66      91        434
a      66      67      17075
a      66      71      17075
a      66      61      17075
a      67      90        574
a      67      68      17075
a      67      66      17075
a      67      72      17075
a      67      62      17075
a      68      79        597
a      68      69      17075
a      68      67      17075
a      68      73      17075
a      68      63      17075
a      69      81        554
a      69      70      17075
a      69      68      17075
a      69      74      17075
a      69      64      17075
a      70      82        598
a      70      69      17075
a      70      75      17075
a      70      65      17075
a      71      76        435
a      71      72      17075
a      71      66      17075
a      72      99        603
a      72      73      17075
a      72      71      17075
a      72      67      17075
a      73      77        393
a      73      74      17075
a      73      72      17075
a      73      68      17075
a      74      84        529
a      74      75      17075
a      74      73      17075
a      74      69      17075
a      75      96        548
a      75      74      17075
a      75      70      17075
a      76     111        439
a      76      77      17075
a      76      81      17075
a      77     109        536
a      77      78      17075
a      77      76      17075
a      77      82      17075
a      78     122        649
a      78      79      17075
a      78      77      17075
a      78      83      17075
a      79     103        518
a      79      80      17075
a      79      78      17075
a      79      84      17075
a      80     121        555
a      80      79      17075
a      80      85      17075
a      81     117        448
a      81      82      17075
a      81      86      17075
a      81      76      17075
a      82     123        439
a      82      83      17075
a      82      81      17075
a      82      87      17075
a      82      77      17075
a      83     110        483
a      83      84      17075
a      83      82      17075
a      83      88      17075
a      83      78      17075
a      84     125        628
a      84      85      17075
a      84      83      17075
a      84      89      17075
a      84      79      17075
a      85     124        393
a      85      84      17075
a      85      90      17075
a      85      80      17075
a      86     120        442
a      86      87      17075
a      86      91      17075
a      86      81      17075
a      87     108        461
a      87      88      17075
a      87      86      17075
a      87      92      17075
a      87      82      17075
a      88     119        679
a      88      89      17075
a      88      87      17075
a      88      93      17075
a      88      83      17075
a      89     114        546
a      89      90      17075
a      89      88      17075
a      89      94      17075
a      89      84      17075
a      90     106        480
a      90      89      17075
a      90      95      17075
a      90      85      17075
a      91     115        557
a      91      92      17075
a      91      96      17075
a      91      86      17075
a      92     102        345
a      92      93      17075
a      92      91      17075
a      92      97      17075
a      92      87      17075
a      93     107        469
a      93      94      17075
a      93      92      17075
a      93      98      17075
a      93      88      17075
a      94     112        554
a      94      95      17075
a      94      93      17075
a      94      99      17075
a      94      89      17075
a      95     118        509
a      95      94      17075
a      95     100      17075
a      95      90      17075
a      96     104        588
a      96      97      17075
a      96      91      17075
a      97     101        412
a      97      98      17075
a      97      96      17075
a      97      92      17075
a      98     113        641
a      98      99      17075
a      98      97      17075
a      98      93      17075
a      99     116        352
a      99     100      17075
a      99      98      17075
a      99      94      17075
a     100     105        564
a     100      99      17075
a     100      95      17075
a     101     128        454
a     101     102      17075
a     101     106      17075
a     102     137        611
a     102     103      17075
a     102     101      17075
a     102     107      17075
a     103     147        421
a     103     104      17075
a     103     102      17075
a     103     108      17075
a     104     148        483
a     104     105      17075
a     104     103      17075
a     104     109      17075
a     105     135        414
a     105     104      17075
a     105     110      17075
a     106     143        408
a     106     107      17075
a     106     111      17075
a     106     101      17075
a     107     136        662
a     107     108      17075
a     107     106      17075
a     107     112      17075
a     107     102      17075
a     108     132        360
a     108     109      17075
a     108     107      17075
a     108     113      17075
a     108     103      17075
a     109     133        602
a     109     110      17075
a     109     108      17075
a     109     114      17075
a     109     104      17075
a     110     126        596
a     110     109      17075
a     110     115      17075
a     110     105      17075
a     111     144        510
a     111     112      17075
a     111     116      17075
a     111     106      17075
a     112     145        676
a     112     113      17075
a     112     111      17075
a     112     117      17075
a     112     107      17075
a     113     150        435
a     113     114      17075
a     113     112      17075
a     113     118      17075
a     113     108      17075
a     114     129        509
a     114     115      17075
a     114     113      17075
a     114     119      17075
a     114     109      17075
a     115     139        375
a     115     114      17075
a     115     120      17075
a     115     110      17075
a     116     146        554
a     116     117      17075
a     116     121      17075
a     116     111      17075
a     117     141        471
a     117     118      17075
a     117     116      17075
a     117     122      17075
a     117     112      17075
a     118     130        601
a     118     119      17075
a     118     117      17075
a     118     123      17075
a     118     113      17075
a     119     149        625
a     119     120      17075
a     119     118      17075
a     119     124      17075
a     119     114      17075
a     120     142        542
a     120     119      17075
a     120     125      17075
a     120     115      17075
a     121     131        485
a     121     122      17075
a     121     116      17075
a     122     140        595
a     122     123      17075
a     122     121      17075
a     122     117      17075
a     123     134        456
a     123     124      17075
a     123     122      17075
a     123     118      17075
a     124     138        380
a     124     125      17075
a     124     123      17075
a     124     119      17075
a     125     127        520
a     125     124      17075
a     125     120      17075
a     126     153        472
a     126     127      17075
a     126     131      17075
a     127     174        676
a     127     128      17075
a     127     126      17075
a     127     132      17075
a     128     170        475
a     128     129      17075
a     128     127      17075
a     128     133      17075
a     129     168        629
a     129     130      17075
a     129     128      17075
a     129     134      17075
a     130     172        420
a     130     129      17075
a     130     135      17075
a     131     156        529
a     131     132      17075
a     131     136      17075
a     131     126      17075
a     132     165        431
a     132     133      17075
a     132     131      17075
a     132     137      17075
a     132     127      17075
a     133     171        517
a     133     134      17075
a     133     132      17075
a     133     138      17075
a     133     128      17075
a     134     167        563
a     134     135      17075
a     134     133      17075
a     134     139      17075
a     134     129      17075
a     135     158        562
a     135     134      17075
a     135     140      17075
a     135     130      17075
a     136     159        618
a     136     137      17075
a     136     141      17075
a     136     131      17075
a     137     151        607
a     137     138      17075
a     137     136      17075
a     137     142      17075
a     137     132      17075
a     138     166        613
a     138     139      17075
a     138     137      17075
a     138     143      17075
a     138     133      17075
a     139     155        659
a     139     140      17075
a     139     138      17075
a     139     144      17075
a     139     134      17075
a     140     163        456
a     140     139      17075
a     140     145      17075
a     140     135      17075
a     141     162        473
a     141     142      17075
a     141     146      17075
a     141     136      17075
a     142     152        608
a     142     143      17075
a     142     141      17075
a     142     147      17075
a     142     137      17075
a     143     169        575
a     143     144      17075
a     143     142      17075
a     143     148      17075
a     143     138      17075
a     144     157        551
a     144     145      17075
a     144     143      17075
a     144     149      17075
a     144     139      17075
a     145     164        512
a     145     144      17075
a     145     150      17075
a     145     140      17075
a     146     161        438
a     146     147      17075
a     146     141      17075
a     147     173        573
a     147     148      17075
a     147     146      17075
a     147     142      17075
a     148     154        493
a     148     149      17075
a     148     147      17075
a     148     143      17075
a     149     160        527
a     149     150      17075
a     149     148      17075
a     149     144      17075
a     150     175        503
a     150     149      17075
a     150     145      17075
a     151     183        383
a     151     152      17075
a     151     156      17075
a     152     186        407
a     152     153      17075
a     152     151      17075
a     152     157      17075
a     153     179        385
a     153     154      17075
a     153     152      17075
a     153     158      17075
a     154     197        546
a     154     155      17075
a     154     153      17075
a     154     159      17075
a     155     191        525
a     155     154      17075
a     155     160      17075
a     156     185        596
a     156     157      17075
a     156     161      17075
a     156     151      17075
a     157     189        562
a     157     158      17075
a     157     156      17075
a     157     162      17075
a     157     152      17075
a     158     188        402
a     158     159      17075
a     158     157      17075
a     158     163      17075
a     158     153      17075
a     159     194        681
a     159     160      17075
a     159     158      17075
a     159     164      17075
a     159     154      17075
a     160     176        430
a     160     159      17075
a     160     165      17075
a     160     155      17075
a     161     177        442
a     161     162      17075
a     161     166      17075
a     161     156      17075
a     162     195        599
a     162     163      17075
a     162     161      17075
a     162     167      17075
a     162     157      17075
a     163     198        538
a     163     164      17075
a     163     162      17075
a     163     168      17075
a     163     158      17075
a     164     200        544
a     164     165      17075
a     164     163      17075
a     164     169      17075
a     164     159      17075
a     165     180        465
a     165     164      17075
a     165     170      17075
a     165     160      17075
a     166     184        364
a     166     167      17075
a     166     171      17075
a     166     161      17075
a     167     182        535
a     167     168      17075
a     167     166      17075
a     167     172      17075
a     167     162      17075
a     168     190        371
a     168     169      17075
a     168     167      17075
a     168     173      17075
a     168     163      17075
a     169     178        601
a     169     170      17075
a     169     168      17075
a     169     174      17075
a     169     164      17075
a     170     181        629
a     170     169      17075
a     170     175      17075
a     170     165      17075
a     171     187        615
a     171     172      17075
a     171     166      17075
a     172     199        487
a     172     173      17075
a     172     171      17075
a     172     167      17075
a     173     193        517
a     173     174      17075
a     173     172      17075
a     173     168      17075
a     174     196        417
a     174     175      17075
a     174     173      17075
a     174     169      17075
a     175     192        630
a     175     174      17075
a     175     170      17075
a     176     203        617
a     176     177      17075
a     176     181      17075
a     177     218        646
a     177     178      17075
a     177     176      17075
a     177     182      17075
a     178     223        574
a     178     179      17075
a     178     177      17075
a     178     183      17075
a     179     224        601
a     179     180      17075
a     179     178      17075
a     179     184      17075
a     180     210        342
a     180     179      17075
a     180     185      17075
a     181     205        513
a     181     182      17075
a     181     186      17075
a     181     176      17075
a     182     201        383
a     182     183      17075
a     182     181      17075
a     182     187      17075
a     182     177      17075
a     183     221        416
a     183     184      17075
a     183     182      17075
a     183     188      17075
a     183     178      17075
a     184     222        392
a     184     185      17075
a     184     183      17075
a     184     189      17075
a     184     179      17075
a     185     214        478
a     185     184      17075
a     185     190      17075
a     185     180      17075
a     186     216        470
a     186     187      17075
a     186     191      17075
a     186     181      17075
a     187     213        465
a     187     188      17075
a     187     186      17075
a     187     192      17075
a     187     182      17075
a     188     211        538
a     188     189      17075
a     188     187      17075
a     188     193      17075
a     188     183      17075
a     189     225        461
a     189     190      17075
a     189     188      17075
a     189     194      17075
a     189     184      17075
a     190     206        522
a     190     189      17075
a     190     195      17075
a     190     185      17075
a     191     202        462
a     191     192      17075
a     191     196      17075
a     191     186      17075
a     192     212        348
a     192     193      17075
a     192     191      17075
a     192     197      17075
a     192     187      17075
a     193     217        598
a     193     194      17075
a     193     192      17075
a     193     198      17075
a     193     188      17075
a     194     209        617
a     194     195      17075
a     194     193      17075
a     194     199      17075
a     194     189      17075
a     195     207        583
a     195     194      17075
a     195     200      17075
a     195     190      17075
a     196     220        420
a     196     197      17075
a     196     191      17075
a     197     204        377
a     197     198      17075
a     197     196      17075
a     197     192      17075
a     198     215        571
a     198     199      17075
a     198     197      17075
a     198     193      17075
a     199     208        480
a     199     200      17075
a     199     198      17075
a     199     194      17075
a     200     219        584
a     200     199      17075
a     200     195      17075
a     201     240        357
a     201     202      17075
a     201     206      17075
a     202     247        628
a     202     203      17075
a     202     201      17075
a     202     207      17075
a     203     242        595
a     203     204      17075
a     203     202      17075
a     203     208      17075
a     204     230        444
a     204     205      17075
a     204     203      17075
a     204     209      17075
a     205     229        433
a     205     204      17075
a     205     210      17075
a     206     231        555
a     206     207      17075
a     206     211      17075
a     206     201      17075
a     207     237        619
a     207     208      17075
a     207     206      17075
a     207     212      17075
a     207     202      17075
a     208     246        646
a     208     209      17075
a     208     207      17075
a     208     213      17075
a     208     203      17075
a     209     248        548
a     209     210      17075
a     209     208      17075
a     209     214      17075
a     209     204      17075
a     210     239        354
a     210     209      17075
a     210     215      17075
a     210     205      17075
a     211     241        504
a     211     212      17075
a     211     216      17075
a     211     206      17075
a     212     236        520
a     212     213      17075
a     212     211      17075
a     212     217      17075
a     212     207      17075
a     213     228        494
a     213     214      17075
a     213     212      17075
a     213     218      17075
a     213     208      17075
a     214     243        673
a     214     215      17075
a     214     213      17075
a     214     219      17075
a     214     209      17075
a     215     238        671
a     215     214      17075
a     215     220      17075
a     215     210      17075
a     216     233        611
a     216     217      17075
a     216     221      17075
a     216     211      17075
a     217     227        641
a     217     218      17075
a     217     216      17075
a     217     222      17075
a     217     212      17075
a     218     234        443
a     218     219      17075
a     218     217      17075
a     218     223      17075
a     218     213      17075
a     219     249        542
a     219     220      17075
a     219     218      17075
a     219     224      17075
a     219     214      17075
a     220     226        344
a     220     219      17075
a     220     225      17075
a     220     215      17075
a     221     250        650
a     221     222      17075
a     221     216      17075
a     222     244        630
a     222     223      17075
a     222     221      17075
a     222     217      17075
a     223     235        660
a     223     224      17075
a     223     222      17075
a     223     218      17075
a     224     232        549
a     224     225      17075
a     224     223      17075
a     224     219      17075
a     225     245        571
a     225     224      17075
a     225     220      17075
a     226     261        437
a     226     227      17075
a     226     231      17075
a     227     259        386
a     227     228      17075
a     227     226      17075
a     227     232      17075
a     228     266        462
a     228     229      17075
a     228     227      17075
a     228     233      17075
a     229     254        468
a     229     230      17075
a     229     228      17075
a     229     234      17075
a     230     252        465
a     230     229      17075
a     230     235      17075
a     231     269        492
a     231     232      17075
a     231     236      17075
a     231     226      17075
a     232     256        453
a     232     233      17075
a     232     231      17075
a     232     237      17075
a     232     227      17075
a     233     274        592
a     233     234      17075
a     233     232      17075
a     233     238      17075
a     233     228      17075
a     234     275        524
a     234     235      17075
a     234     233      17075
a     234     239      17075
a     234     229      17075
a     235     272        452
a     235     234      17075
a     235     240      17075
a     235     230      17075
a     236     262        478
a     236     237      17075
a     236     241      17075
a     236     231      17075
a     237     251        480
a     237     238      17075
a     237     236      17075
a     237     242      17075
a     237     232      17075
a     238     260        421
a     238     239      17075
a     238     237      17075
a     238     243      17075
a     238     233      17075
a     239     257        540
a     239     240      17075
a     239     238      17075
a     239     244      17075
a     239     234      17075
a     240     258        509
a     240     239      17075
a     240     245      17075
a     240     235      17075
a     241     255        475
a     241     242      17075
a     241     246      17075
a     241     236      17075
a     242     268        636
a     242     243      17075
a     242     241      17075
a     242     247      17075
a     242     237      17075
a     243     263        499
a     243     244      17075
a     243     242      17075
a     243     248      17075
a     243     238      17075
a     244     271        377
a     244     245      17075
a     244     243      17075
a     244     249      17075
a     244     239      17075
a     245     267        454
a     245     244      17075
a     245     250      17075
a     245     240      17075
a     246     253        436
a     246     247      17075
a     246     241      17075
a     247     264        428
a     247     248      17075
a     247     246      17075
a     247     242      17075
a     248     270        521
a     248     249      17075
a     248     247      17075
a     248     243      17075
a     249     273        598
a     249     250      17075
a     249     248      17075
a     249     244      17075
a     250     265        405
a     250     249      17075
a     250     245      17075
a     251     291        511
a     251     252      17075
a     251     256      17075
a     252     282        413
a     252     253      17075
a     252     251      17075
a     252     257      17075
a     253     292        486
a     253     254      17075
a     253     252      17075
a     253     258      17075
a     254     280        406
a     254     255      17075
a     254     253      17075
a     254     259      17075
a     255     286        649
a     255     254      17075
a     255     260      17075
a     256     288        526
a     256     257      17075
a     256     261      17075
a     256     251      17075
a     257     295        645
a     257     258      17075
a     257     256      17075
a     257     262      17075
a     257     252      17075
a     258     293        534
a     258     259      17075
a     258     257      17075
a     258     263      17075
a     258     253      17075
a     259     277        415
a     259     260      17075
a     259     258      17075
a     259     264      17075
a     259     254      17075
a     260     294        446
a     260     259      17075
a     260     265      17075
a     260     255      17075
a     261     281        545
a     261     262      17075
a     261     266      17075
a     261     256      17075
a     262     278        456
a     262     263      17075
a     262     261      17075
a     262     267      17075
a     262     257      17075
a     263     285        603
a     263     264      17075
a     263     262      17075
a     263     268      17075
a     263     258      17075
a     264     290        371
a     264     265      17075
a     264     263      17075
a     264     269      17075
a     264     259      17075
a     265     299        516
a     265     264      17075
a     265     270      17075
a     265     260      17075
a     266     296        600
a     266     267      17075
a     266     271      17075
a     266     261      17075
a     267     279        483
a     267     268      17075
a     267     266      17075
a     267     272      17075
a     267     262      17075
a     268     284        552
a     268     269      17075
a     268     267      17075
a     268     273      17075
a     268     263      17075
a     269     298        544
a     269     270      17075
a     269     268      17075
a     269     274      17075
a     269     264      17075
a     270     297        401
a     270     269      17075
a     270     275      17075
a     270     265      17075
a     271     283        374
a     271     272      17075
a     271     266      17075
a     272     287        403
a     272     273      17075
a     272     271      17075
a     272     267      17075
a     273     289        414
a     273     274      17075
a     273     272      17075
a     273     268      17075
a     274     300        351
a     274     275      17075
a     274     273      17075
a     274     269      17075
a     275     276        516
a     275     274      17075
a     275     270      17075
a     276     277      17075
a     276     281      17075
a     277     278      17075
a     277     276      17075
a     277     282      17075
a     278     279      17075
a     278     277      17075
a     278     283      17075
a     279     280      17075
a     279     278      17075
a     279     284      17075
a     280     279      17075
a     280     285      17075
a     281     282      17075
a     281     286      17075
a     281     276      17075
a     282     283      17075
a     282     281      17075
a     282     287      17075
a     282     277      17075
a     283     284      17075
a     283     282      17075
a     283     288      17075
a     283     278      17075
a     284     285      17075
a     284     283      17075
a     284     289      17075
a     284     279      17075
a     285     284      17075
a     285     290      17075
a     285     280      17075
a     286     287      17075
a     286     291      17075
a     286     281      17075
a     287     288      17075
a     287     286      17075
a     287     292      17075
a     287     282      17075
a     288     289      17075
a     288     287      17075
a     288     293      17075
a     288     283      17075
a     289     290      17075
a     289     288      17075
a     289     294      17075
a     289     284      17075
a     290     289      17075
a     290     295      17075
a     290     285      17075
a     291     292      17075
a     291     296      17075
a     291     286      17075
a     292     293      17075
a     292     291      17075
a     292     297      17075
a     292     287      17075
a     293     294      17075
a     293     292      17075
a     293     298      17075
a     293     288      17075
a     294     295      17075
a     294     293      17075
a     294     299      17075
a     294     289      17075
a     295     294      17075
a     295     300      17075
a     295     290      17075
a     296     297      17075
a     296     291      17075
a     297     298      17075
a     297     296      17075
a     297     292      17075
a     298     299      17075
a     298     297      17075
a     298     293      17075
a     299     300      17075
a     299     298      17075
a     299     294      17075
a     300     299      17075
a     300     295      17075
