c This file was generated by genrmf.
c The parameters are: a: 8 b: 5 c1: 1933 c2: 1933 seed: 1666103673
p max     320       1376
n       1 s
n     320 t
a       1      71       1933
a       1       2     123712
a       1       9     123712
a       2      77       1933
a       2       3     123712
a       2       1     123712
a       2      10     123712
a       3      76       1933
a       3       4     123712
a       3       2     123712
a       3      11     123712
a       4     117       1933
a       4       5     123712
a       4       3     123712
a       4      12     123712
a       5     116       1933
a       5       6     123712
a       5       4     123712
a       5      13     123712
a       6     106       1933
a       6       7     123712
a       6       5     123712
a       6      14     123712
a       7      98       1933
a       7       8     123712
a       7       6     123712
a       7      15     123712
a       8      73       1933
a       8       7     123712
a       8      16     123712
a       9     118       1933
a       9      10     123712
a       9      17     123712
a       9       1     123712
a      10      92       1933
a      10      11     123712
a      10       9     123712
a      10      18     123712
a      10       2     123712
a      11      72       1933
a      11      12     123712
a      11      10     123712
a      11      19     123712
a      11       3     123712
a      12      95       1933
a      12      13     123712
a      12      11     123712
a      12      20     123712
a      12       4     123712
a      13      74       1933
a      13      14     123712
a      13      12     123712
a      13      21     123712
a      13       5     123712
a      14     119       1933
a      14      15     123712
a      14      13     123712
a      14      22     123712
a      14       6     123712
a      15     122       1933
a      15      16     123712
a      15      14     123712
a      15      23     123712
a      15       7     123712
a      16      81       1933
a      16      15     123712
a      16      24     123712
a      16       8     123712
a      17      67       1933
a      17      18     123712
a      17      25     123712
a      17       9     123712
a      18     124       1933
a      18      19     123712
a      18      17     123712
a      18      26     123712
a      18      10     123712
a      19     105       1933
a      19      20     123712
a      19      18     123712
a      19      27     123712
a      19      11     123712
a      20      66       1933
a      20      21     123712
a      20      19     123712
a      20      28     123712
a      20      12     123712
a      21      90       1933
a      21      22     123712
a      21      20     123712
a      21      29     123712
a      21      13     123712
a      22     109       1933
a      22      23     123712
a      22      21     123712
a      22      30     123712
a      22      14     123712
a      23     107       1933
a      23      24     123712
a      23      22     123712
a      23      31     123712
a      23      15     123712
a      24      84       1933
a      24      23     123712
a      24      32     123712
a      24      16     123712
a      25     128       1933
a      25      26     123712
a      25      33     123712
a      25      17     123712
a      26     115       1933
a      26      27     123712
a      26      25     123712
a      26      34     123712
a      26      18     123712
a      27      70       1933
a      27      28     123712
a      27      26     123712
a      27      35     123712
a      27      19     123712
a      28      97       1933
a      28      29     123712
a      28      27     123712
a      28      36     123712
a      28      20     123712
a      29      78       1933
a      29      30     123712
a      29      28     123712
a      29      37     123712
a      29      21     123712
a      30     100       1933
a      30      31     123712
a      30      29     123712
a      30      38     123712
a      30      22     123712
a      31      83       1933
a      31      32     123712
a      31      30     123712
a      31      39     123712
a      31      23     123712
a      32      79       1933
a      32      31     123712
a      32      40     123712
a      32      24     123712
a      33      69       1933
a      33      34     123712
a      33      41     123712
a      33      25     123712
a      34     103       1933
a      34      35     123712
a      34      33     123712
a      34      42     123712
a      34      26     123712
a      35      80       1933
a      35      36     123712
a      35      34     123712
a      35      43     123712
a      35      27     123712
a      36      86       1933
a      36      37     123712
a      36      35     123712
a      36      44     123712
a      36      28     123712
a      37     102       1933
a      37      38     123712
a      37      36     123712
a      37      45     123712
a      37      29     123712
a      38     125       1933
a      38      39     123712
a      38      37     123712
a      38      46     123712
a      38      30     123712
a      39     111       1933
a      39      40     123712
a      39      38     123712
a      39      47     123712
a      39      31     123712
a      40      68       1933
a      40      39     123712
a      40      48     123712
a      40      32     123712
a      41      82       1933
a      41      42     123712
a      41      49     123712
a      41      33     123712
a      42      91       1933
a      42      43     123712
a      42      41     123712
a      42      50     123712
a      42      34     123712
a      43     123       1933
a      43      44     123712
a      43      42     123712
a      43      51     123712
a      43      35     123712
a      44     121       1933
a      44      45     123712
a      44      43     123712
a      44      52     123712
a      44      36     123712
a      45     110       1933
a      45      46     123712
a      45      44     123712
a      45      53     123712
a      45      37     123712
a      46      87       1933
a      46      47     123712
a      46      45     123712
a      46      54     123712
a      46      38     123712
a      47     104       1933
a      47      48     123712
a      47      46     123712
a      47      55     123712
a      47      39     123712
a      48      89       1933
a      48      47     123712
a      48      56     123712
a      48      40     123712
a      49      75       1933
a      49      50     123712
a      49      57     123712
a      49      41     123712
a      50     120       1933
a      50      51     123712
a      50      49     123712
a      50      58     123712
a      50      42     123712
a      51     113       1933
a      51      52     123712
a      51      50     123712
a      51      59     123712
a      51      43     123712
a      52      85       1933
a      52      53     123712
a      52      51     123712
a      52      60     123712
a      52      44     123712
a      53     108       1933
a      53      54     123712
a      53      52     123712
a      53      61     123712
a      53      45     123712
a      54      96       1933
a      54      55     123712
a      54      53     123712
a      54      62     123712
a      54      46     123712
a      55     112       1933
a      55      56     123712
a      55      54     123712
a      55      63     123712
a      55      47     123712
a      56     126       1933
a      56      55     123712
a      56      64     123712
a      56      48     123712
a      57     101       1933
a      57      58     123712
a      57      49     123712
a      58      88       1933
a      58      59     123712
a      58      57     123712
a      58      50     123712
a      59     127       1933
a      59      60     123712
a      59      58     123712
a      59      51     123712
a      60      94       1933
a      60      61     123712
a      60      59     123712
a      60      52     123712
a      61     114       1933
a      61      62     123712
a      61      60     123712
a      61      53     123712
a      62      65       1933
a      62      63     123712
a      62      61     123712
a      62      54     123712
a      63      99       1933
a      63      64     123712
a      63      62     123712
a      63      55     123712
a      64      93       1933
a      64      63     123712
a      64      56     123712
a      65     162       1933
a      65      66     123712
a      65      73     123712
a      66     159       1933
a      66      67     123712
a      66      65     123712
a      66      74     123712
a      67     145       1933
a      67      68     123712
a      67      66     123712
a      67      75     123712
a      68     151       1933
a      68      69     123712
a      68      67     123712
a      68      76     123712
a      69     144       1933
a      69      70     123712
a      69      68     123712
a      69      77     123712
a      70     152       1933
a      70      71     123712
a      70      69     123712
a      70      78     123712
a      71     149       1933
a      71      72     123712
a      71      70     123712
a      71      79     123712
a      72     136       1933
a      72      71     123712
a      72      80     123712
a      73     142       1933
a      73      74     123712
a      73      81     123712
a      73      65     123712
a      74     187       1933
a      74      75     123712
a      74      73     123712
a      74      82     123712
a      74      66     123712
a      75     192       1933
a      75      76     123712
a      75      74     123712
a      75      83     123712
a      75      67     123712
a      76     153       1933
a      76      77     123712
a      76      75     123712
a      76      84     123712
a      76      68     123712
a      77     177       1933
a      77      78     123712
a      77      76     123712
a      77      85     123712
a      77      69     123712
a      78     174       1933
a      78      79     123712
a      78      77     123712
a      78      86     123712
a      78      70     123712
a      79     135       1933
a      79      80     123712
a      79      78     123712
a      79      87     123712
a      79      71     123712
a      80     182       1933
a      80      79     123712
a      80      88     123712
a      80      72     123712
a      81     172       1933
a      81      82     123712
a      81      89     123712
a      81      73     123712
a      82     137       1933
a      82      83     123712
a      82      81     123712
a      82      90     123712
a      82      74     123712
a      83     185       1933
a      83      84     123712
a      83      82     123712
a      83      91     123712
a      83      75     123712
a      84     168       1933
a      84      85     123712
a      84      83     123712
a      84      92     123712
a      84      76     123712
a      85     134       1933
a      85      86     123712
a      85      84     123712
a      85      93     123712
a      85      77     123712
a      86     129       1933
a      86      87     123712
a      86      85     123712
a      86      94     123712
a      86      78     123712
a      87     132       1933
a      87      88     123712
a      87      86     123712
a      87      95     123712
a      87      79     123712
a      88     133       1933
a      88      87     123712
a      88      96     123712
a      88      80     123712
a      89     157       1933
a      89      90     123712
a      89      97     123712
a      89      81     123712
a      90     166       1933
a      90      91     123712
a      90      89     123712
a      90      98     123712
a      90      82     123712
a      91     179       1933
a      91      92     123712
a      91      90     123712
a      91      99     123712
a      91      83     123712
a      92     155       1933
a      92      93     123712
a      92      91     123712
a      92     100     123712
a      92      84     123712
a      93     161       1933
a      93      94     123712
a      93      92     123712
a      93     101     123712
a      93      85     123712
a      94     165       1933
a      94      95     123712
a      94      93     123712
a      94     102     123712
a      94      86     123712
a      95     167       1933
a      95      96     123712
a      95      94     123712
a      95     103     123712
a      95      87     123712
a      96     176       1933
a      96      95     123712
a      96     104     123712
a      96      88     123712
a      97     154       1933
a      97      98     123712
a      97     105     123712
a      97      89     123712
a      98     163       1933
a      98      99     123712
a      98      97     123712
a      98     106     123712
a      98      90     123712
a      99     130       1933
a      99     100     123712
a      99      98     123712
a      99     107     123712
a      99      91     123712
a     100     175       1933
a     100     101     123712
a     100      99     123712
a     100     108     123712
a     100      92     123712
a     101     164       1933
a     101     102     123712
a     101     100     123712
a     101     109     123712
a     101      93     123712
a     102     181       1933
a     102     103     123712
a     102     101     123712
a     102     110     123712
a     102      94     123712
a     103     158       1933
a     103     104     123712
a     103     102     123712
a     103     111     123712
a     103      95     123712
a     104     148       1933
a     104     103     123712
a     104     112     123712
a     104      96     123712
a     105     170       1933
a     105     106     123712
a     105     113     123712
a     105      97     123712
a     106     171       1933
a     106     107     123712
a     106     105     123712
a     106     114     123712
a     106      98     123712
a     107     147       1933
a     107     108     123712
a     107     106     123712
a     107     115     123712
a     107      99     123712
a     108     173       1933
a     108     109     123712
a     108     107     123712
a     108     116     123712
a     108     100     123712
a     109     184       1933
a     109     110     123712
a     109     108     123712
a     109     117     123712
a     109     101     123712
a     110     190       1933
a     110     111     123712
a     110     109     123712
a     110     118     123712
a     110     102     123712
a     111     156       1933
a     111     112     123712
a     111     110     123712
a     111     119     123712
a     111     103     123712
a     112     189       1933
a     112     111     123712
a     112     120     123712
a     112     104     123712
a     113     191       1933
a     113     114     123712
a     113     121     123712
a     113     105     123712
a     114     160       1933
a     114     115     123712
a     114     113     123712
a     114     122     123712
a     114     106     123712
a     115     143       1933
a     115     116     123712
a     115     114     123712
a     115     123     123712
a     115     107     123712
a     116     140       1933
a     116     117     123712
a     116     115     123712
a     116     124     123712
a     116     108     123712
a     117     180       1933
a     117     118     123712
a     117     116     123712
a     117     125     123712
a     117     109     123712
a     118     138       1933
a     118     119     123712
a     118     117     123712
a     118     126     123712
a     118     110     123712
a     119     186       1933
a     119     120     123712
a     119     118     123712
a     119     127     123712
a     119     111     123712
a     120     139       1933
a     120     119     123712
a     120     128     123712
a     120     112     123712
a     121     188       1933
a     121     122     123712
a     121     113     123712
a     122     169       1933
a     122     123     123712
a     122     121     123712
a     122     114     123712
a     123     178       1933
a     123     124     123712
a     123     122     123712
a     123     115     123712
a     124     131       1933
a     124     125     123712
a     124     123     123712
a     124     116     123712
a     125     141       1933
a     125     126     123712
a     125     124     123712
a     125     117     123712
a     126     150       1933
a     126     127     123712
a     126     125     123712
a     126     118     123712
a     127     183       1933
a     127     128     123712
a     127     126     123712
a     127     119     123712
a     128     146       1933
a     128     127     123712
a     128     120     123712
a     129     211       1933
a     129     130     123712
a     129     137     123712
a     130     202       1933
a     130     131     123712
a     130     129     123712
a     130     138     123712
a     131     234       1933
a     131     132     123712
a     131     130     123712
a     131     139     123712
a     132     197       1933
a     132     133     123712
a     132     131     123712
a     132     140     123712
a     133     243       1933
a     133     134     123712
a     133     132     123712
a     133     141     123712
a     134     233       1933
a     134     135     123712
a     134     133     123712
a     134     142     123712
a     135     219       1933
a     135     136     123712
a     135     134     123712
a     135     143     123712
a     136     210       1933
a     136     135     123712
a     136     144     123712
a     137     253       1933
a     137     138     123712
a     137     145     123712
a     137     129     123712
a     138     217       1933
a     138     139     123712
a     138     137     123712
a     138     146     123712
a     138     130     123712
a     139     224       1933
a     139     140     123712
a     139     138     123712
a     139     147     123712
a     139     131     123712
a     140     193       1933
a     140     141     123712
a     140     139     123712
a     140     148     123712
a     140     132     123712
a     141     198       1933
a     141     142     123712
a     141     140     123712
a     141     149     123712
a     141     133     123712
a     142     229       1933
a     142     143     123712
a     142     141     123712
a     142     150     123712
a     142     134     123712
a     143     196       1933
a     143     144     123712
a     143     142     123712
a     143     151     123712
a     143     135     123712
a     144     227       1933
a     144     143     123712
a     144     152     123712
a     144     136     123712
a     145     247       1933
a     145     146     123712
a     145     153     123712
a     145     137     123712
a     146     239       1933
a     146     147     123712
a     146     145     123712
a     146     154     123712
a     146     138     123712
a     147     252       1933
a     147     148     123712
a     147     146     123712
a     147     155     123712
a     147     139     123712
a     148     238       1933
a     148     149     123712
a     148     147     123712
a     148     156     123712
a     148     140     123712
a     149     248       1933
a     149     150     123712
a     149     148     123712
a     149     157     123712
a     149     141     123712
a     150     218       1933
a     150     151     123712
a     150     149     123712
a     150     158     123712
a     150     142     123712
a     151     237       1933
a     151     152     123712
a     151     150     123712
a     151     159     123712
a     151     143     123712
a     152     256       1933
a     152     151     123712
a     152     160     123712
a     152     144     123712
a     153     215       1933
a     153     154     123712
a     153     161     123712
a     153     145     123712
a     154     249       1933
a     154     155     123712
a     154     153     123712
a     154     162     123712
a     154     146     123712
a     155     203       1933
a     155     156     123712
a     155     154     123712
a     155     163     123712
a     155     147     123712
a     156     230       1933
a     156     157     123712
a     156     155     123712
a     156     164     123712
a     156     148     123712
a     157     214       1933
a     157     158     123712
a     157     156     123712
a     157     165     123712
a     157     149     123712
a     158     209       1933
a     158     159     123712
a     158     157     123712
a     158     166     123712
a     158     150     123712
a     159     199       1933
a     159     160     123712
a     159     158     123712
a     159     167     123712
a     159     151     123712
a     160     213       1933
a     160     159     123712
a     160     168     123712
a     160     152     123712
a     161     223       1933
a     161     162     123712
a     161     169     123712
a     161     153     123712
a     162     244       1933
a     162     163     123712
a     162     161     123712
a     162     170     123712
a     162     154     123712
a     163     255       1933
a     163     164     123712
a     163     162     123712
a     163     171     123712
a     163     155     123712
a     164     231       1933
a     164     165     123712
a     164     163     123712
a     164     172     123712
a     164     156     123712
a     165     250       1933
a     165     166     123712
a     165     164     123712
a     165     173     123712
a     165     157     123712
a     166     194       1933
a     166     167     123712
a     166     165     123712
a     166     174     123712
a     166     158     123712
a     167     246       1933
a     167     168     123712
a     167     166     123712
a     167     175     123712
a     167     159     123712
a     168     207       1933
a     168     167     123712
a     168     176     123712
a     168     160     123712
a     169     221       1933
a     169     170     123712
a     169     177     123712
a     169     161     123712
a     170     195       1933
a     170     171     123712
a     170     169     123712
a     170     178     123712
a     170     162     123712
a     171     225       1933
a     171     172     123712
a     171     170     123712
a     171     179     123712
a     171     163     123712
a     172     241       1933
a     172     173     123712
a     172     171     123712
a     172     180     123712
a     172     164     123712
a     173     222       1933
a     173     174     123712
a     173     172     123712
a     173     181     123712
a     173     165     123712
a     174     236       1933
a     174     175     123712
a     174     173     123712
a     174     182     123712
a     174     166     123712
a     175     242       1933
a     175     176     123712
a     175     174     123712
a     175     183     123712
a     175     167     123712
a     176     251       1933
a     176     175     123712
a     176     184     123712
a     176     168     123712
a     177     216       1933
a     177     178     123712
a     177     185     123712
a     177     169     123712
a     178     204       1933
a     178     179     123712
a     178     177     123712
a     178     186     123712
a     178     170     123712
a     179     240       1933
a     179     180     123712
a     179     178     123712
a     179     187     123712
a     179     171     123712
a     180     254       1933
a     180     181     123712
a     180     179     123712
a     180     188     123712
a     180     172     123712
a     181     205       1933
a     181     182     123712
a     181     180     123712
a     181     189     123712
a     181     173     123712
a     182     200       1933
a     182     183     123712
a     182     181     123712
a     182     190     123712
a     182     174     123712
a     183     206       1933
a     183     184     123712
a     183     182     123712
a     183     191     123712
a     183     175     123712
a     184     212       1933
a     184     183     123712
a     184     192     123712
a     184     176     123712
a     185     220       1933
a     185     186     123712
a     185     177     123712
a     186     208       1933
a     186     187     123712
a     186     185     123712
a     186     178     123712
a     187     226       1933
a     187     188     123712
a     187     186     123712
a     187     179     123712
a     188     228       1933
a     188     189     123712
a     188     187     123712
a     188     180     123712
a     189     245       1933
a     189     190     123712
a     189     188     123712
a     189     181     123712
a     190     232       1933
a     190     191     123712
a     190     189     123712
a     190     182     123712
a     191     201       1933
a     191     192     123712
a     191     190     123712
a     191     183     123712
a     192     235       1933
a     192     191     123712
a     192     184     123712
a     193     308       1933
a     193     194     123712
a     193     201     123712
a     194     320       1933
a     194     195     123712
a     194     193     123712
a     194     202     123712
a     195     261       1933
a     195     196     123712
a     195     194     123712
a     195     203     123712
a     196     280       1933
a     196     197     123712
a     196     195     123712
a     196     204     123712
a     197     269       1933
a     197     198     123712
a     197     196     123712
a     197     205     123712
a     198     306       1933
a     198     199     123712
a     198     197     123712
a     198     206     123712
a     199     302       1933
a     199     200     123712
a     199     198     123712
a     199     207     123712
a     200     293       1933
a     200     199     123712
a     200     208     123712
a     201     300       1933
a     201     202     123712
a     201     209     123712
a     201     193     123712
a     202     277       1933
a     202     203     123712
a     202     201     123712
a     202     210     123712
a     202     194     123712
a     203     298       1933
a     203     204     123712
a     203     202     123712
a     203     211     123712
a     203     195     123712
a     204     292       1933
a     204     205     123712
a     204     203     123712
a     204     212     123712
a     204     196     123712
a     205     278       1933
a     205     206     123712
a     205     204     123712
a     205     213     123712
a     205     197     123712
a     206     315       1933
a     206     207     123712
a     206     205     123712
a     206     214     123712
a     206     198     123712
a     207     283       1933
a     207     208     123712
a     207     206     123712
a     207     215     123712
a     207     199     123712
a     208     276       1933
a     208     207     123712
a     208     216     123712
a     208     200     123712
a     209     310       1933
a     209     210     123712
a     209     217     123712
a     209     201     123712
a     210     305       1933
a     210     211     123712
a     210     209     123712
a     210     218     123712
a     210     202     123712
a     211     316       1933
a     211     212     123712
a     211     210     123712
a     211     219     123712
a     211     203     123712
a     212     286       1933
a     212     213     123712
a     212     211     123712
a     212     220     123712
a     212     204     123712
a     213     282       1933
a     213     214     123712
a     213     212     123712
a     213     221     123712
a     213     205     123712
a     214     312       1933
a     214     215     123712
a     214     213     123712
a     214     222     123712
a     214     206     123712
a     215     267       1933
a     215     216     123712
a     215     214     123712
a     215     223     123712
a     215     207     123712
a     216     291       1933
a     216     215     123712
a     216     224     123712
a     216     208     123712
a     217     285       1933
a     217     218     123712
a     217     225     123712
a     217     209     123712
a     218     266       1933
a     218     219     123712
a     218     217     123712
a     218     226     123712
a     218     210     123712
a     219     257       1933
a     219     220     123712
a     219     218     123712
a     219     227     123712
a     219     211     123712
a     220     290       1933
a     220     221     123712
a     220     219     123712
a     220     228     123712
a     220     212     123712
a     221     275       1933
a     221     222     123712
a     221     220     123712
a     221     229     123712
a     221     213     123712
a     222     268       1933
a     222     223     123712
a     222     221     123712
a     222     230     123712
a     222     214     123712
a     223     294       1933
a     223     224     123712
a     223     222     123712
a     223     231     123712
a     223     215     123712
a     224     297       1933
a     224     223     123712
a     224     232     123712
a     224     216     123712
a     225     299       1933
a     225     226     123712
a     225     233     123712
a     225     217     123712
a     226     264       1933
a     226     227     123712
a     226     225     123712
a     226     234     123712
a     226     218     123712
a     227     319       1933
a     227     228     123712
a     227     226     123712
a     227     235     123712
a     227     219     123712
a     228     314       1933
a     228     229     123712
a     228     227     123712
a     228     236     123712
a     228     220     123712
a     229     301       1933
a     229     230     123712
a     229     228     123712
a     229     237     123712
a     229     221     123712
a     230     272       1933
a     230     231     123712
a     230     229     123712
a     230     238     123712
a     230     222     123712
a     231     317       1933
a     231     232     123712
a     231     230     123712
a     231     239     123712
a     231     223     123712
a     232     311       1933
a     232     231     123712
a     232     240     123712
a     232     224     123712
a     233     270       1933
a     233     234     123712
a     233     241     123712
a     233     225     123712
a     234     295       1933
a     234     235     123712
a     234     233     123712
a     234     242     123712
a     234     226     123712
a     235     296       1933
a     235     236     123712
a     235     234     123712
a     235     243     123712
a     235     227     123712
a     236     313       1933
a     236     237     123712
a     236     235     123712
a     236     244     123712
a     236     228     123712
a     237     260       1933
a     237     238     123712
a     237     236     123712
a     237     245     123712
a     237     229     123712
a     238     279       1933
a     238     239     123712
a     238     237     123712
a     238     246     123712
a     238     230     123712
a     239     303       1933
a     239     240     123712
a     239     238     123712
a     239     247     123712
a     239     231     123712
a     240     271       1933
a     240     239     123712
a     240     248     123712
a     240     232     123712
a     241     287       1933
a     241     242     123712
a     241     249     123712
a     241     233     123712
a     242     288       1933
a     242     243     123712
a     242     241     123712
a     242     250     123712
a     242     234     123712
a     243     289       1933
a     243     244     123712
a     243     242     123712
a     243     251     123712
a     243     235     123712
a     244     265       1933
a     244     245     123712
a     244     243     123712
a     244     252     123712
a     244     236     123712
a     245     281       1933
a     245     246     123712
a     245     244     123712
a     245     253     123712
a     245     237     123712
a     246     259       1933
a     246     247     123712
a     246     245     123712
a     246     254     123712
a     246     238     123712
a     247     274       1933
a     247     248     123712
a     247     246     123712
a     247     255     123712
a     247     239     123712
a     248     273       1933
a     248     247     123712
a     248     256     123712
a     248     240     123712
a     249     318       1933
a     249     250     123712
a     249     241     123712
a     250     307       1933
a     250     251     123712
a     250     249     123712
a     250     242     123712
a     251     304       1933
a     251     252     123712
a     251     250     123712
a     251     243     123712
a     252     284       1933
a     252     253     123712
a     252     251     123712
a     252     244     123712
a     253     263       1933
a     253     254     123712
a     253     252     123712
a     253     245     123712
a     254     258       1933
a     254     255     123712
a     254     253     123712
a     254     246     123712
a     255     262       1933
a     255     256     123712
a     255     254     123712
a     255     247     123712
a     256     309       1933
a     256     255     123712
a     256     248     123712
a     257     258     123712
a     257     265     123712
a     258     259     123712
a     258     257     123712
a     258     266     123712
a     259     260     123712
a     259     258     123712
a     259     267     123712
a     260     261     123712
a     260     259     123712
a     260     268     123712
a     261     262     123712
a     261     260     123712
a     261     269     123712
a     262     263     123712
a     262     261     123712
a     262     270     123712
a     263     264     123712
a     263     262     123712
a     263     271     123712
a     264     263     123712
a     264     272     123712
a     265     266     123712
a     265     273     123712
a     265     257     123712
a     266     267     123712
a     266     265     123712
a     266     274     123712
a     266     258     123712
a     267     268     123712
a     267     266     123712
a     267     275     123712
a     267     259     123712
a     268     269     123712
a     268     267     123712
a     268     276     123712
a     268     260     123712
a     269     270     123712
a     269     268     123712
a     269     277     123712
a     269     261     123712
a     270     271     123712
a     270     269     123712
a     270     278     123712
a     270     262     123712
a     271     272     123712
a     271     270     123712
a     271     279     123712
a     271     263     123712
a     272     271     123712
a     272     280     123712
a     272     264     123712
a     273     274     123712
a     273     281     123712
a     273     265     123712
a     274     275     123712
a     274     273     123712
a     274     282     123712
a     274     266     123712
a     275     276     123712
a     275     274     123712
a     275     283     123712
a     275     267     123712
a     276     277     123712
a     276     275     123712
a     276     284     123712
a     276     268     123712
a     277     278     123712
a     277     276     123712
a     277     285     123712
a     277     269     123712
a     278     279     123712
a     278     277     123712
a     278     286     123712
a     278     270     123712
a     279     280     123712
a     279     278     123712
a     279     287     123712
a     279     271     123712
a     280     279     123712
a     280     288     123712
a     280     272     123712
a     281     282     123712
a     281     289     123712
a     281     273     123712
a     282     283     123712
a     282     281     123712
a     282     290     123712
a     282     274     123712
a     283     284     123712
a     283     282     123712
a     283     291     123712
a     283     275     123712
a     284     285     123712
a     284     283     123712
a     284     292     123712
a     284     276     123712
a     285     286     123712
a     285     284     123712
a     285     293     123712
a     285     277     123712
a     286     287     123712
a     286     285     123712
a     286     294     123712
a     286     278     123712
a     287     288     123712
a     287     286     123712
a     287     295     123712
a     287     279     123712
a     288     287     123712
a     288     296     123712
a     288     280     123712
a     289     290     123712
a     289     297     123712
a     289     281     123712
a     290     291     123712
a     290     289     123712
a     290     298     123712
a     290     282     123712
a     291     292     123712
a     291     290     123712
a     291     299     123712
a     291     283     123712
a     292     293     123712
a     292     291     123712
a     292     300     123712
a     292     284     123712
a     293     294     123712
a     293     292     123712
a     293     301     123712
a     293     285     123712
a     294     295     123712
a     294     293     123712
a     294     302     123712
a     294     286     123712
a     295     296     123712
a     295     294     123712
a     295     303     123712
a     295     287     123712
a     296     295     123712
a     296     304     123712
a     296     288     123712
a     297     298     123712
a     297     305     123712
a     297     289     123712
a     298     299     123712
a     298     297     123712
a     298     306     123712
a     298     290     123712
a     299     300     123712
a     299     298     123712
a     299     307     123712
a     299     291     123712
a     300     301     123712
a     300     299     123712
a     300     308     123712
a     300     292     123712
a     301     302     123712
a     301     300     123712
a     301     309     123712
a     301     293     123712
a     302     303     123712
a     302     301     123712
a     302     310     123712
a     302     294     123712
a     303     304     123712
a     303     302     123712
a     303     311     123712
a     303     295     123712
a     304     303     123712
a     304     312     123712
a     304     296     123712
a     305     306     123712
a     305     313     123712
a     305     297     123712
a     306     307     123712
a     306     305     123712
a     306     314     123712
a     306     298     123712
a     307     308     123712
a     307     306     123712
a     307     315     123712
a     307     299     123712
a     308     309     123712
a     308     307     123712
a     308     316     123712
a     308     300     123712
a     309     310     123712
a     309     308     123712
a     309     317     123712
a     309     301     123712
a     310     311     123712
a     310     309     123712
a     310     318     123712
a     310     302     123712
a     311     312     123712
a     311     310     123712
a     311     319     123712
a     311     303     123712
a     312     311     123712
a     312     320     123712
a     312     304     123712
a     313     314     123712
a     313     305     123712
a     314     315     123712
a     314     313     123712
a     314     306     123712
a     315     316     123712
a     315     314     123712
a     315     307     123712
a     316     317     123712
a     316     315     123712
a     316     308     123712
a     317     318     123712
a     317     316     123712
a     317     309     123712
a     318     319     123712
a     318     317     123712
a     318     310     123712
a     319     320     123712
a     319     318     123712
a     319     311     123712
a     320     319     123712
a     320     312     123712
