c This file was generated by genrmf.
c The parameters are: a: 8 b: 4 c1: 1975 c2: 1975 seed: 1666103673
p max     256       1088
n       1 s
n     256 t
a       1      71       1975
a       1       2     126400
a       1       9     126400
a       2      77       1975
a       2       3     126400
a       2       1     126400
a       2      10     126400
a       3      76       1975
a       3       4     126400
a       3       2     126400
a       3      11     126400
a       4     117       1975
a       4       5     126400
a       4       3     126400
a       4      12     126400
a       5     116       1975
a       5       6     126400
a       5       4     126400
a       5      13     126400
a       6     106       1975
a       6       7     126400
a       6       5     126400
a       6      14     126400
a       7      98       1975
a       7       8     126400
a       7       6     126400
a       7      15     126400
a       8      73       1975
a       8       7     126400
a       8      16     126400
a       9     118       1975
a       9      10     126400
a       9      17     126400
a       9       1     126400
a      10      92       1975
a      10      11     126400
a      10       9     126400
a      10      18     126400
a      10       2     126400
a      11      72       1975
a      11      12     126400
a      11      10     126400
a      11      19     126400
a      11       3     126400
a      12      95       1975
a      12      13     126400
a      12      11     126400
a      12      20     126400
a      12       4     126400
a      13      74       1975
a      13      14     126400
a      13      12     126400
a      13      21     126400
a      13       5     126400
a      14     119       1975
a      14      15     126400
a      14      13     126400
a      14      22     126400
a      14       6     126400
a      15     122       1975
a      15      16     126400
a      15      14     126400
a      15      23     126400
a      15       7     126400
a      16      81       1975
a      16      15     126400
a      16      24     126400
a      16       8     126400
a      17      67       1975
a      17      18     126400
a      17      25     126400
a      17       9     126400
a      18     124       1975
a      18      19     126400
a      18      17     126400
a      18      26     126400
a      18      10     126400
a      19     105       1975
a      19      20     126400
a      19      18     126400
a      19      27     126400
a      19      11     126400
a      20      66       1975
a      20      21     126400
a      20      19     126400
a      20      28     126400
a      20      12     126400
a      21      90       1975
a      21      22     126400
a      21      20     126400
a      21      29     126400
a      21      13     126400
a      22     109       1975
a      22      23     126400
a      22      21     126400
a      22      30     126400
a      22      14     126400
a      23     107       1975
a      23      24     126400
a      23      22     126400
a      23      31     126400
a      23      15     126400
a      24      84       1975
a      24      23     126400
a      24      32     126400
a      24      16     126400
a      25     128       1975
a      25      26     126400
a      25      33     126400
a      25      17     126400
a      26     115       1975
a      26      27     126400
a      26      25     126400
a      26      34     126400
a      26      18     126400
a      27      70       1975
a      27      28     126400
a      27      26     126400
a      27      35     126400
a      27      19     126400
a      28      97       1975
a      28      29     126400
a      28      27     126400
a      28      36     126400
a      28      20     126400
a      29      78       1975
a      29      30     126400
a      29      28     126400
a      29      37     126400
a      29      21     126400
a      30     100       1975
a      30      31     126400
a      30      29     126400
a      30      38     126400
a      30      22     126400
a      31      83       1975
a      31      32     126400
a      31      30     126400
a      31      39     126400
a      31      23     126400
a      32      79       1975
a      32      31     126400
a      32      40     126400
a      32      24     126400
a      33      69       1975
a      33      34     126400
a      33      41     126400
a      33      25     126400
a      34     103       1975
a      34      35     126400
a      34      33     126400
a      34      42     126400
a      34      26     126400
a      35      80       1975
a      35      36     126400
a      35      34     126400
a      35      43     126400
a      35      27     126400
a      36      86       1975
a      36      37     126400
a      36      35     126400
a      36      44     126400
a      36      28     126400
a      37     102       1975
a      37      38     126400
a      37      36     126400
a      37      45     126400
a      37      29     126400
a      38     125       1975
a      38      39     126400
a      38      37     126400
a      38      46     126400
a      38      30     126400
a      39     111       1975
a      39      40     126400
a      39      38     126400
a      39      47     126400
a      39      31     126400
a      40      68       1975
a      40      39     126400
a      40      48     126400
a      40      32     126400
a      41      82       1975
a      41      42     126400
a      41      49     126400
a      41      33     126400
a      42      91       1975
a      42      43     126400
a      42      41     126400
a      42      50     126400
a      42      34     126400
a      43     123       1975
a      43      44     126400
a      43      42     126400
a      43      51     126400
a      43      35     126400
a      44     121       1975
a      44      45     126400
a      44      43     126400
a      44      52     126400
a      44      36     126400
a      45     110       1975
a      45      46     126400
a      45      44     126400
a      45      53     126400
a      45      37     126400
a      46      87       1975
a      46      47     126400
a      46      45     126400
a      46      54     126400
a      46      38     126400
a      47     104       1975
a      47      48     126400
a      47      46     126400
a      47      55     126400
a      47      39     126400
a      48      89       1975
a      48      47     126400
a      48      56     126400
a      48      40     126400
a      49      75       1975
a      49      50     126400
a      49      57     126400
a      49      41     126400
a      50     120       1975
a      50      51     126400
a      50      49     126400
a      50      58     126400
a      50      42     126400
a      51     113       1975
a      51      52     126400
a      51      50     126400
a      51      59     126400
a      51      43     126400
a      52      85       1975
a      52      53     126400
a      52      51     126400
a      52      60     126400
a      52      44     126400
a      53     108       1975
a      53      54     126400
a      53      52     126400
a      53      61     126400
a      53      45     126400
a      54      96       1975
a      54      55     126400
a      54      53     126400
a      54      62     126400
a      54      46     126400
a      55     112       1975
a      55      56     126400
a      55      54     126400
a      55      63     126400
a      55      47     126400
a      56     126       1975
a      56      55     126400
a      56      64     126400
a      56      48     126400
a      57     101       1975
a      57      58     126400
a      57      49     126400
a      58      88       1975
a      58      59     126400
a      58      57     126400
a      58      50     126400
a      59     127       1975
a      59      60     126400
a      59      58     126400
a      59      51     126400
a      60      94       1975
a      60      61     126400
a      60      59     126400
a      60      52     126400
a      61     114       1975
a      61      62     126400
a      61      60     126400
a      61      53     126400
a      62      65       1975
a      62      63     126400
a      62      61     126400
a      62      54     126400
a      63      99       1975
a      63      64     126400
a      63      62     126400
a      63      55     126400
a      64      93       1975
a      64      63     126400
a      64      56     126400
a      65     162       1975
a      65      66     126400
a      65      73     126400
a      66     159       1975
a      66      67     126400
a      66      65     126400
a      66      74     126400
a      67     145       1975
a      67      68     126400
a      67      66     126400
a      67      75     126400
a      68     151       1975
a      68      69     126400
a      68      67     126400
a      68      76     126400
a      69     144       1975
a      69      70     126400
a      69      68     126400
a      69      77     126400
a      70     152       1975
a      70      71     126400
a      70      69     126400
a      70      78     126400
a      71     149       1975
a      71      72     126400
a      71      70     126400
a      71      79     126400
a      72     136       1975
a      72      71     126400
a      72      80     126400
a      73     142       1975
a      73      74     126400
a      73      81     126400
a      73      65     126400
a      74     187       1975
a      74      75     126400
a      74      73     126400
a      74      82     126400
a      74      66     126400
a      75     192       1975
a      75      76     126400
a      75      74     126400
a      75      83     126400
a      75      67     126400
a      76     153       1975
a      76      77     126400
a      76      75     126400
a      76      84     126400
a      76      68     126400
a      77     177       1975
a      77      78     126400
a      77      76     126400
a      77      85     126400
a      77      69     126400
a      78     174       1975
a      78      79     126400
a      78      77     126400
a      78      86     126400
a      78      70     126400
a      79     135       1975
a      79      80     126400
a      79      78     126400
a      79      87     126400
a      79      71     126400
a      80     182       1975
a      80      79     126400
a      80      88     126400
a      80      72     126400
a      81     172       1975
a      81      82     126400
a      81      89     126400
a      81      73     126400
a      82     137       1975
a      82      83     126400
a      82      81     126400
a      82      90     126400
a      82      74     126400
a      83     185       1975
a      83      84     126400
a      83      82     126400
a      83      91     126400
a      83      75     126400
a      84     168       1975
a      84      85     126400
a      84      83     126400
a      84      92     126400
a      84      76     126400
a      85     134       1975
a      85      86     126400
a      85      84     126400
a      85      93     126400
a      85      77     126400
a      86     129       1975
a      86      87     126400
a      86      85     126400
a      86      94     126400
a      86      78     126400
a      87     132       1975
a      87      88     126400
a      87      86     126400
a      87      95     126400
a      87      79     126400
a      88     133       1975
a      88      87     126400
a      88      96     126400
a      88      80     126400
a      89     157       1975
a      89      90     126400
a      89      97     126400
a      89      81     126400
a      90     166       1975
a      90      91     126400
a      90      89     126400
a      90      98     126400
a      90      82     126400
a      91     179       1975
a      91      92     126400
a      91      90     126400
a      91      99     126400
a      91      83     126400
a      92     155       1975
a      92      93     126400
a      92      91     126400
a      92     100     126400
a      92      84     126400
a      93     161       1975
a      93      94     126400
a      93      92     126400
a      93     101     126400
a      93      85     126400
a      94     165       1975
a      94      95     126400
a      94      93     126400
a      94     102     126400
a      94      86     126400
a      95     167       1975
a      95      96     126400
a      95      94     126400
a      95     103     126400
a      95      87     126400
a      96     176       1975
a      96      95     126400
a      96     104     126400
a      96      88     126400
a      97     154       1975
a      97      98     126400
a      97     105     126400
a      97      89     126400
a      98     163       1975
a      98      99     126400
a      98      97     126400
a      98     106     126400
a      98      90     126400
a      99     130       1975
a      99     100     126400
a      99      98     126400
a      99     107     126400
a      99      91     126400
a     100     175       1975
a     100     101     126400
a     100      99     126400
a     100     108     126400
a     100      92     126400
a     101     164       1975
a     101     102     126400
a     101     100     126400
a     101     109     126400
a     101      93     126400
a     102     181       1975
a     102     103     126400
a     102     101     126400
a     102     110     126400
a     102      94     126400
a     103     158       1975
a     103     104     126400
a     103     102     126400
a     103     111     126400
a     103      95     126400
a     104     148       1975
a     104     103     126400
a     104     112     126400
a     104      96     126400
a     105     170       1975
a     105     106     126400
a     105     113     126400
a     105      97     126400
a     106     171       1975
a     106     107     126400
a     106     105     126400
a     106     114     126400
a     106      98     126400
a     107     147       1975
a     107     108     126400
a     107     106     126400
a     107     115     126400
a     107      99     126400
a     108     173       1975
a     108     109     126400
a     108     107     126400
a     108     116     126400
a     108     100     126400
a     109     184       1975
a     109     110     126400
a     109     108     126400
a     109     117     126400
a     109     101     126400
a     110     190       1975
a     110     111     126400
a     110     109     126400
a     110     118     126400
a     110     102     126400
a     111     156       1975
a     111     112     126400
a     111     110     126400
a     111     119     126400
a     111     103     126400
a     112     189       1975
a     112     111     126400
a     112     120     126400
a     112     104     126400
a     113     191       1975
a     113     114     126400
a     113     121     126400
a     113     105     126400
a     114     160       1975
a     114     115     126400
a     114     113     126400
a     114     122     126400
a     114     106     126400
a     115     143       1975
a     115     116     126400
a     115     114     126400
a     115     123     126400
a     115     107     126400
a     116     140       1975
a     116     117     126400
a     116     115     126400
a     116     124     126400
a     116     108     126400
a     117     180       1975
a     117     118     126400
a     117     116     126400
a     117     125     126400
a     117     109     126400
a     118     138       1975
a     118     119     126400
a     118     117     126400
a     118     126     126400
a     118     110     126400
a     119     186       1975
a     119     120     126400
a     119     118     126400
a     119     127     126400
a     119     111     126400
a     120     139       1975
a     120     119     126400
a     120     128     126400
a     120     112     126400
a     121     188       1975
a     121     122     126400
a     121     113     126400
a     122     169       1975
a     122     123     126400
a     122     121     126400
a     122     114     126400
a     123     178       1975
a     123     124     126400
a     123     122     126400
a     123     115     126400
a     124     131       1975
a     124     125     126400
a     124     123     126400
a     124     116     126400
a     125     141       1975
a     125     126     126400
a     125     124     126400
a     125     117     126400
a     126     150       1975
a     126     127     126400
a     126     125     126400
a     126     118     126400
a     127     183       1975
a     127     128     126400
a     127     126     126400
a     127     119     126400
a     128     146       1975
a     128     127     126400
a     128     120     126400
a     129     211       1975
a     129     130     126400
a     129     137     126400
a     130     202       1975
a     130     131     126400
a     130     129     126400
a     130     138     126400
a     131     234       1975
a     131     132     126400
a     131     130     126400
a     131     139     126400
a     132     197       1975
a     132     133     126400
a     132     131     126400
a     132     140     126400
a     133     243       1975
a     133     134     126400
a     133     132     126400
a     133     141     126400
a     134     233       1975
a     134     135     126400
a     134     133     126400
a     134     142     126400
a     135     219       1975
a     135     136     126400
a     135     134     126400
a     135     143     126400
a     136     210       1975
a     136     135     126400
a     136     144     126400
a     137     253       1975
a     137     138     126400
a     137     145     126400
a     137     129     126400
a     138     217       1975
a     138     139     126400
a     138     137     126400
a     138     146     126400
a     138     130     126400
a     139     224       1975
a     139     140     126400
a     139     138     126400
a     139     147     126400
a     139     131     126400
a     140     193       1975
a     140     141     126400
a     140     139     126400
a     140     148     126400
a     140     132     126400
a     141     198       1975
a     141     142     126400
a     141     140     126400
a     141     149     126400
a     141     133     126400
a     142     229       1975
a     142     143     126400
a     142     141     126400
a     142     150     126400
a     142     134     126400
a     143     196       1975
a     143     144     126400
a     143     142     126400
a     143     151     126400
a     143     135     126400
a     144     227       1975
a     144     143     126400
a     144     152     126400
a     144     136     126400
a     145     247       1975
a     145     146     126400
a     145     153     126400
a     145     137     126400
a     146     239       1975
a     146     147     126400
a     146     145     126400
a     146     154     126400
a     146     138     126400
a     147     252       1975
a     147     148     126400
a     147     146     126400
a     147     155     126400
a     147     139     126400
a     148     238       1975
a     148     149     126400
a     148     147     126400
a     148     156     126400
a     148     140     126400
a     149     248       1975
a     149     150     126400
a     149     148     126400
a     149     157     126400
a     149     141     126400
a     150     218       1975
a     150     151     126400
a     150     149     126400
a     150     158     126400
a     150     142     126400
a     151     237       1975
a     151     152     126400
a     151     150     126400
a     151     159     126400
a     151     143     126400
a     152     256       1975
a     152     151     126400
a     152     160     126400
a     152     144     126400
a     153     215       1975
a     153     154     126400
a     153     161     126400
a     153     145     126400
a     154     249       1975
a     154     155     126400
a     154     153     126400
a     154     162     126400
a     154     146     126400
a     155     203       1975
a     155     156     126400
a     155     154     126400
a     155     163     126400
a     155     147     126400
a     156     230       1975
a     156     157     126400
a     156     155     126400
a     156     164     126400
a     156     148     126400
a     157     214       1975
a     157     158     126400
a     157     156     126400
a     157     165     126400
a     157     149     126400
a     158     209       1975
a     158     159     126400
a     158     157     126400
a     158     166     126400
a     158     150     126400
a     159     199       1975
a     159     160     126400
a     159     158     126400
a     159     167     126400
a     159     151     126400
a     160     213       1975
a     160     159     126400
a     160     168     126400
a     160     152     126400
a     161     223       1975
a     161     162     126400
a     161     169     126400
a     161     153     126400
a     162     244       1975
a     162     163     126400
a     162     161     126400
a     162     170     126400
a     162     154     126400
a     163     255       1975
a     163     164     126400
a     163     162     126400
a     163     171     126400
a     163     155     126400
a     164     231       1975
a     164     165     126400
a     164     163     126400
a     164     172     126400
a     164     156     126400
a     165     250       1975
a     165     166     126400
a     165     164     126400
a     165     173     126400
a     165     157     126400
a     166     194       1975
a     166     167     126400
a     166     165     126400
a     166     174     126400
a     166     158     126400
a     167     246       1975
a     167     168     126400
a     167     166     126400
a     167     175     126400
a     167     159     126400
a     168     207       1975
a     168     167     126400
a     168     176     126400
a     168     160     126400
a     169     221       1975
a     169     170     126400
a     169     177     126400
a     169     161     126400
a     170     195       1975
a     170     171     126400
a     170     169     126400
a     170     178     126400
a     170     162     126400
a     171     225       1975
a     171     172     126400
a     171     170     126400
a     171     179     126400
a     171     163     126400
a     172     241       1975
a     172     173     126400
a     172     171     126400
a     172     180     126400
a     172     164     126400
a     173     222       1975
a     173     174     126400
a     173     172     126400
a     173     181     126400
a     173     165     126400
a     174     236       1975
a     174     175     126400
a     174     173     126400
a     174     182     126400
a     174     166     126400
a     175     242       1975
a     175     176     126400
a     175     174     126400
a     175     183     126400
a     175     167     126400
a     176     251       1975
a     176     175     126400
a     176     184     126400
a     176     168     126400
a     177     216       1975
a     177     178     126400
a     177     185     126400
a     177     169     126400
a     178     204       1975
a     178     179     126400
a     178     177     126400
a     178     186     126400
a     178     170     126400
a     179     240       1975
a     179     180     126400
a     179     178     126400
a     179     187     126400
a     179     171     126400
a     180     254       1975
a     180     181     126400
a     180     179     126400
a     180     188     126400
a     180     172     126400
a     181     205       1975
a     181     182     126400
a     181     180     126400
a     181     189     126400
a     181     173     126400
a     182     200       1975
a     182     183     126400
a     182     181     126400
a     182     190     126400
a     182     174     126400
a     183     206       1975
a     183     184     126400
a     183     182     126400
a     183     191     126400
a     183     175     126400
a     184     212       1975
a     184     183     126400
a     184     192     126400
a     184     176     126400
a     185     220       1975
a     185     186     126400
a     185     177     126400
a     186     208       1975
a     186     187     126400
a     186     185     126400
a     186     178     126400
a     187     226       1975
a     187     188     126400
a     187     186     126400
a     187     179     126400
a     188     228       1975
a     188     189     126400
a     188     187     126400
a     188     180     126400
a     189     245       1975
a     189     190     126400
a     189     188     126400
a     189     181     126400
a     190     232       1975
a     190     191     126400
a     190     189     126400
a     190     182     126400
a     191     201       1975
a     191     192     126400
a     191     190     126400
a     191     183     126400
a     192     235       1975
a     192     191     126400
a     192     184     126400
a     193     194     126400
a     193     201     126400
a     194     195     126400
a     194     193     126400
a     194     202     126400
a     195     196     126400
a     195     194     126400
a     195     203     126400
a     196     197     126400
a     196     195     126400
a     196     204     126400
a     197     198     126400
a     197     196     126400
a     197     205     126400
a     198     199     126400
a     198     197     126400
a     198     206     126400
a     199     200     126400
a     199     198     126400
a     199     207     126400
a     200     199     126400
a     200     208     126400
a     201     202     126400
a     201     209     126400
a     201     193     126400
a     202     203     126400
a     202     201     126400
a     202     210     126400
a     202     194     126400
a     203     204     126400
a     203     202     126400
a     203     211     126400
a     203     195     126400
a     204     205     126400
a     204     203     126400
a     204     212     126400
a     204     196     126400
a     205     206     126400
a     205     204     126400
a     205     213     126400
a     205     197     126400
a     206     207     126400
a     206     205     126400
a     206     214     126400
a     206     198     126400
a     207     208     126400
a     207     206     126400
a     207     215     126400
a     207     199     126400
a     208     207     126400
a     208     216     126400
a     208     200     126400
a     209     210     126400
a     209     217     126400
a     209     201     126400
a     210     211     126400
a     210     209     126400
a     210     218     126400
a     210     202     126400
a     211     212     126400
a     211     210     126400
a     211     219     126400
a     211     203     126400
a     212     213     126400
a     212     211     126400
a     212     220     126400
a     212     204     126400
a     213     214     126400
a     213     212     126400
a     213     221     126400
a     213     205     126400
a     214     215     126400
a     214     213     126400
a     214     222     126400
a     214     206     126400
a     215     216     126400
a     215     214     126400
a     215     223     126400
a     215     207     126400
a     216     215     126400
a     216     224     126400
a     216     208     126400
a     217     218     126400
a     217     225     126400
a     217     209     126400
a     218     219     126400
a     218     217     126400
a     218     226     126400
a     218     210     126400
a     219     220     126400
a     219     218     126400
a     219     227     126400
a     219     211     126400
a     220     221     126400
a     220     219     126400
a     220     228     126400
a     220     212     126400
a     221     222     126400
a     221     220     126400
a     221     229     126400
a     221     213     126400
a     222     223     126400
a     222     221     126400
a     222     230     126400
a     222     214     126400
a     223     224     126400
a     223     222     126400
a     223     231     126400
a     223     215     126400
a     224     223     126400
a     224     232     126400
a     224     216     126400
a     225     226     126400
a     225     233     126400
a     225     217     126400
a     226     227     126400
a     226     225     126400
a     226     234     126400
a     226     218     126400
a     227     228     126400
a     227     226     126400
a     227     235     126400
a     227     219     126400
a     228     229     126400
a     228     227     126400
a     228     236     126400
a     228     220     126400
a     229     230     126400
a     229     228     126400
a     229     237     126400
a     229     221     126400
a     230     231     126400
a     230     229     126400
a     230     238     126400
a     230     222     126400
a     231     232     126400
a     231     230     126400
a     231     239     126400
a     231     223     126400
a     232     231     126400
a     232     240     126400
a     232     224     126400
a     233     234     126400
a     233     241     126400
a     233     225     126400
a     234     235     126400
a     234     233     126400
a     234     242     126400
a     234     226     126400
a     235     236     126400
a     235     234     126400
a     235     243     126400
a     235     227     126400
a     236     237     126400
a     236     235     126400
a     236     244     126400
a     236     228     126400
a     237     238     126400
a     237     236     126400
a     237     245     126400
a     237     229     126400
a     238     239     126400
a     238     237     126400
a     238     246     126400
a     238     230     126400
a     239     240     126400
a     239     238     126400
a     239     247     126400
a     239     231     126400
a     240     239     126400
a     240     248     126400
a     240     232     126400
a     241     242     126400
a     241     249     126400
a     241     233     126400
a     242     243     126400
a     242     241     126400
a     242     250     126400
a     242     234     126400
a     243     244     126400
a     243     242     126400
a     243     251     126400
a     243     235     126400
a     244     245     126400
a     244     243     126400
a     244     252     126400
a     244     236     126400
a     245     246     126400
a     245     244     126400
a     245     253     126400
a     245     237     126400
a     246     247     126400
a     246     245     126400
a     246     254     126400
a     246     238     126400
a     247     248     126400
a     247     246     126400
a     247     255     126400
a     247     239     126400
a     248     247     126400
a     248     256     126400
a     248     240     126400
a     249     250     126400
a     249     241     126400
a     250     251     126400
a     250     249     126400
a     250     242     126400
a     251     252     126400
a     251     250     126400
a     251     243     126400
a     252     253     126400
a     252     251     126400
a     252     244     126400
a     253     254     126400
a     253     252     126400
a     253     245     126400
a     254     255     126400
a     254     253     126400
a     254     246     126400
a     255     256     126400
a     255     254     126400
a     255     247     126400
a     256     255     126400
a     256     248     126400
