c This file was generated by genrmf.
c The parameters are: a: 4 b: 16 c1: 1825 c2: 1825 seed: 1666103673
p max     256       1008
n       1 s
n     256 t
a       1      18       1825
a       1       2      29200
a       1       5      29200
a       2      20       1825
a       2       3      29200
a       2       1      29200
a       2       6      29200
a       3      21       1825
a       3       4      29200
a       3       2      29200
a       3       7      29200
a       4      30       1825
a       4       3      29200
a       4       8      29200
a       5      17       1825
a       5       6      29200
a       5       9      29200
a       5       1      29200
a       6      28       1825
a       6       7      29200
a       6       5      29200
a       6      10      29200
a       6       2      29200
a       7      27       1825
a       7       8      29200
a       7       6      29200
a       7      11      29200
a       7       3      29200
a       8      24       1825
a       8       7      29200
a       8      12      29200
a       8       4      29200
a       9      31       1825
a       9      10      29200
a       9      13      29200
a       9       5      29200
a      10      22       1825
a      10      11      29200
a      10       9      29200
a      10      14      29200
a      10       6      29200
a      11      25       1825
a      11      12      29200
a      11      10      29200
a      11      15      29200
a      11       7      29200
a      12      29       1825
a      12      11      29200
a      12      16      29200
a      12       8      29200
a      13      19       1825
a      13      14      29200
a      13       9      29200
a      14      32       1825
a      14      15      29200
a      14      13      29200
a      14      10      29200
a      15      26       1825
a      15      16      29200
a      15      14      29200
a      15      11      29200
a      16      23       1825
a      16      15      29200
a      16      12      29200
a      17      35       1825
a      17      18      29200
a      17      21      29200
a      18      41       1825
a      18      19      29200
a      18      17      29200
a      18      22      29200
a      19      33       1825
a      19      20      29200
a      19      18      29200
a      19      23      29200
a      20      44       1825
a      20      19      29200
a      20      24      29200
a      21      40       1825
a      21      22      29200
a      21      25      29200
a      21      17      29200
a      22      46       1825
a      22      23      29200
a      22      21      29200
a      22      26      29200
a      22      18      29200
a      23      42       1825
a      23      24      29200
a      23      22      29200
a      23      27      29200
a      23      19      29200
a      24      38       1825
a      24      23      29200
a      24      28      29200
a      24      20      29200
a      25      34       1825
a      25      26      29200
a      25      29      29200
a      25      21      29200
a      26      43       1825
a      26      27      29200
a      26      25      29200
a      26      30      29200
a      26      22      29200
a      27      36       1825
a      27      28      29200
a      27      26      29200
a      27      31      29200
a      27      23      29200
a      28      37       1825
a      28      27      29200
a      28      32      29200
a      28      24      29200
a      29      45       1825
a      29      30      29200
a      29      25      29200
a      30      48       1825
a      30      31      29200
a      30      29      29200
a      30      26      29200
a      31      39       1825
a      31      32      29200
a      31      30      29200
a      31      27      29200
a      32      47       1825
a      32      31      29200
a      32      28      29200
a      33      54       1825
a      33      34      29200
a      33      37      29200
a      34      49       1825
a      34      35      29200
a      34      33      29200
a      34      38      29200
a      35      51       1825
a      35      36      29200
a      35      34      29200
a      35      39      29200
a      36      56       1825
a      36      35      29200
a      36      40      29200
a      37      62       1825
a      37      38      29200
a      37      41      29200
a      37      33      29200
a      38      55       1825
a      38      39      29200
a      38      37      29200
a      38      42      29200
a      38      34      29200
a      39      59       1825
a      39      40      29200
a      39      38      29200
a      39      43      29200
a      39      35      29200
a      40      58       1825
a      40      39      29200
a      40      44      29200
a      40      36      29200
a      41      64       1825
a      41      42      29200
a      41      45      29200
a      41      37      29200
a      42      53       1825
a      42      43      29200
a      42      41      29200
a      42      46      29200
a      42      38      29200
a      43      60       1825
a      43      44      29200
a      43      42      29200
a      43      47      29200
a      43      39      29200
a      44      63       1825
a      44      43      29200
a      44      48      29200
a      44      40      29200
a      45      57       1825
a      45      46      29200
a      45      41      29200
a      46      52       1825
a      46      47      29200
a      46      45      29200
a      46      42      29200
a      47      61       1825
a      47      48      29200
a      47      46      29200
a      47      43      29200
a      48      50       1825
a      48      47      29200
a      48      44      29200
a      49      71       1825
a      49      50      29200
a      49      53      29200
a      50      78       1825
a      50      51      29200
a      50      49      29200
a      50      54      29200
a      51      65       1825
a      51      52      29200
a      51      50      29200
a      51      55      29200
a      52      75       1825
a      52      51      29200
a      52      56      29200
a      53      73       1825
a      53      54      29200
a      53      57      29200
a      53      49      29200
a      54      68       1825
a      54      55      29200
a      54      53      29200
a      54      58      29200
a      54      50      29200
a      55      66       1825
a      55      56      29200
a      55      54      29200
a      55      59      29200
a      55      51      29200
a      56      67       1825
a      56      55      29200
a      56      60      29200
a      56      52      29200
a      57      79       1825
a      57      58      29200
a      57      61      29200
a      57      53      29200
a      58      77       1825
a      58      59      29200
a      58      57      29200
a      58      62      29200
a      58      54      29200
a      59      80       1825
a      59      60      29200
a      59      58      29200
a      59      63      29200
a      59      55      29200
a      60      76       1825
a      60      59      29200
a      60      64      29200
a      60      56      29200
a      61      74       1825
a      61      62      29200
a      61      57      29200
a      62      69       1825
a      62      63      29200
a      62      61      29200
a      62      58      29200
a      63      72       1825
a      63      64      29200
a      63      62      29200
a      63      59      29200
a      64      70       1825
a      64      63      29200
a      64      60      29200
a      65      82       1825
a      65      66      29200
a      65      69      29200
a      66      90       1825
a      66      67      29200
a      66      65      29200
a      66      70      29200
a      67      92       1825
a      67      68      29200
a      67      66      29200
a      67      71      29200
a      68      89       1825
a      68      67      29200
a      68      72      29200
a      69      84       1825
a      69      70      29200
a      69      73      29200
a      69      65      29200
a      70      83       1825
a      70      71      29200
a      70      69      29200
a      70      74      29200
a      70      66      29200
a      71      94       1825
a      71      72      29200
a      71      70      29200
a      71      75      29200
a      71      67      29200
a      72      81       1825
a      72      71      29200
a      72      76      29200
a      72      68      29200
a      73      86       1825
a      73      74      29200
a      73      77      29200
a      73      69      29200
a      74      88       1825
a      74      75      29200
a      74      73      29200
a      74      78      29200
a      74      70      29200
a      75      96       1825
a      75      76      29200
a      75      74      29200
a      75      79      29200
a      75      71      29200
a      76      87       1825
a      76      75      29200
a      76      80      29200
a      76      72      29200
a      77      93       1825
a      77      78      29200
a      77      73      29200
a      78      85       1825
a      78      79      29200
a      78      77      29200
a      78      74      29200
a      79      95       1825
a      79      80      29200
a      79      78      29200
a      79      75      29200
a      80      91       1825
a      80      79      29200
a      80      76      29200
a      81      99       1825
a      81      82      29200
a      81      85      29200
a      82     109       1825
a      82      83      29200
a      82      81      29200
a      82      86      29200
a      83     105       1825
a      83      84      29200
a      83      82      29200
a      83      87      29200
a      84     106       1825
a      84      83      29200
a      84      88      29200
a      85      98       1825
a      85      86      29200
a      85      89      29200
a      85      81      29200
a      86     107       1825
a      86      87      29200
a      86      85      29200
a      86      90      29200
a      86      82      29200
a      87     112       1825
a      87      88      29200
a      87      86      29200
a      87      91      29200
a      87      83      29200
a      88     102       1825
a      88      87      29200
a      88      92      29200
a      88      84      29200
a      89     101       1825
a      89      90      29200
a      89      93      29200
a      89      85      29200
a      90     103       1825
a      90      91      29200
a      90      89      29200
a      90      94      29200
a      90      86      29200
a      91     111       1825
a      91      92      29200
a      91      90      29200
a      91      95      29200
a      91      87      29200
a      92     110       1825
a      92      91      29200
a      92      96      29200
a      92      88      29200
a      93     104       1825
a      93      94      29200
a      93      89      29200
a      94     100       1825
a      94      95      29200
a      94      93      29200
a      94      90      29200
a      95      97       1825
a      95      96      29200
a      95      94      29200
a      95      91      29200
a      96     108       1825
a      96      95      29200
a      96      92      29200
a      97     127       1825
a      97      98      29200
a      97     101      29200
a      98     125       1825
a      98      99      29200
a      98      97      29200
a      98     102      29200
a      99     118       1825
a      99     100      29200
a      99      98      29200
a      99     103      29200
a     100     126       1825
a     100      99      29200
a     100     104      29200
a     101     119       1825
a     101     102      29200
a     101     105      29200
a     101      97      29200
a     102     120       1825
a     102     103      29200
a     102     101      29200
a     102     106      29200
a     102      98      29200
a     103     117       1825
a     103     104      29200
a     103     102      29200
a     103     107      29200
a     103      99      29200
a     104     113       1825
a     104     103      29200
a     104     108      29200
a     104     100      29200
a     105     128       1825
a     105     106      29200
a     105     109      29200
a     105     101      29200
a     106     116       1825
a     106     107      29200
a     106     105      29200
a     106     110      29200
a     106     102      29200
a     107     115       1825
a     107     108      29200
a     107     106      29200
a     107     111      29200
a     107     103      29200
a     108     121       1825
a     108     107      29200
a     108     112      29200
a     108     104      29200
a     109     123       1825
a     109     110      29200
a     109     105      29200
a     110     114       1825
a     110     111      29200
a     110     109      29200
a     110     106      29200
a     111     122       1825
a     111     112      29200
a     111     110      29200
a     111     107      29200
a     112     124       1825
a     112     111      29200
a     112     108      29200
a     113     139       1825
a     113     114      29200
a     113     117      29200
a     114     137       1825
a     114     115      29200
a     114     113      29200
a     114     118      29200
a     115     132       1825
a     115     116      29200
a     115     114      29200
a     115     119      29200
a     116     129       1825
a     116     115      29200
a     116     120      29200
a     117     130       1825
a     117     118      29200
a     117     121      29200
a     117     113      29200
a     118     142       1825
a     118     119      29200
a     118     117      29200
a     118     122      29200
a     118     114      29200
a     119     131       1825
a     119     120      29200
a     119     118      29200
a     119     123      29200
a     119     115      29200
a     120     144       1825
a     120     119      29200
a     120     124      29200
a     120     116      29200
a     121     134       1825
a     121     122      29200
a     121     125      29200
a     121     117      29200
a     122     140       1825
a     122     123      29200
a     122     121      29200
a     122     126      29200
a     122     118      29200
a     123     133       1825
a     123     124      29200
a     123     122      29200
a     123     127      29200
a     123     119      29200
a     124     138       1825
a     124     123      29200
a     124     128      29200
a     124     120      29200
a     125     141       1825
a     125     126      29200
a     125     121      29200
a     126     143       1825
a     126     127      29200
a     126     125      29200
a     126     122      29200
a     127     136       1825
a     127     128      29200
a     127     126      29200
a     127     123      29200
a     128     135       1825
a     128     127      29200
a     128     124      29200
a     129     148       1825
a     129     130      29200
a     129     133      29200
a     130     147       1825
a     130     131      29200
a     130     129      29200
a     130     134      29200
a     131     157       1825
a     131     132      29200
a     131     130      29200
a     131     135      29200
a     132     159       1825
a     132     131      29200
a     132     136      29200
a     133     156       1825
a     133     134      29200
a     133     137      29200
a     133     129      29200
a     134     155       1825
a     134     135      29200
a     134     133      29200
a     134     138      29200
a     134     130      29200
a     135     158       1825
a     135     136      29200
a     135     134      29200
a     135     139      29200
a     135     131      29200
a     136     152       1825
a     136     135      29200
a     136     140      29200
a     136     132      29200
a     137     153       1825
a     137     138      29200
a     137     141      29200
a     137     133      29200
a     138     154       1825
a     138     139      29200
a     138     137      29200
a     138     142      29200
a     138     134      29200
a     139     150       1825
a     139     140      29200
a     139     138      29200
a     139     143      29200
a     139     135      29200
a     140     151       1825
a     140     139      29200
a     140     144      29200
a     140     136      29200
a     141     145       1825
a     141     142      29200
a     141     137      29200
a     142     146       1825
a     142     143      29200
a     142     141      29200
a     142     138      29200
a     143     149       1825
a     143     144      29200
a     143     142      29200
a     143     139      29200
a     144     160       1825
a     144     143      29200
a     144     140      29200
a     145     161       1825
a     145     146      29200
a     145     149      29200
a     146     164       1825
a     146     147      29200
a     146     145      29200
a     146     150      29200
a     147     162       1825
a     147     148      29200
a     147     146      29200
a     147     151      29200
a     148     176       1825
a     148     147      29200
a     148     152      29200
a     149     169       1825
a     149     150      29200
a     149     153      29200
a     149     145      29200
a     150     170       1825
a     150     151      29200
a     150     149      29200
a     150     154      29200
a     150     146      29200
a     151     173       1825
a     151     152      29200
a     151     150      29200
a     151     155      29200
a     151     147      29200
a     152     174       1825
a     152     151      29200
a     152     156      29200
a     152     148      29200
a     153     163       1825
a     153     154      29200
a     153     157      29200
a     153     149      29200
a     154     172       1825
a     154     155      29200
a     154     153      29200
a     154     158      29200
a     154     150      29200
a     155     167       1825
a     155     156      29200
a     155     154      29200
a     155     159      29200
a     155     151      29200
a     156     165       1825
a     156     155      29200
a     156     160      29200
a     156     152      29200
a     157     168       1825
a     157     158      29200
a     157     153      29200
a     158     166       1825
a     158     159      29200
a     158     157      29200
a     158     154      29200
a     159     171       1825
a     159     160      29200
a     159     158      29200
a     159     155      29200
a     160     175       1825
a     160     159      29200
a     160     156      29200
a     161     185       1825
a     161     162      29200
a     161     165      29200
a     162     186       1825
a     162     163      29200
a     162     161      29200
a     162     166      29200
a     163     181       1825
a     163     164      29200
a     163     162      29200
a     163     167      29200
a     164     182       1825
a     164     163      29200
a     164     168      29200
a     165     188       1825
a     165     166      29200
a     165     169      29200
a     165     161      29200
a     166     179       1825
a     166     167      29200
a     166     165      29200
a     166     170      29200
a     166     162      29200
a     167     177       1825
a     167     168      29200
a     167     166      29200
a     167     171      29200
a     167     163      29200
a     168     192       1825
a     168     167      29200
a     168     172      29200
a     168     164      29200
a     169     180       1825
a     169     170      29200
a     169     173      29200
a     169     165      29200
a     170     183       1825
a     170     171      29200
a     170     169      29200
a     170     174      29200
a     170     166      29200
a     171     189       1825
a     171     172      29200
a     171     170      29200
a     171     175      29200
a     171     167      29200
a     172     187       1825
a     172     171      29200
a     172     176      29200
a     172     168      29200
a     173     178       1825
a     173     174      29200
a     173     169      29200
a     174     191       1825
a     174     175      29200
a     174     173      29200
a     174     170      29200
a     175     190       1825
a     175     176      29200
a     175     174      29200
a     175     171      29200
a     176     184       1825
a     176     175      29200
a     176     172      29200
a     177     198       1825
a     177     178      29200
a     177     181      29200
a     178     207       1825
a     178     179      29200
a     178     177      29200
a     178     182      29200
a     179     194       1825
a     179     180      29200
a     179     178      29200
a     179     183      29200
a     180     206       1825
a     180     179      29200
a     180     184      29200
a     181     199       1825
a     181     182      29200
a     181     185      29200
a     181     177      29200
a     182     201       1825
a     182     183      29200
a     182     181      29200
a     182     186      29200
a     182     178      29200
a     183     193       1825
a     183     184      29200
a     183     182      29200
a     183     187      29200
a     183     179      29200
a     184     203       1825
a     184     183      29200
a     184     188      29200
a     184     180      29200
a     185     204       1825
a     185     186      29200
a     185     189      29200
a     185     181      29200
a     186     200       1825
a     186     187      29200
a     186     185      29200
a     186     190      29200
a     186     182      29200
a     187     195       1825
a     187     188      29200
a     187     186      29200
a     187     191      29200
a     187     183      29200
a     188     208       1825
a     188     187      29200
a     188     192      29200
a     188     184      29200
a     189     202       1825
a     189     190      29200
a     189     185      29200
a     190     196       1825
a     190     191      29200
a     190     189      29200
a     190     186      29200
a     191     197       1825
a     191     192      29200
a     191     190      29200
a     191     187      29200
a     192     205       1825
a     192     191      29200
a     192     188      29200
a     193     220       1825
a     193     194      29200
a     193     197      29200
a     194     210       1825
a     194     195      29200
a     194     193      29200
a     194     198      29200
a     195     217       1825
a     195     196      29200
a     195     194      29200
a     195     199      29200
a     196     215       1825
a     196     195      29200
a     196     200      29200
a     197     214       1825
a     197     198      29200
a     197     201      29200
a     197     193      29200
a     198     216       1825
a     198     199      29200
a     198     197      29200
a     198     202      29200
a     198     194      29200
a     199     223       1825
a     199     200      29200
a     199     198      29200
a     199     203      29200
a     199     195      29200
a     200     218       1825
a     200     199      29200
a     200     204      29200
a     200     196      29200
a     201     211       1825
a     201     202      29200
a     201     205      29200
a     201     197      29200
a     202     219       1825
a     202     203      29200
a     202     201      29200
a     202     206      29200
a     202     198      29200
a     203     209       1825
a     203     204      29200
a     203     202      29200
a     203     207      29200
a     203     199      29200
a     204     224       1825
a     204     203      29200
a     204     208      29200
a     204     200      29200
a     205     221       1825
a     205     206      29200
a     205     201      29200
a     206     222       1825
a     206     207      29200
a     206     205      29200
a     206     202      29200
a     207     212       1825
a     207     208      29200
a     207     206      29200
a     207     203      29200
a     208     213       1825
a     208     207      29200
a     208     204      29200
a     209     226       1825
a     209     210      29200
a     209     213      29200
a     210     237       1825
a     210     211      29200
a     210     209      29200
a     210     214      29200
a     211     234       1825
a     211     212      29200
a     211     210      29200
a     211     215      29200
a     212     238       1825
a     212     211      29200
a     212     216      29200
a     213     228       1825
a     213     214      29200
a     213     217      29200
a     213     209      29200
a     214     230       1825
a     214     215      29200
a     214     213      29200
a     214     218      29200
a     214     210      29200
a     215     233       1825
a     215     216      29200
a     215     214      29200
a     215     219      29200
a     215     211      29200
a     216     236       1825
a     216     215      29200
a     216     220      29200
a     216     212      29200
a     217     232       1825
a     217     218      29200
a     217     221      29200
a     217     213      29200
a     218     239       1825
a     218     219      29200
a     218     217      29200
a     218     222      29200
a     218     214      29200
a     219     229       1825
a     219     220      29200
a     219     218      29200
a     219     223      29200
a     219     215      29200
a     220     227       1825
a     220     219      29200
a     220     224      29200
a     220     216      29200
a     221     235       1825
a     221     222      29200
a     221     217      29200
a     222     231       1825
a     222     223      29200
a     222     221      29200
a     222     218      29200
a     223     225       1825
a     223     224      29200
a     223     222      29200
a     223     219      29200
a     224     240       1825
a     224     223      29200
a     224     220      29200
a     225     255       1825
a     225     226      29200
a     225     229      29200
a     226     253       1825
a     226     227      29200
a     226     225      29200
a     226     230      29200
a     227     241       1825
a     227     228      29200
a     227     226      29200
a     227     231      29200
a     228     247       1825
a     228     227      29200
a     228     232      29200
a     229     256       1825
a     229     230      29200
a     229     233      29200
a     229     225      29200
a     230     243       1825
a     230     231      29200
a     230     229      29200
a     230     234      29200
a     230     226      29200
a     231     251       1825
a     231     232      29200
a     231     230      29200
a     231     235      29200
a     231     227      29200
a     232     246       1825
a     232     231      29200
a     232     236      29200
a     232     228      29200
a     233     254       1825
a     233     234      29200
a     233     237      29200
a     233     229      29200
a     234     252       1825
a     234     235      29200
a     234     233      29200
a     234     238      29200
a     234     230      29200
a     235     245       1825
a     235     236      29200
a     235     234      29200
a     235     239      29200
a     235     231      29200
a     236     248       1825
a     236     235      29200
a     236     240      29200
a     236     232      29200
a     237     244       1825
a     237     238      29200
a     237     233      29200
a     238     249       1825
a     238     239      29200
a     238     237      29200
a     238     234      29200
a     239     242       1825
a     239     240      29200
a     239     238      29200
a     239     235      29200
a     240     250       1825
a     240     239      29200
a     240     236      29200
a     241     242      29200
a     241     245      29200
a     242     243      29200
a     242     241      29200
a     242     246      29200
a     243     244      29200
a     243     242      29200
a     243     247      29200
a     244     243      29200
a     244     248      29200
a     245     246      29200
a     245     249      29200
a     245     241      29200
a     246     247      29200
a     246     245      29200
a     246     250      29200
a     246     242      29200
a     247     248      29200
a     247     246      29200
a     247     251      29200
a     247     243      29200
a     248     247      29200
a     248     252      29200
a     248     244      29200
a     249     250      29200
a     249     253      29200
a     249     245      29200
a     250     251      29200
a     250     249      29200
a     250     254      29200
a     250     246      29200
a     251     252      29200
a     251     250      29200
a     251     255      29200
a     251     247      29200
a     252     251      29200
a     252     256      29200
a     252     248      29200
a     253     254      29200
a     253     249      29200
a     254     255      29200
a     254     253      29200
a     254     250      29200
a     255     256      29200
a     255     254      29200
a     255     251      29200
a     256     255      29200
a     256     252      29200
