c This file was generated by genrmf.
c The parameters are: a: 8 b: 7 c1: 168 c2: 1513 seed: 1666103673
p max     448       1952
n       1 s
n     448 t
a       1      71        298
a       1       2      96832
a       1       9      96832
a       2      77        702
a       2       3      96832
a       2       1      96832
a       2      10      96832
a       3      76        343
a       3       4      96832
a       3       2      96832
a       3      11      96832
a       4     117        364
a       4       5      96832
a       4       3      96832
a       4      12      96832
a       5     116       1367
a       5       6      96832
a       5       4      96832
a       5      13      96832
a       6     106        579
a       6       7      96832
a       6       5      96832
a       6      14      96832
a       7      98        590
a       7       8      96832
a       7       6      96832
a       7      15      96832
a       8      73       1133
a       8       7      96832
a       8      16      96832
a       9     118        636
a       9      10      96832
a       9      17      96832
a       9       1      96832
a      10      92       1097
a      10      11      96832
a      10       9      96832
a      10      18      96832
a      10       2      96832
a      11      72       1456
a      11      12      96832
a      11      10      96832
a      11      19      96832
a      11       3      96832
a      12      95       1246
a      12      13      96832
a      12      11      96832
a      12      20      96832
a      12       4      96832
a      13      74        936
a      13      14      96832
a      13      12      96832
a      13      21      96832
a      13       5      96832
a      14     119       1485
a      14      15      96832
a      14      13      96832
a      14      22      96832
a      14       6      96832
a      15     122        223
a      15      16      96832
a      15      14      96832
a      15      23      96832
a      15       7      96832
a      16      81       1485
a      16      15      96832
a      16      24      96832
a      16       8      96832
a      17      67        256
a      17      18      96832
a      17      25      96832
a      17       9      96832
a      18     124       1158
a      18      19      96832
a      18      17      96832
a      18      26      96832
a      18      10      96832
a      19     105        946
a      19      20      96832
a      19      18      96832
a      19      27      96832
a      19      11      96832
a      20      66       1502
a      20      21      96832
a      20      19      96832
a      20      28      96832
a      20      12      96832
a      21      90        269
a      21      22      96832
a      21      20      96832
a      21      29      96832
a      21      13      96832
a      22     109       1015
a      22      23      96832
a      22      21      96832
a      22      30      96832
a      22      14      96832
a      23     107       1051
a      23      24      96832
a      23      22      96832
a      23      31      96832
a      23      15      96832
a      24      84       1407
a      24      23      96832
a      24      32      96832
a      24      16      96832
a      25     128       1416
a      25      26      96832
a      25      33      96832
a      25      17      96832
a      26     115       1239
a      26      27      96832
a      26      25      96832
a      26      34      96832
a      26      18      96832
a      27      70        617
a      27      28      96832
a      27      26      96832
a      27      35      96832
a      27      19      96832
a      28      97        310
a      28      29      96832
a      28      27      96832
a      28      36      96832
a      28      20      96832
a      29      78        331
a      29      30      96832
a      29      28      96832
a      29      37      96832
a      29      21      96832
a      30     100       1021
a      30      31      96832
a      30      29      96832
a      30      38      96832
a      30      22      96832
a      31      83        625
a      31      32      96832
a      31      30      96832
a      31      39      96832
a      31      23      96832
a      32      79        509
a      32      31      96832
a      32      40      96832
a      32      24      96832
a      33      69        410
a      33      34      96832
a      33      41      96832
a      33      25      96832
a      34     103        545
a      34      35      96832
a      34      33      96832
a      34      42      96832
a      34      26      96832
a      35      80       1155
a      35      36      96832
a      35      34      96832
a      35      43      96832
a      35      27      96832
a      36      86       1179
a      36      37      96832
a      36      35      96832
a      36      44      96832
a      36      28      96832
a      37     102       1503
a      37      38      96832
a      37      36      96832
a      37      45      96832
a      37      29      96832
a      38     125        947
a      38      39      96832
a      38      37      96832
a      38      46      96832
a      38      30      96832
a      39     111        811
a      39      40      96832
a      39      38      96832
a      39      47      96832
a      39      31      96832
a      40      68       1261
a      40      39      96832
a      40      48      96832
a      40      32      96832
a      41      82        525
a      41      42      96832
a      41      49      96832
a      41      33      96832
a      42      91        235
a      42      43      96832
a      42      41      96832
a      42      50      96832
a      42      34      96832
a      43     123        484
a      43      44      96832
a      43      42      96832
a      43      51      96832
a      43      35      96832
a      44     121        839
a      44      45      96832
a      44      43      96832
a      44      52      96832
a      44      36      96832
a      45     110       1369
a      45      46      96832
a      45      44      96832
a      45      53      96832
a      45      37      96832
a      46      87        964
a      46      47      96832
a      46      45      96832
a      46      54      96832
a      46      38      96832
a      47     104        744
a      47      48      96832
a      47      46      96832
a      47      55      96832
a      47      39      96832
a      48      89        461
a      48      47      96832
a      48      56      96832
a      48      40      96832
a      49      75        517
a      49      50      96832
a      49      57      96832
a      49      41      96832
a      50     120        944
a      50      51      96832
a      50      49      96832
a      50      58      96832
a      50      42      96832
a      51     113       1440
a      51      52      96832
a      51      50      96832
a      51      59      96832
a      51      43      96832
a      52      85        652
a      52      53      96832
a      52      51      96832
a      52      60      96832
a      52      44      96832
a      53     108        784
a      53      54      96832
a      53      52      96832
a      53      61      96832
a      53      45      96832
a      54      96       1458
a      54      55      96832
a      54      53      96832
a      54      62      96832
a      54      46      96832
a      55     112        840
a      55      56      96832
a      55      54      96832
a      55      63      96832
a      55      47      96832
a      56     126       1281
a      56      55      96832
a      56      64      96832
a      56      48      96832
a      57     101       1214
a      57      58      96832
a      57      49      96832
a      58      88        977
a      58      59      96832
a      58      57      96832
a      58      50      96832
a      59     127       1494
a      59      60      96832
a      59      58      96832
a      59      51      96832
a      60      94        695
a      60      61      96832
a      60      59      96832
a      60      52      96832
a      61     114       1428
a      61      62      96832
a      61      60      96832
a      61      53      96832
a      62      65        731
a      62      63      96832
a      62      61      96832
a      62      54      96832
a      63      99       1186
a      63      64      96832
a      63      62      96832
a      63      55      96832
a      64      93       1046
a      64      63      96832
a      64      56      96832
a      65     162        831
a      65      66      96832
a      65      73      96832
a      66     159       1139
a      66      67      96832
a      66      65      96832
a      66      74      96832
a      67     145        449
a      67      68      96832
a      67      66      96832
a      67      75      96832
a      68     151       1348
a      68      69      96832
a      68      67      96832
a      68      76      96832
a      69     144        211
a      69      70      96832
a      69      68      96832
a      69      77      96832
a      70     152       1046
a      70      71      96832
a      70      69      96832
a      70      78      96832
a      71     149        368
a      71      72      96832
a      71      70      96832
a      71      79      96832
a      72     136       1144
a      72      71      96832
a      72      80      96832
a      73     142        217
a      73      74      96832
a      73      81      96832
a      73      65      96832
a      74     187        369
a      74      75      96832
a      74      73      96832
a      74      82      96832
a      74      66      96832
a      75     192        407
a      75      76      96832
a      75      74      96832
a      75      83      96832
a      75      67      96832
a      76     153       1125
a      76      77      96832
a      76      75      96832
a      76      84      96832
a      76      68      96832
a      77     177        211
a      77      78      96832
a      77      76      96832
a      77      85      96832
a      77      69      96832
a      78     174        989
a      78      79      96832
a      78      77      96832
a      78      86      96832
a      78      70      96832
a      79     135        479
a      79      80      96832
a      79      78      96832
a      79      87      96832
a      79      71      96832
a      80     182       1200
a      80      79      96832
a      80      88      96832
a      80      72      96832
a      81     172        418
a      81      82      96832
a      81      89      96832
a      81      73      96832
a      82     137        315
a      82      83      96832
a      82      81      96832
a      82      90      96832
a      82      74      96832
a      83     185        204
a      83      84      96832
a      83      82      96832
a      83      91      96832
a      83      75      96832
a      84     168        969
a      84      85      96832
a      84      83      96832
a      84      92      96832
a      84      76      96832
a      85     134        965
a      85      86      96832
a      85      84      96832
a      85      93      96832
a      85      77      96832
a      86     129        453
a      86      87      96832
a      86      85      96832
a      86      94      96832
a      86      78      96832
a      87     132       1348
a      87      88      96832
a      87      86      96832
a      87      95      96832
a      87      79      96832
a      88     133       1400
a      88      87      96832
a      88      96      96832
a      88      80      96832
a      89     157        810
a      89      90      96832
a      89      97      96832
a      89      81      96832
a      90     166        290
a      90      91      96832
a      90      89      96832
a      90      98      96832
a      90      82      96832
a      91     179        348
a      91      92      96832
a      91      90      96832
a      91      99      96832
a      91      83      96832
a      92     155       1245
a      92      93      96832
a      92      91      96832
a      92     100      96832
a      92      84      96832
a      93     161       1097
a      93      94      96832
a      93      92      96832
a      93     101      96832
a      93      85      96832
a      94     165        912
a      94      95      96832
a      94      93      96832
a      94     102      96832
a      94      86      96832
a      95     167        614
a      95      96      96832
a      95      94      96832
a      95     103      96832
a      95      87      96832
a      96     176       1227
a      96      95      96832
a      96     104      96832
a      96      88      96832
a      97     154        482
a      97      98      96832
a      97     105      96832
a      97      89      96832
a      98     163        727
a      98      99      96832
a      98      97      96832
a      98     106      96832
a      98      90      96832
a      99     130        455
a      99     100      96832
a      99      98      96832
a      99     107      96832
a      99      91      96832
a     100     175        430
a     100     101      96832
a     100      99      96832
a     100     108      96832
a     100      92      96832
a     101     164       1431
a     101     102      96832
a     101     100      96832
a     101     109      96832
a     101      93      96832
a     102     181        243
a     102     103      96832
a     102     101      96832
a     102     110      96832
a     102      94      96832
a     103     158       1195
a     103     104      96832
a     103     102      96832
a     103     111      96832
a     103      95      96832
a     104     148       1169
a     104     103      96832
a     104     112      96832
a     104      96      96832
a     105     170        833
a     105     106      96832
a     105     113      96832
a     105      97      96832
a     106     171       1485
a     106     107      96832
a     106     105      96832
a     106     114      96832
a     106      98      96832
a     107     147        540
a     107     108      96832
a     107     106      96832
a     107     115      96832
a     107      99      96832
a     108     173        827
a     108     109      96832
a     108     107      96832
a     108     116      96832
a     108     100      96832
a     109     184        302
a     109     110      96832
a     109     108      96832
a     109     117      96832
a     109     101      96832
a     110     190       1007
a     110     111      96832
a     110     109      96832
a     110     118      96832
a     110     102      96832
a     111     156        681
a     111     112      96832
a     111     110      96832
a     111     119      96832
a     111     103      96832
a     112     189       1189
a     112     111      96832
a     112     120      96832
a     112     104      96832
a     113     191       1283
a     113     114      96832
a     113     121      96832
a     113     105      96832
a     114     160        957
a     114     115      96832
a     114     113      96832
a     114     122      96832
a     114     106      96832
a     115     143        734
a     115     116      96832
a     115     114      96832
a     115     123      96832
a     115     107      96832
a     116     140       1166
a     116     117      96832
a     116     115      96832
a     116     124      96832
a     116     108      96832
a     117     180        620
a     117     118      96832
a     117     116      96832
a     117     125      96832
a     117     109      96832
a     118     138        324
a     118     119      96832
a     118     117      96832
a     118     126      96832
a     118     110      96832
a     119     186        873
a     119     120      96832
a     119     118      96832
a     119     127      96832
a     119     111      96832
a     120     139        196
a     120     119      96832
a     120     128      96832
a     120     112      96832
a     121     188       1138
a     121     122      96832
a     121     113      96832
a     122     169        743
a     122     123      96832
a     122     121      96832
a     122     114      96832
a     123     178        350
a     123     124      96832
a     123     122      96832
a     123     115      96832
a     124     131        651
a     124     125      96832
a     124     123      96832
a     124     116      96832
a     125     141       1211
a     125     126      96832
a     125     124      96832
a     125     117      96832
a     126     150       1245
a     126     127      96832
a     126     125      96832
a     126     118      96832
a     127     183        771
a     127     128      96832
a     127     126      96832
a     127     119      96832
a     128     146       1058
a     128     127      96832
a     128     120      96832
a     129     211       1175
a     129     130      96832
a     129     137      96832
a     130     202        333
a     130     131      96832
a     130     129      96832
a     130     138      96832
a     131     234        428
a     131     132      96832
a     131     130      96832
a     131     139      96832
a     132     197        342
a     132     133      96832
a     132     131      96832
a     132     140      96832
a     133     243        976
a     133     134      96832
a     133     132      96832
a     133     141      96832
a     134     233        891
a     134     135      96832
a     134     133      96832
a     134     142      96832
a     135     219       1168
a     135     136      96832
a     135     134      96832
a     135     143      96832
a     136     210       1036
a     136     135      96832
a     136     144      96832
a     137     253        408
a     137     138      96832
a     137     145      96832
a     137     129      96832
a     138     217       1504
a     138     139      96832
a     138     137      96832
a     138     146      96832
a     138     130      96832
a     139     224        520
a     139     140      96832
a     139     138      96832
a     139     147      96832
a     139     131      96832
a     140     193        567
a     140     141      96832
a     140     139      96832
a     140     148      96832
a     140     132      96832
a     141     198       1183
a     141     142      96832
a     141     140      96832
a     141     149      96832
a     141     133      96832
a     142     229        941
a     142     143      96832
a     142     141      96832
a     142     150      96832
a     142     134      96832
a     143     196        965
a     143     144      96832
a     143     142      96832
a     143     151      96832
a     143     135      96832
a     144     227        656
a     144     143      96832
a     144     152      96832
a     144     136      96832
a     145     247        260
a     145     146      96832
a     145     153      96832
a     145     137      96832
a     146     239        930
a     146     147      96832
a     146     145      96832
a     146     154      96832
a     146     138      96832
a     147     252        288
a     147     148      96832
a     147     146      96832
a     147     155      96832
a     147     139      96832
a     148     238       1190
a     148     149      96832
a     148     147      96832
a     148     156      96832
a     148     140      96832
a     149     248       1299
a     149     150      96832
a     149     148      96832
a     149     157      96832
a     149     141      96832
a     150     218       1244
a     150     151      96832
a     150     149      96832
a     150     158      96832
a     150     142      96832
a     151     237        743
a     151     152      96832
a     151     150      96832
a     151     159      96832
a     151     143      96832
a     152     256        859
a     152     151      96832
a     152     160      96832
a     152     144      96832
a     153     215        468
a     153     154      96832
a     153     161      96832
a     153     145      96832
a     154     249       1303
a     154     155      96832
a     154     153      96832
a     154     162      96832
a     154     146      96832
a     155     203       1162
a     155     156      96832
a     155     154      96832
a     155     163      96832
a     155     147      96832
a     156     230       1354
a     156     157      96832
a     156     155      96832
a     156     164      96832
a     156     148      96832
a     157     214        781
a     157     158      96832
a     157     156      96832
a     157     165      96832
a     157     149      96832
a     158     209       1321
a     158     159      96832
a     158     157      96832
a     158     166      96832
a     158     150      96832
a     159     199        290
a     159     160      96832
a     159     158      96832
a     159     167      96832
a     159     151      96832
a     160     213        835
a     160     159      96832
a     160     168      96832
a     160     152      96832
a     161     223        433
a     161     162      96832
a     161     169      96832
a     161     153      96832
a     162     244       1414
a     162     163      96832
a     162     161      96832
a     162     170      96832
a     162     154      96832
a     163     255       1207
a     163     164      96832
a     163     162      96832
a     163     171      96832
a     163     155      96832
a     164     231        196
a     164     165      96832
a     164     163      96832
a     164     172      96832
a     164     156      96832
a     165     250        610
a     165     166      96832
a     165     164      96832
a     165     173      96832
a     165     157      96832
a     166     194       1399
a     166     167      96832
a     166     165      96832
a     166     174      96832
a     166     158      96832
a     167     246       1281
a     167     168      96832
a     167     166      96832
a     167     175      96832
a     167     159      96832
a     168     207        187
a     168     167      96832
a     168     176      96832
a     168     160      96832
a     169     221        841
a     169     170      96832
a     169     177      96832
a     169     161      96832
a     170     195        758
a     170     171      96832
a     170     169      96832
a     170     178      96832
a     170     162      96832
a     171     225        831
a     171     172      96832
a     171     170      96832
a     171     179      96832
a     171     163      96832
a     172     241       1354
a     172     173      96832
a     172     171      96832
a     172     180      96832
a     172     164      96832
a     173     222        467
a     173     174      96832
a     173     172      96832
a     173     181      96832
a     173     165      96832
a     174     236        492
a     174     175      96832
a     174     173      96832
a     174     182      96832
a     174     166      96832
a     175     242       1165
a     175     176      96832
a     175     174      96832
a     175     183      96832
a     175     167      96832
a     176     251        634
a     176     175      96832
a     176     184      96832
a     176     168      96832
a     177     216       1352
a     177     178      96832
a     177     185      96832
a     177     169      96832
a     178     204        710
a     178     179      96832
a     178     177      96832
a     178     186      96832
a     178     170      96832
a     179     240       1252
a     179     180      96832
a     179     178      96832
a     179     187      96832
a     179     171      96832
a     180     254       1366
a     180     181      96832
a     180     179      96832
a     180     188      96832
a     180     172      96832
a     181     205       1084
a     181     182      96832
a     181     180      96832
a     181     189      96832
a     181     173      96832
a     182     200       1188
a     182     183      96832
a     182     181      96832
a     182     190      96832
a     182     174      96832
a     183     206        173
a     183     184      96832
a     183     182      96832
a     183     191      96832
a     183     175      96832
a     184     212        843
a     184     183      96832
a     184     192      96832
a     184     176      96832
a     185     220        336
a     185     186      96832
a     185     177      96832
a     186     208        464
a     186     187      96832
a     186     185      96832
a     186     178      96832
a     187     226        371
a     187     188      96832
a     187     186      96832
a     187     179      96832
a     188     228        708
a     188     189      96832
a     188     187      96832
a     188     180      96832
a     189     245        676
a     189     190      96832
a     189     188      96832
a     189     181      96832
a     190     232        658
a     190     191      96832
a     190     189      96832
a     190     182      96832
a     191     201        944
a     191     192      96832
a     191     190      96832
a     191     183      96832
a     192     235        640
a     192     191      96832
a     192     184      96832
a     193     308        245
a     193     194      96832
a     193     201      96832
a     194     320        954
a     194     195      96832
a     194     193      96832
a     194     202      96832
a     195     261       1272
a     195     196      96832
a     195     194      96832
a     195     203      96832
a     196     280       1284
a     196     197      96832
a     196     195      96832
a     196     204      96832
a     197     269       1027
a     197     198      96832
a     197     196      96832
a     197     205      96832
a     198     306       1186
a     198     199      96832
a     198     197      96832
a     198     206      96832
a     199     302        907
a     199     200      96832
a     199     198      96832
a     199     207      96832
a     200     293       1199
a     200     199      96832
a     200     208      96832
a     201     300        964
a     201     202      96832
a     201     209      96832
a     201     193      96832
a     202     277       1213
a     202     203      96832
a     202     201      96832
a     202     210      96832
a     202     194      96832
a     203     298       1337
a     203     204      96832
a     203     202      96832
a     203     211      96832
a     203     195      96832
a     204     292        373
a     204     205      96832
a     204     203      96832
a     204     212      96832
a     204     196      96832
a     205     278        379
a     205     206      96832
a     205     204      96832
a     205     213      96832
a     205     197      96832
a     206     315       1267
a     206     207      96832
a     206     205      96832
a     206     214      96832
a     206     198      96832
a     207     283       1179
a     207     208      96832
a     207     206      96832
a     207     215      96832
a     207     199      96832
a     208     276        329
a     208     207      96832
a     208     216      96832
a     208     200      96832
a     209     310        684
a     209     210      96832
a     209     217      96832
a     209     201      96832
a     210     305        957
a     210     211      96832
a     210     209      96832
a     210     218      96832
a     210     202      96832
a     211     316        938
a     211     212      96832
a     211     210      96832
a     211     219      96832
a     211     203      96832
a     212     286       1132
a     212     213      96832
a     212     211      96832
a     212     220      96832
a     212     204      96832
a     213     282       1349
a     213     214      96832
a     213     212      96832
a     213     221      96832
a     213     205      96832
a     214     312        545
a     214     215      96832
a     214     213      96832
a     214     222      96832
a     214     206      96832
a     215     267        347
a     215     216      96832
a     215     214      96832
a     215     223      96832
a     215     207      96832
a     216     291        645
a     216     215      96832
a     216     224      96832
a     216     208      96832
a     217     285        670
a     217     218      96832
a     217     225      96832
a     217     209      96832
a     218     266        656
a     218     219      96832
a     218     217      96832
a     218     226      96832
a     218     210      96832
a     219     257        763
a     219     220      96832
a     219     218      96832
a     219     227      96832
a     219     211      96832
a     220     290        610
a     220     221      96832
a     220     219      96832
a     220     228      96832
a     220     212      96832
a     221     275       1153
a     221     222      96832
a     221     220      96832
a     221     229      96832
a     221     213      96832
a     222     268        888
a     222     223      96832
a     222     221      96832
a     222     230      96832
a     222     214      96832
a     223     294        605
a     223     224      96832
a     223     222      96832
a     223     231      96832
a     223     215      96832
a     224     297        708
a     224     223      96832
a     224     232      96832
a     224     216      96832
a     225     299        713
a     225     226      96832
a     225     233      96832
a     225     217      96832
a     226     264        482
a     226     227      96832
a     226     225      96832
a     226     234      96832
a     226     218      96832
a     227     319        951
a     227     228      96832
a     227     226      96832
a     227     235      96832
a     227     219      96832
a     228     314        829
a     228     229      96832
a     228     227      96832
a     228     236      96832
a     228     220      96832
a     229     301        697
a     229     230      96832
a     229     228      96832
a     229     237      96832
a     229     221      96832
a     230     272       1328
a     230     231      96832
a     230     229      96832
a     230     238      96832
a     230     222      96832
a     231     317        791
a     231     232      96832
a     231     230      96832
a     231     239      96832
a     231     223      96832
a     232     311        310
a     232     231      96832
a     232     240      96832
a     232     224      96832
a     233     270        611
a     233     234      96832
a     233     241      96832
a     233     225      96832
a     234     295        543
a     234     235      96832
a     234     233      96832
a     234     242      96832
a     234     226      96832
a     235     296        509
a     235     236      96832
a     235     234      96832
a     235     243      96832
a     235     227      96832
a     236     313        877
a     236     237      96832
a     236     235      96832
a     236     244      96832
a     236     228      96832
a     237     260       1176
a     237     238      96832
a     237     236      96832
a     237     245      96832
a     237     229      96832
a     238     279        421
a     238     239      96832
a     238     237      96832
a     238     246      96832
a     238     230      96832
a     239     303        328
a     239     240      96832
a     239     238      96832
a     239     247      96832
a     239     231      96832
a     240     271        848
a     240     239      96832
a     240     248      96832
a     240     232      96832
a     241     287       1171
a     241     242      96832
a     241     249      96832
a     241     233      96832
a     242     288        923
a     242     243      96832
a     242     241      96832
a     242     250      96832
a     242     234      96832
a     243     289       1158
a     243     244      96832
a     243     242      96832
a     243     251      96832
a     243     235      96832
a     244     265        977
a     244     245      96832
a     244     243      96832
a     244     252      96832
a     244     236      96832
a     245     281       1319
a     245     246      96832
a     245     244      96832
a     245     253      96832
a     245     237      96832
a     246     259        877
a     246     247      96832
a     246     245      96832
a     246     254      96832
a     246     238      96832
a     247     274       1112
a     247     248      96832
a     247     246      96832
a     247     255      96832
a     247     239      96832
a     248     273        860
a     248     247      96832
a     248     256      96832
a     248     240      96832
a     249     318       1304
a     249     250      96832
a     249     241      96832
a     250     307       1095
a     250     251      96832
a     250     249      96832
a     250     242      96832
a     251     304        258
a     251     252      96832
a     251     250      96832
a     251     243      96832
a     252     284       1499
a     252     253      96832
a     252     251      96832
a     252     244      96832
a     253     263        494
a     253     254      96832
a     253     252      96832
a     253     245      96832
a     254     258        654
a     254     255      96832
a     254     253      96832
a     254     246      96832
a     255     262        596
a     255     256      96832
a     255     254      96832
a     255     247      96832
a     256     309       1426
a     256     255      96832
a     256     248      96832
a     257     367        442
a     257     258      96832
a     257     265      96832
a     258     338        654
a     258     259      96832
a     258     257      96832
a     258     266      96832
a     259     372        514
a     259     260      96832
a     259     258      96832
a     259     267      96832
a     260     328       1504
a     260     261      96832
a     260     259      96832
a     260     268      96832
a     261     374        967
a     261     262      96832
a     261     260      96832
a     261     269      96832
a     262     351        859
a     262     263      96832
a     262     261      96832
a     262     270      96832
a     263     383        916
a     263     264      96832
a     263     262      96832
a     263     271      96832
a     264     350        623
a     264     263      96832
a     264     272      96832
a     265     361        504
a     265     266      96832
a     265     273      96832
a     265     257      96832
a     266     357        831
a     266     267      96832
a     266     265      96832
a     266     274      96832
a     266     258      96832
a     267     368       1101
a     267     268      96832
a     267     266      96832
a     267     275      96832
a     267     259      96832
a     268     375       1511
a     268     269      96832
a     268     267      96832
a     268     276      96832
a     268     260      96832
a     269     362       1014
a     269     270      96832
a     269     268      96832
a     269     277      96832
a     269     261      96832
a     270     359        589
a     270     271      96832
a     270     269      96832
a     270     278      96832
a     270     262      96832
a     271     349       1212
a     271     272      96832
a     271     270      96832
a     271     279      96832
a     271     263      96832
a     272     358        247
a     272     271      96832
a     272     280      96832
a     272     264      96832
a     273     324       1433
a     273     274      96832
a     273     281      96832
a     273     265      96832
a     274     363        261
a     274     275      96832
a     274     273      96832
a     274     282      96832
a     274     266      96832
a     275     323        442
a     275     276      96832
a     275     274      96832
a     275     283      96832
a     275     267      96832
a     276     331       1049
a     276     277      96832
a     276     275      96832
a     276     284      96832
a     276     268      96832
a     277     360        564
a     277     278      96832
a     277     276      96832
a     277     285      96832
a     277     269      96832
a     278     380        486
a     278     279      96832
a     278     277      96832
a     278     286      96832
a     278     270      96832
a     279     356        821
a     279     280      96832
a     279     278      96832
a     279     287      96832
a     279     271      96832
a     280     370       1369
a     280     279      96832
a     280     288      96832
a     280     272      96832
a     281     335        913
a     281     282      96832
a     281     289      96832
a     281     273      96832
a     282     364        730
a     282     283      96832
a     282     281      96832
a     282     290      96832
a     282     274      96832
a     283     332        974
a     283     284      96832
a     283     282      96832
a     283     291      96832
a     283     275      96832
a     284     344        785
a     284     285      96832
a     284     283      96832
a     284     292      96832
a     284     276      96832
a     285     378       1142
a     285     286      96832
a     285     284      96832
a     285     293      96832
a     285     277      96832
a     286     340        252
a     286     287      96832
a     286     285      96832
a     286     294      96832
a     286     278      96832
a     287     347        702
a     287     288      96832
a     287     286      96832
a     287     295      96832
a     287     279      96832
a     288     322        178
a     288     287      96832
a     288     296      96832
a     288     280      96832
a     289     369        738
a     289     290      96832
a     289     297      96832
a     289     281      96832
a     290     345        376
a     290     291      96832
a     290     289      96832
a     290     298      96832
a     290     282      96832
a     291     376        622
a     291     292      96832
a     291     290      96832
a     291     299      96832
a     291     283      96832
a     292     366       1224
a     292     293      96832
a     292     291      96832
a     292     300      96832
a     292     284      96832
a     293     334        971
a     293     294      96832
a     293     292      96832
a     293     301      96832
a     293     285      96832
a     294     326       1230
a     294     295      96832
a     294     293      96832
a     294     302      96832
a     294     286      96832
a     295     354        467
a     295     296      96832
a     295     294      96832
a     295     303      96832
a     295     287      96832
a     296     348       1225
a     296     295      96832
a     296     304      96832
a     296     288      96832
a     297     384       1346
a     297     298      96832
a     297     305      96832
a     297     289      96832
a     298     377        862
a     298     299      96832
a     298     297      96832
a     298     306      96832
a     298     290      96832
a     299     330       1179
a     299     300      96832
a     299     298      96832
a     299     307      96832
a     299     291      96832
a     300     325        524
a     300     301      96832
a     300     299      96832
a     300     308      96832
a     300     292      96832
a     301     382        877
a     301     302      96832
a     301     300      96832
a     301     309      96832
a     301     293      96832
a     302     339       1432
a     302     303      96832
a     302     301      96832
a     302     310      96832
a     302     294      96832
a     303     321        822
a     303     304      96832
a     303     302      96832
a     303     311      96832
a     303     295      96832
a     304     371        695
a     304     303      96832
a     304     312      96832
a     304     296      96832
a     305     329       1286
a     305     306      96832
a     305     313      96832
a     305     297      96832
a     306     381       1446
a     306     307      96832
a     306     305      96832
a     306     314      96832
a     306     298      96832
a     307     343        347
a     307     308      96832
a     307     306      96832
a     307     315      96832
a     307     299      96832
a     308     346        892
a     308     309      96832
a     308     307      96832
a     308     316      96832
a     308     300      96832
a     309     327       1357
a     309     310      96832
a     309     308      96832
a     309     317      96832
a     309     301      96832
a     310     373        260
a     310     311      96832
a     310     309      96832
a     310     318      96832
a     310     302      96832
a     311     355        291
a     311     312      96832
a     311     310      96832
a     311     319      96832
a     311     303      96832
a     312     352        918
a     312     311      96832
a     312     320      96832
a     312     304      96832
a     313     336       1145
a     313     314      96832
a     313     305      96832
a     314     341        485
a     314     315      96832
a     314     313      96832
a     314     306      96832
a     315     379       1028
a     315     316      96832
a     315     314      96832
a     315     307      96832
a     316     365       1410
a     316     317      96832
a     316     315      96832
a     316     308      96832
a     317     337        533
a     317     318      96832
a     317     316      96832
a     317     309      96832
a     318     353        720
a     318     319      96832
a     318     317      96832
a     318     310      96832
a     319     333        764
a     319     320      96832
a     319     318      96832
a     319     311      96832
a     320     342       1216
a     320     319      96832
a     320     312      96832
a     321     391        577
a     321     322      96832
a     321     329      96832
a     322     419        361
a     322     323      96832
a     322     321      96832
a     322     330      96832
a     323     403        645
a     323     324      96832
a     323     322      96832
a     323     331      96832
a     324     440        349
a     324     325      96832
a     324     323      96832
a     324     332      96832
a     325     406       1002
a     325     326      96832
a     325     324      96832
a     325     333      96832
a     326     400       1024
a     326     327      96832
a     326     325      96832
a     326     334      96832
a     327     415       1154
a     327     328      96832
a     327     326      96832
a     327     335      96832
a     328     425       1170
a     328     327      96832
a     328     336      96832
a     329     417       1129
a     329     330      96832
a     329     337      96832
a     329     321      96832
a     330     441       1083
a     330     331      96832
a     330     329      96832
a     330     338      96832
a     330     322      96832
a     331     422       1466
a     331     332      96832
a     331     330      96832
a     331     339      96832
a     331     323      96832
a     332     396        773
a     332     333      96832
a     332     331      96832
a     332     340      96832
a     332     324      96832
a     333     416        737
a     333     334      96832
a     333     332      96832
a     333     341      96832
a     333     325      96832
a     334     439        665
a     334     335      96832
a     334     333      96832
a     334     342      96832
a     334     326      96832
a     335     398       1075
a     335     336      96832
a     335     334      96832
a     335     343      96832
a     335     327      96832
a     336     394        757
a     336     335      96832
a     336     344      96832
a     336     328      96832
a     337     408        606
a     337     338      96832
a     337     345      96832
a     337     329      96832
a     338     443       1484
a     338     339      96832
a     338     337      96832
a     338     346      96832
a     338     330      96832
a     339     404        657
a     339     340      96832
a     339     338      96832
a     339     347      96832
a     339     331      96832
a     340     423        609
a     340     341      96832
a     340     339      96832
a     340     348      96832
a     340     332      96832
a     341     429       1405
a     341     342      96832
a     341     340      96832
a     341     349      96832
a     341     333      96832
a     342     407        504
a     342     343      96832
a     342     341      96832
a     342     350      96832
a     342     334      96832
a     343     444        847
a     343     344      96832
a     343     342      96832
a     343     351      96832
a     343     335      96832
a     344     397        721
a     344     343      96832
a     344     352      96832
a     344     336      96832
a     345     409        584
a     345     346      96832
a     345     353      96832
a     345     337      96832
a     346     387        902
a     346     347      96832
a     346     345      96832
a     346     354      96832
a     346     338      96832
a     347     442        373
a     347     348      96832
a     347     346      96832
a     347     355      96832
a     347     339      96832
a     348     399       1453
a     348     349      96832
a     348     347      96832
a     348     356      96832
a     348     340      96832
a     349     427        828
a     349     350      96832
a     349     348      96832
a     349     357      96832
a     349     341      96832
a     350     410       1146
a     350     351      96832
a     350     349      96832
a     350     358      96832
a     350     342      96832
a     351     431       1305
a     351     352      96832
a     351     350      96832
a     351     359      96832
a     351     343      96832
a     352     437        569
a     352     351      96832
a     352     360      96832
a     352     344      96832
a     353     414        391
a     353     354      96832
a     353     361      96832
a     353     345      96832
a     354     428        712
a     354     355      96832
a     354     353      96832
a     354     362      96832
a     354     346      96832
a     355     438        245
a     355     356      96832
a     355     354      96832
a     355     363      96832
a     355     347      96832
a     356     447        180
a     356     357      96832
a     356     355      96832
a     356     364      96832
a     356     348      96832
a     357     401        307
a     357     358      96832
a     357     356      96832
a     357     365      96832
a     357     349      96832
a     358     432        743
a     358     359      96832
a     358     357      96832
a     358     366      96832
a     358     350      96832
a     359     418        640
a     359     360      96832
a     359     358      96832
a     359     367      96832
a     359     351      96832
a     360     395        597
a     360     359      96832
a     360     368      96832
a     360     352      96832
a     361     436       1062
a     361     362      96832
a     361     369      96832
a     361     353      96832
a     362     426        619
a     362     363      96832
a     362     361      96832
a     362     370      96832
a     362     354      96832
a     363     392        968
a     363     364      96832
a     363     362      96832
a     363     371      96832
a     363     355      96832
a     364     402        180
a     364     365      96832
a     364     363      96832
a     364     372      96832
a     364     356      96832
a     365     445        393
a     365     366      96832
a     365     364      96832
a     365     373      96832
a     365     357      96832
a     366     389        425
a     366     367      96832
a     366     365      96832
a     366     374      96832
a     366     358      96832
a     367     405        962
a     367     368      96832
a     367     366      96832
a     367     375      96832
a     367     359      96832
a     368     386        623
a     368     367      96832
a     368     376      96832
a     368     360      96832
a     369     430        622
a     369     370      96832
a     369     377      96832
a     369     361      96832
a     370     411        594
a     370     371      96832
a     370     369      96832
a     370     378      96832
a     370     362      96832
a     371     420       1318
a     371     372      96832
a     371     370      96832
a     371     379      96832
a     371     363      96832
a     372     413       1208
a     372     373      96832
a     372     371      96832
a     372     380      96832
a     372     364      96832
a     373     433        285
a     373     374      96832
a     373     372      96832
a     373     381      96832
a     373     365      96832
a     374     434        594
a     374     375      96832
a     374     373      96832
a     374     382      96832
a     374     366      96832
a     375     448        271
a     375     376      96832
a     375     374      96832
a     375     383      96832
a     375     367      96832
a     376     385        191
a     376     375      96832
a     376     384      96832
a     376     368      96832
a     377     424        426
a     377     378      96832
a     377     369      96832
a     378     388        757
a     378     379      96832
a     378     377      96832
a     378     370      96832
a     379     435        848
a     379     380      96832
a     379     378      96832
a     379     371      96832
a     380     421        483
a     380     381      96832
a     380     379      96832
a     380     372      96832
a     381     446        210
a     381     382      96832
a     381     380      96832
a     381     373      96832
a     382     390        369
a     382     383      96832
a     382     381      96832
a     382     374      96832
a     383     412        811
a     383     384      96832
a     383     382      96832
a     383     375      96832
a     384     393        644
a     384     383      96832
a     384     376      96832
a     385     386      96832
a     385     393      96832
a     386     387      96832
a     386     385      96832
a     386     394      96832
a     387     388      96832
a     387     386      96832
a     387     395      96832
a     388     389      96832
a     388     387      96832
a     388     396      96832
a     389     390      96832
a     389     388      96832
a     389     397      96832
a     390     391      96832
a     390     389      96832
a     390     398      96832
a     391     392      96832
a     391     390      96832
a     391     399      96832
a     392     391      96832
a     392     400      96832
a     393     394      96832
a     393     401      96832
a     393     385      96832
a     394     395      96832
a     394     393      96832
a     394     402      96832
a     394     386      96832
a     395     396      96832
a     395     394      96832
a     395     403      96832
a     395     387      96832
a     396     397      96832
a     396     395      96832
a     396     404      96832
a     396     388      96832
a     397     398      96832
a     397     396      96832
a     397     405      96832
a     397     389      96832
a     398     399      96832
a     398     397      96832
a     398     406      96832
a     398     390      96832
a     399     400      96832
a     399     398      96832
a     399     407      96832
a     399     391      96832
a     400     399      96832
a     400     408      96832
a     400     392      96832
a     401     402      96832
a     401     409      96832
a     401     393      96832
a     402     403      96832
a     402     401      96832
a     402     410      96832
a     402     394      96832
a     403     404      96832
a     403     402      96832
a     403     411      96832
a     403     395      96832
a     404     405      96832
a     404     403      96832
a     404     412      96832
a     404     396      96832
a     405     406      96832
a     405     404      96832
a     405     413      96832
a     405     397      96832
a     406     407      96832
a     406     405      96832
a     406     414      96832
a     406     398      96832
a     407     408      96832
a     407     406      96832
a     407     415      96832
a     407     399      96832
a     408     407      96832
a     408     416      96832
a     408     400      96832
a     409     410      96832
a     409     417      96832
a     409     401      96832
a     410     411      96832
a     410     409      96832
a     410     418      96832
a     410     402      96832
a     411     412      96832
a     411     410      96832
a     411     419      96832
a     411     403      96832
a     412     413      96832
a     412     411      96832
a     412     420      96832
a     412     404      96832
a     413     414      96832
a     413     412      96832
a     413     421      96832
a     413     405      96832
a     414     415      96832
a     414     413      96832
a     414     422      96832
a     414     406      96832
a     415     416      96832
a     415     414      96832
a     415     423      96832
a     415     407      96832
a     416     415      96832
a     416     424      96832
a     416     408      96832
a     417     418      96832
a     417     425      96832
a     417     409      96832
a     418     419      96832
a     418     417      96832
a     418     426      96832
a     418     410      96832
a     419     420      96832
a     419     418      96832
a     419     427      96832
a     419     411      96832
a     420     421      96832
a     420     419      96832
a     420     428      96832
a     420     412      96832
a     421     422      96832
a     421     420      96832
a     421     429      96832
a     421     413      96832
a     422     423      96832
a     422     421      96832
a     422     430      96832
a     422     414      96832
a     423     424      96832
a     423     422      96832
a     423     431      96832
a     423     415      96832
a     424     423      96832
a     424     432      96832
a     424     416      96832
a     425     426      96832
a     425     433      96832
a     425     417      96832
a     426     427      96832
a     426     425      96832
a     426     434      96832
a     426     418      96832
a     427     428      96832
a     427     426      96832
a     427     435      96832
a     427     419      96832
a     428     429      96832
a     428     427      96832
a     428     436      96832
a     428     420      96832
a     429     430      96832
a     429     428      96832
a     429     437      96832
a     429     421      96832
a     430     431      96832
a     430     429      96832
a     430     438      96832
a     430     422      96832
a     431     432      96832
a     431     430      96832
a     431     439      96832
a     431     423      96832
a     432     431      96832
a     432     440      96832
a     432     424      96832
a     433     434      96832
a     433     441      96832
a     433     425      96832
a     434     435      96832
a     434     433      96832
a     434     442      96832
a     434     426      96832
a     435     436      96832
a     435     434      96832
a     435     443      96832
a     435     427      96832
a     436     437      96832
a     436     435      96832
a     436     444      96832
a     436     428      96832
a     437     438      96832
a     437     436      96832
a     437     445      96832
a     437     429      96832
a     438     439      96832
a     438     437      96832
a     438     446      96832
a     438     430      96832
a     439     440      96832
a     439     438      96832
a     439     447      96832
a     439     431      96832
a     440     439      96832
a     440     448      96832
a     440     432      96832
a     441     442      96832
a     441     433      96832
a     442     443      96832
a     442     441      96832
a     442     434      96832
a     443     444      96832
a     443     442      96832
a     443     435      96832
a     444     445      96832
a     444     443      96832
a     444     436      96832
a     445     446      96832
a     445     444      96832
a     445     437      96832
a     446     447      96832
a     446     445      96832
a     446     438      96832
a     447     448      96832
a     447     446      96832
a     447     439      96832
a     448     447      96832
a     448     440      96832
