c This file was generated by genrmf.
c The parameters are: a: 11 b: 2 c1: 129 c2: 777 seed: 1666103673
p max     242       1001
n       1 s
n     242 t
a       1     133        519
a       1       2      94017
a       1      12      94017
a       2     145        768
a       2       3      94017
a       2       1      94017
a       2      13      94017
a       3     143        383
a       3       4      94017
a       3       2      94017
a       3      14      94017
a       4     219        736
a       4       5      94017
a       4       3      94017
a       4      15      94017
a       5     218        400
a       5       6      94017
a       5       4      94017
a       5      16      94017
a       6     198        620
a       6       7      94017
a       6       5      94017
a       6      17      94017
a       7     182        552
a       7       8      94017
a       7       6      94017
a       7      18      94017
a       8     131        194
a       8       9      94017
a       8       7      94017
a       8      19      94017
a       9     222        235
a       9      10      94017
a       9       8      94017
a       9      20      94017
a      10     168        265
a      10      11      94017
a      10       9      94017
a      10      21      94017
a      11     220        581
a      11      10      94017
a      11      22      94017
a      12     173        460
a      12      13      94017
a      12      23      94017
a      12       1      94017
a      13     166        706
a      13      14      94017
a      13      12      94017
a      13      24      94017
a      13       2      94017
a      14     130        632
a      14      15      94017
a      14      13      94017
a      14      25      94017
a      14       3      94017
a      15     229        166
a      15      16      94017
a      15      14      94017
a      15      26      94017
a      15       4      94017
a      16     139        363
a      16      17      94017
a      16      15      94017
a      16      27      94017
a      16       5      94017
a      17     169        520
a      17      18      94017
a      17      16      94017
a      17      28      94017
a      17       6      94017
a      18     233        306
a      18      19      94017
a      18      17      94017
a      18      29      94017
a      18       7      94017
a      19     191        570
a      19      20      94017
a      19      18      94017
a      19      30      94017
a      19       8      94017
a      20     161        614
a      20      21      94017
a      20      19      94017
a      20      31      94017
a      20       9      94017
a      21     154        532
a      21      22      94017
a      21      20      94017
a      21      32      94017
a      21      10      94017
a      22     197        615
a      22      21      94017
a      22      33      94017
a      22      11      94017
a      23     192        307
a      23      24      94017
a      23      34      94017
a      23      12      94017
a      24     155        624
a      24      25      94017
a      24      23      94017
a      24      35      94017
a      24      13      94017
a      25     241        227
a      25      26      94017
a      25      24      94017
a      25      36      94017
a      25      14      94017
a      26     209        486
a      26      27      94017
a      26      25      94017
a      26      37      94017
a      26      15      94017
a      27     187        522
a      27      28      94017
a      27      26      94017
a      27      38      94017
a      27      16      94017
a      28     163        226
a      28      29      94017
a      28      27      94017
a      28      39      94017
a      28      17      94017
a      29     126        735
a      29      30      94017
a      29      28      94017
a      29      40      94017
a      29      18      94017
a      30     167        396
a      30      31      94017
a      30      29      94017
a      30      41      94017
a      30      19      94017
a      31     181        278
a      31      32      94017
a      31      30      94017
a      31      42      94017
a      31      20      94017
a      32     226        775
a      32      33      94017
a      32      31      94017
a      32      43      94017
a      32      21      94017
a      33     208        322
a      33      32      94017
a      33      44      94017
a      33      22      94017
a      34     171        314
a      34      35      94017
a      34      45      94017
a      34      23      94017
a      35     174        384
a      35      36      94017
a      35      34      94017
a      35      46      94017
a      35      24      94017
a      36     185        369
a      36      37      94017
a      36      35      94017
a      36      47      94017
a      36      25      94017
a      37     149        632
a      37      38      94017
a      37      36      94017
a      37      48      94017
a      37      26      94017
a      38     232        188
a      38      39      94017
a      38      37      94017
a      38      49      94017
a      38      27      94017
a      39     148        595
a      39      40      94017
a      39      38      94017
a      39      50      94017
a      39      28      94017
a      40     205        225
a      40      41      94017
a      40      39      94017
a      40      51      94017
a      40      29      94017
a      41     227        742
a      41      42      94017
a      41      40      94017
a      41      52      94017
a      41      30      94017
a      42     134        399
a      42      43      94017
a      42      41      94017
a      42      53      94017
a      42      31      94017
a      43     221        211
a      43      44      94017
a      43      42      94017
a      43      54      94017
a      43      32      94017
a      44     214        604
a      44      43      94017
a      44      55      94017
a      44      33      94017
a      45     122        327
a      45      46      94017
a      45      56      94017
a      45      34      94017
a      46     135        665
a      46      47      94017
a      46      45      94017
a      46      57      94017
a      46      35      94017
a      47     194        595
a      47      48      94017
a      47      46      94017
a      47      58      94017
a      47      36      94017
a      48     238        607
a      48      49      94017
a      48      47      94017
a      48      59      94017
a      48      37      94017
a      49     196        576
a      49      50      94017
a      49      48      94017
a      49      60      94017
a      49      38      94017
a      50     203        731
a      50      51      94017
a      50      49      94017
a      50      61      94017
a      50      39      94017
a      51     160        701
a      51      52      94017
a      51      50      94017
a      51      62      94017
a      51      40      94017
a      52     157        315
a      52      53      94017
a      52      51      94017
a      52      63      94017
a      52      41      94017
a      53     124        498
a      53      54      94017
a      53      52      94017
a      53      64      94017
a      53      42      94017
a      54     123        712
a      54      55      94017
a      54      53      94017
a      54      65      94017
a      54      43      94017
a      55     239        464
a      55      54      94017
a      55      66      94017
a      55      44      94017
a      56     153        535
a      56      57      94017
a      56      67      94017
a      56      45      94017
a      57     213        331
a      57      58      94017
a      57      56      94017
a      57      68      94017
a      57      46      94017
a      58     128        315
a      58      59      94017
a      58      57      94017
a      58      69      94017
a      58      47      94017
a      59     225        397
a      59      60      94017
a      59      58      94017
a      59      70      94017
a      59      48      94017
a      60     150        673
a      60      61      94017
a      60      59      94017
a      60      71      94017
a      60      49      94017
a      61     142        228
a      61      62      94017
a      61      60      94017
a      61      72      94017
a      61      50      94017
a      62     158        320
a      62      63      94017
a      62      61      94017
a      62      73      94017
a      62      51      94017
a      63     147        357
a      63      64      94017
a      63      62      94017
a      63      74      94017
a      63      52      94017
a      64     190        768
a      64      65      94017
a      64      63      94017
a      64      75      94017
a      64      53      94017
a      65     179        518
a      65      66      94017
a      65      64      94017
a      65      76      94017
a      65      54      94017
a      66     129        392
a      66      65      94017
a      66      77      94017
a      66      55      94017
a      67     170        538
a      67      68      94017
a      67      78      94017
a      67      56      94017
a      68     237        136
a      68      69      94017
a      68      67      94017
a      68      79      94017
a      68      57      94017
a      69     206        371
a      69      70      94017
a      69      68      94017
a      69      80      94017
a      69      58      94017
a      70     207        533
a      70      71      94017
a      70      69      94017
a      70      81      94017
a      70      59      94017
a      71     228        448
a      71      72      94017
a      71      70      94017
a      71      82      94017
a      71      60      94017
a      72     210        597
a      72      73      94017
a      72      71      94017
a      72      83      94017
a      72      61      94017
a      73     162        264
a      73      74      94017
a      73      72      94017
a      73      84      94017
a      73      62      94017
a      74     240        698
a      74      75      94017
a      74      73      94017
a      74      85      94017
a      74      63      94017
a      75     137        150
a      75      76      94017
a      75      74      94017
a      75      86      94017
a      75      64      94017
a      76     223        552
a      76      77      94017
a      76      75      94017
a      76      87      94017
a      76      65      94017
a      77     242        225
a      77      76      94017
a      77      88      94017
a      77      66      94017
a      78     200        599
a      78      79      94017
a      78      89      94017
a      78      67      94017
a      79     127        152
a      79      80      94017
a      79      78      94017
a      79      90      94017
a      79      68      94017
a      80     175        226
a      80      81      94017
a      80      79      94017
a      80      91      94017
a      80      69      94017
a      81     159        244
a      81      82      94017
a      81      80      94017
a      81      92      94017
a      81      70      94017
a      82     177        590
a      82      83      94017
a      82      81      94017
a      82      93      94017
a      82      71      94017
a      83     199        150
a      83      84      94017
a      83      82      94017
a      83      94      94017
a      83      72      94017
a      84     140        524
a      84      85      94017
a      84      83      94017
a      84      95      94017
a      84      73      94017
a      85     136        278
a      85      86      94017
a      85      84      94017
a      85      96      94017
a      85      74      94017
a      86     230        627
a      86      87      94017
a      86      85      94017
a      86      97      94017
a      86      75      94017
a      87     195        249
a      87      88      94017
a      87      86      94017
a      87      98      94017
a      87      76      94017
a      88     186        200
a      88      87      94017
a      88      99      94017
a      88      77      94017
a      89     236        146
a      89      90      94017
a      89     100      94017
a      89      78      94017
a      90     164        515
a      90      91      94017
a      90      89      94017
a      90     101      94017
a      90      79      94017
a      91     215        513
a      91      92      94017
a      91      90      94017
a      91     102      94017
a      91      80      94017
a      92     216        266
a      92      93      94017
a      92      91      94017
a      92     103      94017
a      92      81      94017
a      93     202        697
a      93      94      94017
a      93      92      94017
a      93     104      94017
a      93      82      94017
a      94     224        723
a      94      95      94017
a      94      93      94017
a      94     105      94017
a      94      83      94017
a      95     151        439
a      95      96      94017
a      95      94      94017
a      95     106      94017
a      95      84      94017
a      96     211        188
a      96      97      94017
a      96      95      94017
a      96     107      94017
a      96      85      94017
a      97     180        215
a      97      98      94017
a      97      96      94017
a      97     108      94017
a      97      86      94017
a      98     193        648
a      98      99      94017
a      98      97      94017
a      98     109      94017
a      98      87      94017
a      99     189        577
a      99      98      94017
a      99     110      94017
a      99      88      94017
a     100     204        487
a     100     101      94017
a     100     111      94017
a     100      89      94017
a     101     234        344
a     101     102      94017
a     101     100      94017
a     101     112      94017
a     101      90      94017
a     102     165        640
a     102     103      94017
a     102     101      94017
a     102     113      94017
a     102      91      94017
a     103     176        280
a     103     104      94017
a     103     102      94017
a     103     114      94017
a     103      92      94017
a     104     183        398
a     104     105      94017
a     104     103      94017
a     104     115      94017
a     104      93      94017
a     105     201        267
a     105     106      94017
a     105     104      94017
a     105     116      94017
a     105      94      94017
a     106     141        255
a     106     107      94017
a     106     105      94017
a     106     117      94017
a     106      95      94017
a     107     235        738
a     107     108      94017
a     107     106      94017
a     107     118      94017
a     107      96      94017
a     108     146        165
a     108     109      94017
a     108     107      94017
a     108     119      94017
a     108      97      94017
a     109     132        624
a     109     110      94017
a     109     108      94017
a     109     120      94017
a     109      98      94017
a     110     125        611
a     110     109      94017
a     110     121      94017
a     110      99      94017
a     111     178        449
a     111     112      94017
a     111     100      94017
a     112     144        764
a     112     113      94017
a     112     111      94017
a     112     101      94017
a     113     212        308
a     113     114      94017
a     113     112      94017
a     113     102      94017
a     114     217        447
a     114     115      94017
a     114     113      94017
a     114     103      94017
a     115     138        193
a     115     116      94017
a     115     114      94017
a     115     104      94017
a     116     156        533
a     116     117      94017
a     116     115      94017
a     116     105      94017
a     117     188        376
a     117     118      94017
a     117     116      94017
a     117     106      94017
a     118     184        621
a     118     119      94017
a     118     117      94017
a     118     107      94017
a     119     231        667
a     119     120      94017
a     119     118      94017
a     119     108      94017
a     120     172        509
a     120     121      94017
a     120     119      94017
a     120     109      94017
a     121     152        401
a     121     120      94017
a     121     110      94017
a     122     123      94017
a     122     133      94017
a     123     124      94017
a     123     122      94017
a     123     134      94017
a     124     125      94017
a     124     123      94017
a     124     135      94017
a     125     126      94017
a     125     124      94017
a     125     136      94017
a     126     127      94017
a     126     125      94017
a     126     137      94017
a     127     128      94017
a     127     126      94017
a     127     138      94017
a     128     129      94017
a     128     127      94017
a     128     139      94017
a     129     130      94017
a     129     128      94017
a     129     140      94017
a     130     131      94017
a     130     129      94017
a     130     141      94017
a     131     132      94017
a     131     130      94017
a     131     142      94017
a     132     131      94017
a     132     143      94017
a     133     134      94017
a     133     144      94017
a     133     122      94017
a     134     135      94017
a     134     133      94017
a     134     145      94017
a     134     123      94017
a     135     136      94017
a     135     134      94017
a     135     146      94017
a     135     124      94017
a     136     137      94017
a     136     135      94017
a     136     147      94017
a     136     125      94017
a     137     138      94017
a     137     136      94017
a     137     148      94017
a     137     126      94017
a     138     139      94017
a     138     137      94017
a     138     149      94017
a     138     127      94017
a     139     140      94017
a     139     138      94017
a     139     150      94017
a     139     128      94017
a     140     141      94017
a     140     139      94017
a     140     151      94017
a     140     129      94017
a     141     142      94017
a     141     140      94017
a     141     152      94017
a     141     130      94017
a     142     143      94017
a     142     141      94017
a     142     153      94017
a     142     131      94017
a     143     142      94017
a     143     154      94017
a     143     132      94017
a     144     145      94017
a     144     155      94017
a     144     133      94017
a     145     146      94017
a     145     144      94017
a     145     156      94017
a     145     134      94017
a     146     147      94017
a     146     145      94017
a     146     157      94017
a     146     135      94017
a     147     148      94017
a     147     146      94017
a     147     158      94017
a     147     136      94017
a     148     149      94017
a     148     147      94017
a     148     159      94017
a     148     137      94017
a     149     150      94017
a     149     148      94017
a     149     160      94017
a     149     138      94017
a     150     151      94017
a     150     149      94017
a     150     161      94017
a     150     139      94017
a     151     152      94017
a     151     150      94017
a     151     162      94017
a     151     140      94017
a     152     153      94017
a     152     151      94017
a     152     163      94017
a     152     141      94017
a     153     154      94017
a     153     152      94017
a     153     164      94017
a     153     142      94017
a     154     153      94017
a     154     165      94017
a     154     143      94017
a     155     156      94017
a     155     166      94017
a     155     144      94017
a     156     157      94017
a     156     155      94017
a     156     167      94017
a     156     145      94017
a     157     158      94017
a     157     156      94017
a     157     168      94017
a     157     146      94017
a     158     159      94017
a     158     157      94017
a     158     169      94017
a     158     147      94017
a     159     160      94017
a     159     158      94017
a     159     170      94017
a     159     148      94017
a     160     161      94017
a     160     159      94017
a     160     171      94017
a     160     149      94017
a     161     162      94017
a     161     160      94017
a     161     172      94017
a     161     150      94017
a     162     163      94017
a     162     161      94017
a     162     173      94017
a     162     151      94017
a     163     164      94017
a     163     162      94017
a     163     174      94017
a     163     152      94017
a     164     165      94017
a     164     163      94017
a     164     175      94017
a     164     153      94017
a     165     164      94017
a     165     176      94017
a     165     154      94017
a     166     167      94017
a     166     177      94017
a     166     155      94017
a     167     168      94017
a     167     166      94017
a     167     178      94017
a     167     156      94017
a     168     169      94017
a     168     167      94017
a     168     179      94017
a     168     157      94017
a     169     170      94017
a     169     168      94017
a     169     180      94017
a     169     158      94017
a     170     171      94017
a     170     169      94017
a     170     181      94017
a     170     159      94017
a     171     172      94017
a     171     170      94017
a     171     182      94017
a     171     160      94017
a     172     173      94017
a     172     171      94017
a     172     183      94017
a     172     161      94017
a     173     174      94017
a     173     172      94017
a     173     184      94017
a     173     162      94017
a     174     175      94017
a     174     173      94017
a     174     185      94017
a     174     163      94017
a     175     176      94017
a     175     174      94017
a     175     186      94017
a     175     164      94017
a     176     175      94017
a     176     187      94017
a     176     165      94017
a     177     178      94017
a     177     188      94017
a     177     166      94017
a     178     179      94017
a     178     177      94017
a     178     189      94017
a     178     167      94017
a     179     180      94017
a     179     178      94017
a     179     190      94017
a     179     168      94017
a     180     181      94017
a     180     179      94017
a     180     191      94017
a     180     169      94017
a     181     182      94017
a     181     180      94017
a     181     192      94017
a     181     170      94017
a     182     183      94017
a     182     181      94017
a     182     193      94017
a     182     171      94017
a     183     184      94017
a     183     182      94017
a     183     194      94017
a     183     172      94017
a     184     185      94017
a     184     183      94017
a     184     195      94017
a     184     173      94017
a     185     186      94017
a     185     184      94017
a     185     196      94017
a     185     174      94017
a     186     187      94017
a     186     185      94017
a     186     197      94017
a     186     175      94017
a     187     186      94017
a     187     198      94017
a     187     176      94017
a     188     189      94017
a     188     199      94017
a     188     177      94017
a     189     190      94017
a     189     188      94017
a     189     200      94017
a     189     178      94017
a     190     191      94017
a     190     189      94017
a     190     201      94017
a     190     179      94017
a     191     192      94017
a     191     190      94017
a     191     202      94017
a     191     180      94017
a     192     193      94017
a     192     191      94017
a     192     203      94017
a     192     181      94017
a     193     194      94017
a     193     192      94017
a     193     204      94017
a     193     182      94017
a     194     195      94017
a     194     193      94017
a     194     205      94017
a     194     183      94017
a     195     196      94017
a     195     194      94017
a     195     206      94017
a     195     184      94017
a     196     197      94017
a     196     195      94017
a     196     207      94017
a     196     185      94017
a     197     198      94017
a     197     196      94017
a     197     208      94017
a     197     186      94017
a     198     197      94017
a     198     209      94017
a     198     187      94017
a     199     200      94017
a     199     210      94017
a     199     188      94017
a     200     201      94017
a     200     199      94017
a     200     211      94017
a     200     189      94017
a     201     202      94017
a     201     200      94017
a     201     212      94017
a     201     190      94017
a     202     203      94017
a     202     201      94017
a     202     213      94017
a     202     191      94017
a     203     204      94017
a     203     202      94017
a     203     214      94017
a     203     192      94017
a     204     205      94017
a     204     203      94017
a     204     215      94017
a     204     193      94017
a     205     206      94017
a     205     204      94017
a     205     216      94017
a     205     194      94017
a     206     207      94017
a     206     205      94017
a     206     217      94017
a     206     195      94017
a     207     208      94017
a     207     206      94017
a     207     218      94017
a     207     196      94017
a     208     209      94017
a     208     207      94017
a     208     219      94017
a     208     197      94017
a     209     208      94017
a     209     220      94017
a     209     198      94017
a     210     211      94017
a     210     221      94017
a     210     199      94017
a     211     212      94017
a     211     210      94017
a     211     222      94017
a     211     200      94017
a     212     213      94017
a     212     211      94017
a     212     223      94017
a     212     201      94017
a     213     214      94017
a     213     212      94017
a     213     224      94017
a     213     202      94017
a     214     215      94017
a     214     213      94017
a     214     225      94017
a     214     203      94017
a     215     216      94017
a     215     214      94017
a     215     226      94017
a     215     204      94017
a     216     217      94017
a     216     215      94017
a     216     227      94017
a     216     205      94017
a     217     218      94017
a     217     216      94017
a     217     228      94017
a     217     206      94017
a     218     219      94017
a     218     217      94017
a     218     229      94017
a     218     207      94017
a     219     220      94017
a     219     218      94017
a     219     230      94017
a     219     208      94017
a     220     219      94017
a     220     231      94017
a     220     209      94017
a     221     222      94017
a     221     232      94017
a     221     210      94017
a     222     223      94017
a     222     221      94017
a     222     233      94017
a     222     211      94017
a     223     224      94017
a     223     222      94017
a     223     234      94017
a     223     212      94017
a     224     225      94017
a     224     223      94017
a     224     235      94017
a     224     213      94017
a     225     226      94017
a     225     224      94017
a     225     236      94017
a     225     214      94017
a     226     227      94017
a     226     225      94017
a     226     237      94017
a     226     215      94017
a     227     228      94017
a     227     226      94017
a     227     238      94017
a     227     216      94017
a     228     229      94017
a     228     227      94017
a     228     239      94017
a     228     217      94017
a     229     230      94017
a     229     228      94017
a     229     240      94017
a     229     218      94017
a     230     231      94017
a     230     229      94017
a     230     241      94017
a     230     219      94017
a     231     230      94017
a     231     242      94017
a     231     220      94017
a     232     233      94017
a     232     221      94017
a     233     234      94017
a     233     232      94017
a     233     222      94017
a     234     235      94017
a     234     233      94017
a     234     223      94017
a     235     236      94017
a     235     234      94017
a     235     224      94017
a     236     237      94017
a     236     235      94017
a     236     225      94017
a     237     238      94017
a     237     236      94017
a     237     226      94017
a     238     239      94017
a     238     237      94017
a     238     227      94017
a     239     240      94017
a     239     238      94017
a     239     228      94017
a     240     241      94017
a     240     239      94017
a     240     229      94017
a     241     242      94017
a     241     240      94017
a     241     230      94017
a     242     241      94017
a     242     231      94017
