c This file was generated by genrmf.
c The parameters are: a: 7 b: 15 c1: 64 c2: 193 seed: 1666103673
p max     735       3206
n       1 s
n     735 t
a       1      54        111
a       1       2       9457
a       1       8       9457
a       2      59        121
a       2       3       9457
a       2       1       9457
a       2       9       9457
a       3      51         92
a       3       4       9457
a       3       2       9457
a       3      10       9457
a       4      89         86
a       4       5       9457
a       4       3       9457
a       4      11       9457
a       5      53        107
a       5       6       9457
a       5       4       9457
a       5      12       9457
a       6      82        119
a       6       7       9457
a       6       5       9457
a       6      13       9457
a       7      76        187
a       7       6       9457
a       7      14       9457
a       8      58        161
a       8       9       9457
a       8      15       9457
a       8       1       9457
a       9      91        134
a       9      10       9457
a       9       8       9457
a       9      16       9457
a       9       2       9457
a      10      72         71
a      10      11       9457
a      10       9       9457
a      10      17       9457
a      10       3       9457
a      11      57        157
a      11      12       9457
a      11      10       9457
a      11      18       9457
a      11       4       9457
a      12      74        142
a      12      13       9457
a      12      11       9457
a      12      19       9457
a      12       5       9457
a      13      73        121
a      13      14       9457
a      13      12       9457
a      13      20       9457
a      13       6       9457
a      14      92         69
a      14      13       9457
a      14      21       9457
a      14       7       9457
a      15      94        121
a      15      16       9457
a      15      22       9457
a      15       8       9457
a      16      65         76
a      16      17       9457
a      16      15       9457
a      16      23       9457
a      16       9       9457
a      17      56        115
a      17      18       9457
a      17      16       9457
a      17      24       9457
a      17      10       9457
a      18      96         80
a      18      19       9457
a      18      17       9457
a      18      25       9457
a      18      11       9457
a      19      83         82
a      19      20       9457
a      19      18       9457
a      19      26       9457
a      19      12       9457
a      20      61        179
a      20      21       9457
a      20      19       9457
a      20      27       9457
a      20      13       9457
a      21      62        103
a      21      20       9457
a      21      28       9457
a      21      14       9457
a      22      86        104
a      22      23       9457
a      22      29       9457
a      22      15       9457
a      23      85        157
a      23      24       9457
a      23      22       9457
a      23      30       9457
a      23      16       9457
a      24      75        109
a      24      25       9457
a      24      23       9457
a      24      31       9457
a      24      17       9457
a      25      98        153
a      25      26       9457
a      25      24       9457
a      25      32       9457
a      25      18       9457
a      26      90        188
a      26      27       9457
a      26      25       9457
a      26      33       9457
a      26      19       9457
a      27      52        168
a      27      28       9457
a      27      26       9457
a      27      34       9457
a      27      20       9457
a      28      80        138
a      28      27       9457
a      28      35       9457
a      28      21       9457
a      29      93        191
a      29      30       9457
a      29      36       9457
a      29      22       9457
a      30      55         69
a      30      31       9457
a      30      29       9457
a      30      37       9457
a      30      23       9457
a      31      71        191
a      31      32       9457
a      31      30       9457
a      31      38       9457
a      31      24       9457
a      32      95         72
a      32      33       9457
a      32      31       9457
a      32      39       9457
a      32      25       9457
a      33      63        159
a      33      34       9457
a      33      32       9457
a      33      40       9457
a      33      26       9457
a      34      77        139
a      34      35       9457
a      34      33       9457
a      34      41       9457
a      34      27       9457
a      35      87        192
a      35      34       9457
a      35      42       9457
a      35      28       9457
a      36      50         73
a      36      37       9457
a      36      43       9457
a      36      29       9457
a      37      68        145
a      37      38       9457
a      37      36       9457
a      37      44       9457
a      37      30       9457
a      38      97        149
a      38      39       9457
a      38      37       9457
a      38      45       9457
a      38      31       9457
a      39      60        183
a      39      40       9457
a      39      38       9457
a      39      46       9457
a      39      32       9457
a      40      64        184
a      40      41       9457
a      40      39       9457
a      40      47       9457
a      40      33       9457
a      41      84        167
a      41      42       9457
a      41      40       9457
a      41      48       9457
a      41      34       9457
a      42      88        107
a      42      41       9457
a      42      49       9457
a      42      35       9457
a      43      70         77
a      43      44       9457
a      43      36       9457
a      44      67         79
a      44      45       9457
a      44      43       9457
a      44      37       9457
a      45      66        146
a      45      46       9457
a      45      44       9457
a      45      38       9457
a      46      79        108
a      46      47       9457
a      46      45       9457
a      46      39       9457
a      47      81         96
a      47      48       9457
a      47      46       9457
a      47      40       9457
a      48      69         87
a      48      49       9457
a      48      47       9457
a      48      41       9457
a      49      78        100
a      49      48       9457
a      49      42       9457
a      50      99        135
a      50      51       9457
a      50      57       9457
a      51     146        142
a      51      52       9457
a      51      50       9457
a      51      58       9457
a      52     127         83
a      52      53       9457
a      52      51       9457
a      52      59       9457
a      53     104        185
a      53      54       9457
a      53      52       9457
a      53      60       9457
a      54     139        117
a      54      55       9457
a      54      53       9457
a      54      61       9457
a      55     133         93
a      55      56       9457
a      55      54       9457
a      55      62       9457
a      56     145        193
a      56      55       9457
a      56      63       9457
a      57     121        102
a      57      58       9457
a      57      64       9457
a      57      50       9457
a      58     125        101
a      58      59       9457
a      58      57       9457
a      58      65       9457
a      58      51       9457
a      59     142        115
a      59      60       9457
a      59      58       9457
a      59      66       9457
a      59      52       9457
a      60     115        112
a      60      61       9457
a      60      59       9457
a      60      67       9457
a      60      53       9457
a      61     126        164
a      61      62       9457
a      61      60       9457
a      61      68       9457
a      61      54       9457
a      62     129         75
a      62      63       9457
a      62      61       9457
a      62      69       9457
a      62      55       9457
a      63     111        157
a      63      62       9457
a      63      70       9457
a      63      56       9457
a      64     124         83
a      64      65       9457
a      64      71       9457
a      64      57       9457
a      65     136        186
a      65      66       9457
a      65      64       9457
a      65      72       9457
a      65      58       9457
a      66     118        118
a      66      67       9457
a      66      65       9457
a      66      73       9457
a      66      59       9457
a      67     107         80
a      67      68       9457
a      67      66       9457
a      67      74       9457
a      67      60       9457
a      68     112        159
a      68      69       9457
a      68      67       9457
a      68      75       9457
a      68      61       9457
a      69     105        103
a      69      70       9457
a      69      68       9457
a      69      76       9457
a      69      62       9457
a      70     114        171
a      70      69       9457
a      70      77       9457
a      70      63       9457
a      71     106        157
a      71      72       9457
a      71      78       9457
a      71      64       9457
a      72     119        159
a      72      73       9457
a      72      71       9457
a      72      79       9457
a      72      65       9457
a      73     109        153
a      73      74       9457
a      73      72       9457
a      73      80       9457
a      73      66       9457
a      74     100        184
a      74      75       9457
a      74      73       9457
a      74      81       9457
a      74      67       9457
a      75     141        178
a      75      76       9457
a      75      74       9457
a      75      82       9457
a      75      68       9457
a      76     110        101
a      76      77       9457
a      76      75       9457
a      76      83       9457
a      76      69       9457
a      77     117        138
a      77      76       9457
a      77      84       9457
a      77      70       9457
a      78     116        180
a      78      79       9457
a      78      85       9457
a      78      71       9457
a      79     134        131
a      79      80       9457
a      79      78       9457
a      79      86       9457
a      79      72       9457
a      80     144        145
a      80      81       9457
a      80      79       9457
a      80      87       9457
a      80      73       9457
a      81     123        104
a      81      82       9457
a      81      80       9457
a      81      88       9457
a      81      74       9457
a      82     103        101
a      82      83       9457
a      82      81       9457
a      82      89       9457
a      82      75       9457
a      83     135        117
a      83      84       9457
a      83      82       9457
a      83      90       9457
a      83      76       9457
a      84     137        173
a      84      83       9457
a      84      91       9457
a      84      77       9457
a      85     101         83
a      85      86       9457
a      85      92       9457
a      85      78       9457
a      86     130        102
a      86      87       9457
a      86      85       9457
a      86      93       9457
a      86      79       9457
a      87     108        109
a      87      88       9457
a      87      86       9457
a      87      94       9457
a      87      80       9457
a      88     102        192
a      88      89       9457
a      88      87       9457
a      88      95       9457
a      88      81       9457
a      89     128        142
a      89      90       9457
a      89      88       9457
a      89      96       9457
a      89      82       9457
a      90     138        116
a      90      91       9457
a      90      89       9457
a      90      97       9457
a      90      83       9457
a      91     122        146
a      91      90       9457
a      91      98       9457
a      91      84       9457
a      92     132         65
a      92      93       9457
a      92      85       9457
a      93     143        112
a      93      94       9457
a      93      92       9457
a      93      86       9457
a      94     131        145
a      94      95       9457
a      94      93       9457
a      94      87       9457
a      95     140        128
a      95      96       9457
a      95      94       9457
a      95      88       9457
a      96     147        157
a      96      97       9457
a      96      95       9457
a      96      89       9457
a      97     120         91
a      97      98       9457
a      97      96       9457
a      97      90       9457
a      98     113        178
a      98      97       9457
a      98      91       9457
a      99     195        107
a      99     100       9457
a      99     106       9457
a     100     152         79
a     100     101       9457
a     100      99       9457
a     100     107       9457
a     101     174        132
a     101     102       9457
a     101     100       9457
a     101     108       9457
a     102     179         66
a     102     103       9457
a     102     101       9457
a     102     109       9457
a     103     182        157
a     103     104       9457
a     103     102       9457
a     103     110       9457
a     104     175        119
a     104     105       9457
a     104     103       9457
a     104     111       9457
a     105     160         81
a     105     104       9457
a     105     112       9457
a     106     153        110
a     106     107       9457
a     106     113       9457
a     106      99       9457
a     107     191        164
a     107     108       9457
a     107     106       9457
a     107     114       9457
a     107     100       9457
a     108     184        168
a     108     109       9457
a     108     107       9457
a     108     115       9457
a     108     101       9457
a     109     154        122
a     109     110       9457
a     109     108       9457
a     109     116       9457
a     109     102       9457
a     110     187        150
a     110     111       9457
a     110     109       9457
a     110     117       9457
a     110     103       9457
a     111     161        149
a     111     112       9457
a     111     110       9457
a     111     118       9457
a     111     104       9457
a     112     167        172
a     112     111       9457
a     112     119       9457
a     112     105       9457
a     113     173        144
a     113     114       9457
a     113     120       9457
a     113     106       9457
a     114     150        107
a     114     115       9457
a     114     113       9457
a     114     121       9457
a     114     107       9457
a     115     185        113
a     115     116       9457
a     115     114       9457
a     115     122       9457
a     115     108       9457
a     116     158        180
a     116     117       9457
a     116     115       9457
a     116     123       9457
a     116     109       9457
a     117     189        113
a     117     118       9457
a     117     116       9457
a     117     124       9457
a     117     110       9457
a     118     196        192
a     118     119       9457
a     118     117       9457
a     118     125       9457
a     118     111       9457
a     119     176        155
a     119     118       9457
a     119     126       9457
a     119     112       9457
a     120     156         70
a     120     121       9457
a     120     127       9457
a     120     113       9457
a     121     190        158
a     121     122       9457
a     121     120       9457
a     121     128       9457
a     121     114       9457
a     122     192         90
a     122     123       9457
a     122     121       9457
a     122     129       9457
a     122     115       9457
a     123     171         85
a     123     124       9457
a     123     122       9457
a     123     130       9457
a     123     116       9457
a     124     151        105
a     124     125       9457
a     124     123       9457
a     124     131       9457
a     124     117       9457
a     125     163         85
a     125     126       9457
a     125     124       9457
a     125     132       9457
a     125     118       9457
a     126     180        113
a     126     125       9457
a     126     133       9457
a     126     119       9457
a     127     148        191
a     127     128       9457
a     127     134       9457
a     127     120       9457
a     128     157        114
a     128     129       9457
a     128     127       9457
a     128     135       9457
a     128     121       9457
a     129     186        173
a     129     130       9457
a     129     128       9457
a     129     136       9457
a     129     122       9457
a     130     193         94
a     130     131       9457
a     130     129       9457
a     130     137       9457
a     130     123       9457
a     131     169        135
a     131     132       9457
a     131     130       9457
a     131     138       9457
a     131     124       9457
a     132     159         98
a     132     133       9457
a     132     131       9457
a     132     139       9457
a     132     125       9457
a     133     178        130
a     133     132       9457
a     133     140       9457
a     133     126       9457
a     134     172        148
a     134     135       9457
a     134     141       9457
a     134     127       9457
a     135     181        147
a     135     136       9457
a     135     134       9457
a     135     142       9457
a     135     128       9457
a     136     162        169
a     136     137       9457
a     136     135       9457
a     136     143       9457
a     136     129       9457
a     137     149        165
a     137     138       9457
a     137     136       9457
a     137     144       9457
a     137     130       9457
a     138     155        167
a     138     139       9457
a     138     137       9457
a     138     145       9457
a     138     131       9457
a     139     188        184
a     139     140       9457
a     139     138       9457
a     139     146       9457
a     139     132       9457
a     140     194        107
a     140     139       9457
a     140     147       9457
a     140     133       9457
a     141     166        114
a     141     142       9457
a     141     134       9457
a     142     165        165
a     142     143       9457
a     142     141       9457
a     142     135       9457
a     143     183        152
a     143     144       9457
a     143     142       9457
a     143     136       9457
a     144     177        143
a     144     145       9457
a     144     143       9457
a     144     137       9457
a     145     168        128
a     145     146       9457
a     145     144       9457
a     145     138       9457
a     146     170        100
a     146     147       9457
a     146     145       9457
a     146     139       9457
a     147     164        152
a     147     146       9457
a     147     140       9457
a     148     205        119
a     148     149       9457
a     148     155       9457
a     149     229        130
a     149     150       9457
a     149     148       9457
a     149     156       9457
a     150     220         93
a     150     151       9457
a     150     149       9457
a     150     157       9457
a     151     225        173
a     151     152       9457
a     151     150       9457
a     151     158       9457
a     152     204        160
a     152     153       9457
a     152     151       9457
a     152     159       9457
a     153     232        178
a     153     154       9457
a     153     152       9457
a     153     160       9457
a     154     240        123
a     154     153       9457
a     154     161       9457
a     155     223        175
a     155     156       9457
a     155     162       9457
a     155     148       9457
a     156     217         75
a     156     157       9457
a     156     155       9457
a     156     163       9457
a     156     149       9457
a     157     230        128
a     157     158       9457
a     157     156       9457
a     157     164       9457
a     157     150       9457
a     158     200         89
a     158     159       9457
a     158     157       9457
a     158     165       9457
a     158     151       9457
a     159     218        184
a     159     160       9457
a     159     158       9457
a     159     166       9457
a     159     152       9457
a     160     207        164
a     160     161       9457
a     160     159       9457
a     160     167       9457
a     160     153       9457
a     161     197         66
a     161     160       9457
a     161     168       9457
a     161     154       9457
a     162     214        106
a     162     163       9457
a     162     169       9457
a     162     155       9457
a     163     231        182
a     163     164       9457
a     163     162       9457
a     163     170       9457
a     163     156       9457
a     164     213        171
a     164     165       9457
a     164     163       9457
a     164     171       9457
a     164     157       9457
a     165     209         65
a     165     166       9457
a     165     164       9457
a     165     172       9457
a     165     158       9457
a     166     244        129
a     166     167       9457
a     166     165       9457
a     166     173       9457
a     166     159       9457
a     167     212        121
a     167     168       9457
a     167     166       9457
a     167     174       9457
a     167     160       9457
a     168     216        128
a     168     167       9457
a     168     175       9457
a     168     161       9457
a     169     199        178
a     169     170       9457
a     169     176       9457
a     169     162       9457
a     170     222         92
a     170     171       9457
a     170     169       9457
a     170     177       9457
a     170     163       9457
a     171     227         95
a     171     172       9457
a     171     170       9457
a     171     178       9457
a     171     164       9457
a     172     236        160
a     172     173       9457
a     172     171       9457
a     172     179       9457
a     172     165       9457
a     173     202        109
a     173     174       9457
a     173     172       9457
a     173     180       9457
a     173     166       9457
a     174     239        178
a     174     175       9457
a     174     173       9457
a     174     181       9457
a     174     167       9457
a     175     206        116
a     175     174       9457
a     175     182       9457
a     175     168       9457
a     176     203        168
a     176     177       9457
a     176     183       9457
a     176     169       9457
a     177     242        179
a     177     178       9457
a     177     176       9457
a     177     184       9457
a     177     170       9457
a     178     243        152
a     178     179       9457
a     178     177       9457
a     178     185       9457
a     178     171       9457
a     179     237        162
a     179     180       9457
a     179     178       9457
a     179     186       9457
a     179     172       9457
a     180     224         64
a     180     181       9457
a     180     179       9457
a     180     187       9457
a     180     173       9457
a     181     245        129
a     181     182       9457
a     181     180       9457
a     181     188       9457
a     181     174       9457
a     182     233         80
a     182     181       9457
a     182     189       9457
a     182     175       9457
a     183     234         92
a     183     184       9457
a     183     190       9457
a     183     176       9457
a     184     238         83
a     184     185       9457
a     184     183       9457
a     184     191       9457
a     184     177       9457
a     185     201        116
a     185     186       9457
a     185     184       9457
a     185     192       9457
a     185     178       9457
a     186     210        113
a     186     187       9457
a     186     185       9457
a     186     193       9457
a     186     179       9457
a     187     228        111
a     187     188       9457
a     187     186       9457
a     187     194       9457
a     187     180       9457
a     188     226        139
a     188     189       9457
a     188     187       9457
a     188     195       9457
a     188     181       9457
a     189     208        109
a     189     188       9457
a     189     196       9457
a     189     182       9457
a     190     215        132
a     190     191       9457
a     190     183       9457
a     191     198        110
a     191     192       9457
a     191     190       9457
a     191     184       9457
a     192     241         66
a     192     193       9457
a     192     191       9457
a     192     185       9457
a     193     221        161
a     193     194       9457
a     193     192       9457
a     193     186       9457
a     194     211        168
a     194     195       9457
a     194     193       9457
a     194     187       9457
a     195     235        156
a     195     196       9457
a     195     194       9457
a     195     188       9457
a     196     219         94
a     196     195       9457
a     196     189       9457
a     197     281        181
a     197     198       9457
a     197     204       9457
a     198     294        173
a     198     199       9457
a     198     197       9457
a     198     205       9457
a     199     248        185
a     199     200       9457
a     199     198       9457
a     199     206       9457
a     200     283        142
a     200     201       9457
a     200     199       9457
a     200     207       9457
a     201     270        151
a     201     202       9457
a     201     200       9457
a     201     208       9457
a     202     293        122
a     202     203       9457
a     202     201       9457
a     202     209       9457
a     203     282        155
a     203     202       9457
a     203     210       9457
a     204     267        114
a     204     205       9457
a     204     211       9457
a     204     197       9457
a     205     264         71
a     205     206       9457
a     205     204       9457
a     205     212       9457
a     205     198       9457
a     206     255        139
a     206     207       9457
a     206     205       9457
a     206     213       9457
a     206     199       9457
a     207     286        170
a     207     208       9457
a     207     206       9457
a     207     214       9457
a     207     200       9457
a     208     272        171
a     208     209       9457
a     208     207       9457
a     208     215       9457
a     208     201       9457
a     209     278        147
a     209     210       9457
a     209     208       9457
a     209     216       9457
a     209     202       9457
a     210     263        162
a     210     209       9457
a     210     217       9457
a     210     203       9457
a     211     246        135
a     211     212       9457
a     211     218       9457
a     211     204       9457
a     212     254        163
a     212     213       9457
a     212     211       9457
a     212     219       9457
a     212     205       9457
a     213     257        140
a     213     214       9457
a     213     212       9457
a     213     220       9457
a     213     206       9457
a     214     291        164
a     214     215       9457
a     214     213       9457
a     214     221       9457
a     214     207       9457
a     215     266        176
a     215     216       9457
a     215     214       9457
a     215     222       9457
a     215     208       9457
a     216     253         83
a     216     217       9457
a     216     215       9457
a     216     223       9457
a     216     209       9457
a     217     290         84
a     217     216       9457
a     217     224       9457
a     217     210       9457
a     218     251        170
a     218     219       9457
a     218     225       9457
a     218     211       9457
a     219     250        161
a     219     220       9457
a     219     218       9457
a     219     226       9457
a     219     212       9457
a     220     265         79
a     220     221       9457
a     220     219       9457
a     220     227       9457
a     220     213       9457
a     221     274        113
a     221     222       9457
a     221     220       9457
a     221     228       9457
a     221     214       9457
a     222     268        140
a     222     223       9457
a     222     221       9457
a     222     229       9457
a     222     215       9457
a     223     262        138
a     223     224       9457
a     223     222       9457
a     223     230       9457
a     223     216       9457
a     224     279        157
a     224     223       9457
a     224     231       9457
a     224     217       9457
a     225     252        178
a     225     226       9457
a     225     232       9457
a     225     218       9457
a     226     261        100
a     226     227       9457
a     226     225       9457
a     226     233       9457
a     226     219       9457
a     227     276         81
a     227     228       9457
a     227     226       9457
a     227     234       9457
a     227     220       9457
a     228     287        110
a     228     229       9457
a     228     227       9457
a     228     235       9457
a     228     221       9457
a     229     249        112
a     229     230       9457
a     229     228       9457
a     229     236       9457
a     229     222       9457
a     230     280        111
a     230     231       9457
a     230     229       9457
a     230     237       9457
a     230     223       9457
a     231     260        121
a     231     230       9457
a     231     238       9457
a     231     224       9457
a     232     284        106
a     232     233       9457
a     232     239       9457
a     232     225       9457
a     233     247        159
a     233     234       9457
a     233     232       9457
a     233     240       9457
a     233     226       9457
a     234     271        133
a     234     235       9457
a     234     233       9457
a     234     241       9457
a     234     227       9457
a     235     273        106
a     235     236       9457
a     235     234       9457
a     235     242       9457
a     235     228       9457
a     236     292        116
a     236     237       9457
a     236     235       9457
a     236     243       9457
a     236     229       9457
a     237     277        116
a     237     238       9457
a     237     236       9457
a     237     244       9457
a     237     230       9457
a     238     269         94
a     238     237       9457
a     238     245       9457
a     238     231       9457
a     239     288        139
a     239     240       9457
a     239     232       9457
a     240     285        127
a     240     241       9457
a     240     239       9457
a     240     233       9457
a     241     256        115
a     241     242       9457
a     241     240       9457
a     241     234       9457
a     242     289        176
a     242     243       9457
a     242     241       9457
a     242     235       9457
a     243     259        124
a     243     244       9457
a     243     242       9457
a     243     236       9457
a     244     258         77
a     244     245       9457
a     244     243       9457
a     244     237       9457
a     245     275        106
a     245     244       9457
a     245     238       9457
a     246     312         86
a     246     247       9457
a     246     253       9457
a     247     330         76
a     247     248       9457
a     247     246       9457
a     247     254       9457
a     248     311         87
a     248     249       9457
a     248     247       9457
a     248     255       9457
a     249     320         91
a     249     250       9457
a     249     248       9457
a     249     256       9457
a     250     327         68
a     250     251       9457
a     250     249       9457
a     250     257       9457
a     251     335        130
a     251     252       9457
a     251     250       9457
a     251     258       9457
a     252     328        182
a     252     251       9457
a     252     259       9457
a     253     322         66
a     253     254       9457
a     253     260       9457
a     253     246       9457
a     254     336        145
a     254     255       9457
a     254     253       9457
a     254     261       9457
a     254     247       9457
a     255     316        147
a     255     256       9457
a     255     254       9457
a     255     262       9457
a     255     248       9457
a     256     329        147
a     256     257       9457
a     256     255       9457
a     256     263       9457
a     256     249       9457
a     257     334         86
a     257     258       9457
a     257     256       9457
a     257     264       9457
a     257     250       9457
a     258     313        184
a     258     259       9457
a     258     257       9457
a     258     265       9457
a     258     251       9457
a     259     304        134
a     259     258       9457
a     259     266       9457
a     259     252       9457
a     260     298        171
a     260     261       9457
a     260     267       9457
a     260     253       9457
a     261     321        140
a     261     262       9457
a     261     260       9457
a     261     268       9457
a     261     254       9457
a     262     343         76
a     262     263       9457
a     262     261       9457
a     262     269       9457
a     262     255       9457
a     263     302        180
a     263     264       9457
a     263     262       9457
a     263     270       9457
a     263     256       9457
a     264     324         85
a     264     265       9457
a     264     263       9457
a     264     271       9457
a     264     257       9457
a     265     297        147
a     265     266       9457
a     265     264       9457
a     265     272       9457
a     265     258       9457
a     266     325        124
a     266     265       9457
a     266     273       9457
a     266     259       9457
a     267     310         76
a     267     268       9457
a     267     274       9457
a     267     260       9457
a     268     307        146
a     268     269       9457
a     268     267       9457
a     268     275       9457
a     268     261       9457
a     269     318         92
a     269     270       9457
a     269     268       9457
a     269     276       9457
a     269     262       9457
a     270     338         94
a     270     271       9457
a     270     269       9457
a     270     277       9457
a     270     263       9457
a     271     337         97
a     271     272       9457
a     271     270       9457
a     271     278       9457
a     271     264       9457
a     272     332        164
a     272     273       9457
a     272     271       9457
a     272     279       9457
a     272     265       9457
a     273     319        156
a     273     272       9457
a     273     280       9457
a     273     266       9457
a     274     303        186
a     274     275       9457
a     274     281       9457
a     274     267       9457
a     275     306        162
a     275     276       9457
a     275     274       9457
a     275     282       9457
a     275     268       9457
a     276     309        136
a     276     277       9457
a     276     275       9457
a     276     283       9457
a     276     269       9457
a     277     300        173
a     277     278       9457
a     277     276       9457
a     277     284       9457
a     277     270       9457
a     278     333        108
a     278     279       9457
a     278     277       9457
a     278     285       9457
a     278     271       9457
a     279     299         97
a     279     280       9457
a     279     278       9457
a     279     286       9457
a     279     272       9457
a     280     317        123
a     280     279       9457
a     280     287       9457
a     280     273       9457
a     281     342         77
a     281     282       9457
a     281     288       9457
a     281     274       9457
a     282     301        191
a     282     283       9457
a     282     281       9457
a     282     289       9457
a     282     275       9457
a     283     341        125
a     283     284       9457
a     283     282       9457
a     283     290       9457
a     283     276       9457
a     284     314         90
a     284     285       9457
a     284     283       9457
a     284     291       9457
a     284     277       9457
a     285     305        111
a     285     286       9457
a     285     284       9457
a     285     292       9457
a     285     278       9457
a     286     296         97
a     286     287       9457
a     286     285       9457
a     286     293       9457
a     286     279       9457
a     287     295        193
a     287     286       9457
a     287     294       9457
a     287     280       9457
a     288     339        141
a     288     289       9457
a     288     281       9457
a     289     308        130
a     289     290       9457
a     289     288       9457
a     289     282       9457
a     290     331        136
a     290     291       9457
a     290     289       9457
a     290     283       9457
a     291     326        107
a     291     292       9457
a     291     290       9457
a     291     284       9457
a     292     340         96
a     292     293       9457
a     292     291       9457
a     292     285       9457
a     293     315        128
a     293     294       9457
a     293     292       9457
a     293     286       9457
a     294     323        154
a     294     293       9457
a     294     287       9457
a     295     372        184
a     295     296       9457
a     295     302       9457
a     296     349         99
a     296     297       9457
a     296     295       9457
a     296     303       9457
a     297     392        117
a     297     298       9457
a     297     296       9457
a     297     304       9457
a     298     363        121
a     298     299       9457
a     298     297       9457
a     298     305       9457
a     299     377        165
a     299     300       9457
a     299     298       9457
a     299     306       9457
a     300     389        171
a     300     301       9457
a     300     299       9457
a     300     307       9457
a     301     385        173
a     301     300       9457
a     301     308       9457
a     302     370        154
a     302     303       9457
a     302     309       9457
a     302     295       9457
a     303     366        130
a     303     304       9457
a     303     302       9457
a     303     310       9457
a     303     296       9457
a     304     374        192
a     304     305       9457
a     304     303       9457
a     304     311       9457
a     304     297       9457
a     305     346        177
a     305     306       9457
a     305     304       9457
a     305     312       9457
a     305     298       9457
a     306     355        177
a     306     307       9457
a     306     305       9457
a     306     313       9457
a     306     299       9457
a     307     375         66
a     307     308       9457
a     307     306       9457
a     307     314       9457
a     307     300       9457
a     308     382        189
a     308     307       9457
a     308     315       9457
a     308     301       9457
a     309     352        140
a     309     310       9457
a     309     316       9457
a     309     302       9457
a     310     391         76
a     310     311       9457
a     310     309       9457
a     310     317       9457
a     310     303       9457
a     311     379        101
a     311     312       9457
a     311     310       9457
a     311     318       9457
a     311     304       9457
a     312     345        173
a     312     313       9457
a     312     311       9457
a     312     319       9457
a     312     305       9457
a     313     378         97
a     313     314       9457
a     313     312       9457
a     313     320       9457
a     313     306       9457
a     314     358        122
a     314     315       9457
a     314     313       9457
a     314     321       9457
a     314     307       9457
a     315     365        138
a     315     314       9457
a     315     322       9457
a     315     308       9457
a     316     353         94
a     316     317       9457
a     316     323       9457
a     316     309       9457
a     317     381        179
a     317     318       9457
a     317     316       9457
a     317     324       9457
a     317     310       9457
a     318     360         96
a     318     319       9457
a     318     317       9457
a     318     325       9457
a     318     311       9457
a     319     357         85
a     319     320       9457
a     319     318       9457
a     319     326       9457
a     319     312       9457
a     320     354        180
a     320     321       9457
a     320     319       9457
a     320     327       9457
a     320     313       9457
a     321     380        152
a     321     322       9457
a     321     320       9457
a     321     328       9457
a     321     314       9457
a     322     367        153
a     322     321       9457
a     322     329       9457
a     322     315       9457
a     323     356        190
a     323     324       9457
a     323     330       9457
a     323     316       9457
a     324     384         94
a     324     325       9457
a     324     323       9457
a     324     331       9457
a     324     317       9457
a     325     386         79
a     325     326       9457
a     325     324       9457
a     325     332       9457
a     325     318       9457
a     326     347         72
a     326     327       9457
a     326     325       9457
a     326     333       9457
a     326     319       9457
a     327     350         85
a     327     328       9457
a     327     326       9457
a     327     334       9457
a     327     320       9457
a     328     344        174
a     328     329       9457
a     328     327       9457
a     328     335       9457
a     328     321       9457
a     329     361        149
a     329     328       9457
a     329     336       9457
a     329     322       9457
a     330     348        150
a     330     331       9457
a     330     337       9457
a     330     323       9457
a     331     371        151
a     331     332       9457
a     331     330       9457
a     331     338       9457
a     331     324       9457
a     332     383        181
a     332     333       9457
a     332     331       9457
a     332     339       9457
a     332     325       9457
a     333     376        139
a     333     334       9457
a     333     332       9457
a     333     340       9457
a     333     326       9457
a     334     351        193
a     334     335       9457
a     334     333       9457
a     334     341       9457
a     334     327       9457
a     335     368        158
a     335     336       9457
a     335     334       9457
a     335     342       9457
a     335     328       9457
a     336     369        179
a     336     335       9457
a     336     343       9457
a     336     329       9457
a     337     388         88
a     337     338       9457
a     337     330       9457
a     338     387         64
a     338     339       9457
a     338     337       9457
a     338     331       9457
a     339     390        167
a     339     340       9457
a     339     338       9457
a     339     332       9457
a     340     364         92
a     340     341       9457
a     340     339       9457
a     340     333       9457
a     341     373        143
a     341     342       9457
a     341     340       9457
a     341     334       9457
a     342     359        193
a     342     343       9457
a     342     341       9457
a     342     335       9457
a     343     362        136
a     343     342       9457
a     343     336       9457
a     344     424        158
a     344     345       9457
a     344     351       9457
a     345     403        173
a     345     346       9457
a     345     344       9457
a     345     352       9457
a     346     399        102
a     346     347       9457
a     346     345       9457
a     346     353       9457
a     347     407         85
a     347     348       9457
a     347     346       9457
a     347     354       9457
a     348     416        116
a     348     349       9457
a     348     347       9457
a     348     355       9457
a     349     401         71
a     349     350       9457
a     349     348       9457
a     349     356       9457
a     350     419         65
a     350     349       9457
a     350     357       9457
a     351     432         77
a     351     352       9457
a     351     358       9457
a     351     344       9457
a     352     418        119
a     352     353       9457
a     352     351       9457
a     352     359       9457
a     352     345       9457
a     353     437        109
a     353     354       9457
a     353     352       9457
a     353     360       9457
a     353     346       9457
a     354     404        105
a     354     355       9457
a     354     353       9457
a     354     361       9457
a     354     347       9457
a     355     409        150
a     355     356       9457
a     355     354       9457
a     355     362       9457
a     355     348       9457
a     356     426        107
a     356     357       9457
a     356     355       9457
a     356     363       9457
a     356     349       9457
a     357     433        141
a     357     356       9457
a     357     364       9457
a     357     350       9457
a     358     434         65
a     358     359       9457
a     358     365       9457
a     358     351       9457
a     359     429         85
a     359     360       9457
a     359     358       9457
a     359     366       9457
a     359     352       9457
a     360     405         88
a     360     361       9457
a     360     359       9457
a     360     367       9457
a     360     353       9457
a     361     417        140
a     361     362       9457
a     361     360       9457
a     361     368       9457
a     361     354       9457
a     362     406        108
a     362     363       9457
a     362     361       9457
a     362     369       9457
a     362     355       9457
a     363     428        107
a     363     364       9457
a     363     362       9457
a     363     370       9457
a     363     356       9457
a     364     427        105
a     364     363       9457
a     364     371       9457
a     364     357       9457
a     365     435        175
a     365     366       9457
a     365     372       9457
a     365     358       9457
a     366     398        164
a     366     367       9457
a     366     365       9457
a     366     373       9457
a     366     359       9457
a     367     400         75
a     367     368       9457
a     367     366       9457
a     367     374       9457
a     367     360       9457
a     368     395        105
a     368     369       9457
a     368     367       9457
a     368     375       9457
a     368     361       9457
a     369     423         73
a     369     370       9457
a     369     368       9457
a     369     376       9457
a     369     362       9457
a     370     436         66
a     370     371       9457
a     370     369       9457
a     370     377       9457
a     370     363       9457
a     371     430         88
a     371     370       9457
a     371     378       9457
a     371     364       9457
a     372     421        120
a     372     373       9457
a     372     379       9457
a     372     365       9457
a     373     411        129
a     373     374       9457
a     373     372       9457
a     373     380       9457
a     373     366       9457
a     374     425         94
a     374     375       9457
a     374     373       9457
a     374     381       9457
a     374     367       9457
a     375     402         68
a     375     376       9457
a     375     374       9457
a     375     382       9457
a     375     368       9457
a     376     396         83
a     376     377       9457
a     376     375       9457
a     376     383       9457
a     376     369       9457
a     377     440        126
a     377     378       9457
a     377     376       9457
a     377     384       9457
a     377     370       9457
a     378     394        110
a     378     377       9457
a     378     385       9457
a     378     371       9457
a     379     414         67
a     379     380       9457
a     379     386       9457
a     379     372       9457
a     380     431        131
a     380     381       9457
a     380     379       9457
a     380     387       9457
a     380     373       9457
a     381     415         69
a     381     382       9457
a     381     380       9457
a     381     388       9457
a     381     374       9457
a     382     438         70
a     382     383       9457
a     382     381       9457
a     382     389       9457
a     382     375       9457
a     383     420        174
a     383     384       9457
a     383     382       9457
a     383     390       9457
a     383     376       9457
a     384     412        153
a     384     385       9457
a     384     383       9457
a     384     391       9457
a     384     377       9457
a     385     413        167
a     385     384       9457
a     385     392       9457
a     385     378       9457
a     386     439        117
a     386     387       9457
a     386     379       9457
a     387     410         84
a     387     388       9457
a     387     386       9457
a     387     380       9457
a     388     422         74
a     388     389       9457
a     388     387       9457
a     388     381       9457
a     389     441         86
a     389     390       9457
a     389     388       9457
a     389     382       9457
a     390     397        123
a     390     391       9457
a     390     389       9457
a     390     383       9457
a     391     408        157
a     391     392       9457
a     391     390       9457
a     391     384       9457
a     392     393        135
a     392     391       9457
a     392     385       9457
a     393     447        147
a     393     394       9457
a     393     400       9457
a     394     487         64
a     394     395       9457
a     394     393       9457
a     394     401       9457
a     395     484        125
a     395     396       9457
a     395     394       9457
a     395     402       9457
a     396     473        179
a     396     397       9457
a     396     395       9457
a     396     403       9457
a     397     465        186
a     397     398       9457
a     397     396       9457
a     397     404       9457
a     398     474         77
a     398     399       9457
a     398     397       9457
a     398     405       9457
a     399     461        182
a     399     398       9457
a     399     406       9457
a     400     475        170
a     400     401       9457
a     400     407       9457
a     400     393       9457
a     401     459        113
a     401     402       9457
a     401     400       9457
a     401     408       9457
a     401     394       9457
a     402     444        114
a     402     403       9457
a     402     401       9457
a     402     409       9457
a     402     395       9457
a     403     457         87
a     403     404       9457
a     403     402       9457
a     403     410       9457
a     403     396       9457
a     404     488        132
a     404     405       9457
a     404     403       9457
a     404     411       9457
a     404     397       9457
a     405     456         82
a     405     406       9457
a     405     404       9457
a     405     412       9457
a     405     398       9457
a     406     454         89
a     406     405       9457
a     406     413       9457
a     406     399       9457
a     407     486        135
a     407     408       9457
a     407     414       9457
a     407     400       9457
a     408     469        123
a     408     409       9457
a     408     407       9457
a     408     415       9457
a     408     401       9457
a     409     466        117
a     409     410       9457
a     409     408       9457
a     409     416       9457
a     409     402       9457
a     410     443        105
a     410     411       9457
a     410     409       9457
a     410     417       9457
a     410     403       9457
a     411     453        176
a     411     412       9457
a     411     410       9457
a     411     418       9457
a     411     404       9457
a     412     489        111
a     412     413       9457
a     412     411       9457
a     412     419       9457
a     412     405       9457
a     413     464        166
a     413     412       9457
a     413     420       9457
a     413     406       9457
a     414     449         86
a     414     415       9457
a     414     421       9457
a     414     407       9457
a     415     471        165
a     415     416       9457
a     415     414       9457
a     415     422       9457
a     415     408       9457
a     416     468        150
a     416     417       9457
a     416     415       9457
a     416     423       9457
a     416     409       9457
a     417     483         73
a     417     418       9457
a     417     416       9457
a     417     424       9457
a     417     410       9457
a     418     446         86
a     418     419       9457
a     418     417       9457
a     418     425       9457
a     418     411       9457
a     419     472        155
a     419     420       9457
a     419     418       9457
a     419     426       9457
a     419     412       9457
a     420     480        173
a     420     419       9457
a     420     427       9457
a     420     413       9457
a     421     485         67
a     421     422       9457
a     421     428       9457
a     421     414       9457
a     422     442        128
a     422     423       9457
a     422     421       9457
a     422     429       9457
a     422     415       9457
a     423     452         90
a     423     424       9457
a     423     422       9457
a     423     430       9457
a     423     416       9457
a     424     490        143
a     424     425       9457
a     424     423       9457
a     424     431       9457
a     424     417       9457
a     425     463        134
a     425     426       9457
a     425     424       9457
a     425     432       9457
a     425     418       9457
a     426     478         87
a     426     427       9457
a     426     425       9457
a     426     433       9457
a     426     419       9457
a     427     462        137
a     427     426       9457
a     427     434       9457
a     427     420       9457
a     428     479        184
a     428     429       9457
a     428     435       9457
a     428     421       9457
a     429     455         71
a     429     430       9457
a     429     428       9457
a     429     436       9457
a     429     422       9457
a     430     451         75
a     430     431       9457
a     430     429       9457
a     430     437       9457
a     430     423       9457
a     431     450        161
a     431     432       9457
a     431     430       9457
a     431     438       9457
a     431     424       9457
a     432     476         86
a     432     433       9457
a     432     431       9457
a     432     439       9457
a     432     425       9457
a     433     460        168
a     433     434       9457
a     433     432       9457
a     433     440       9457
a     433     426       9457
a     434     477        105
a     434     433       9457
a     434     441       9457
a     434     427       9457
a     435     448        143
a     435     436       9457
a     435     428       9457
a     436     470        184
a     436     437       9457
a     436     435       9457
a     436     429       9457
a     437     445         91
a     437     438       9457
a     437     436       9457
a     437     430       9457
a     438     467        173
a     438     439       9457
a     438     437       9457
a     438     431       9457
a     439     482        153
a     439     440       9457
a     439     438       9457
a     439     432       9457
a     440     481         64
a     440     441       9457
a     440     439       9457
a     440     433       9457
a     441     458        171
a     441     440       9457
a     441     434       9457
a     442     497         99
a     442     443       9457
a     442     449       9457
a     443     536         97
a     443     444       9457
a     443     442       9457
a     443     450       9457
a     444     518        149
a     444     445       9457
a     444     443       9457
a     444     451       9457
a     445     515        176
a     445     446       9457
a     445     444       9457
a     445     452       9457
a     446     525        185
a     446     447       9457
a     446     445       9457
a     446     453       9457
a     447     494        116
a     447     448       9457
a     447     446       9457
a     447     454       9457
a     448     496         76
a     448     447       9457
a     448     455       9457
a     449     505         91
a     449     450       9457
a     449     456       9457
a     449     442       9457
a     450     501        134
a     450     451       9457
a     450     449       9457
a     450     457       9457
a     450     443       9457
a     451     524         66
a     451     452       9457
a     451     450       9457
a     451     458       9457
a     451     444       9457
a     452     492         85
a     452     453       9457
a     452     451       9457
a     452     459       9457
a     452     445       9457
a     453     493        157
a     453     454       9457
a     453     452       9457
a     453     460       9457
a     453     446       9457
a     454     532        130
a     454     455       9457
a     454     453       9457
a     454     461       9457
a     454     447       9457
a     455     523        129
a     455     454       9457
a     455     462       9457
a     455     448       9457
a     456     502         67
a     456     457       9457
a     456     463       9457
a     456     449       9457
a     457     509         92
a     457     458       9457
a     457     456       9457
a     457     464       9457
a     457     450       9457
a     458     520        178
a     458     459       9457
a     458     457       9457
a     458     465       9457
a     458     451       9457
a     459     500         90
a     459     460       9457
a     459     458       9457
a     459     466       9457
a     459     452       9457
a     460     506         82
a     460     461       9457
a     460     459       9457
a     460     467       9457
a     460     453       9457
a     461     517         95
a     461     462       9457
a     461     460       9457
a     461     468       9457
a     461     454       9457
a     462     513        112
a     462     461       9457
a     462     469       9457
a     462     455       9457
a     463     530         68
a     463     464       9457
a     463     470       9457
a     463     456       9457
a     464     510        148
a     464     465       9457
a     464     463       9457
a     464     471       9457
a     464     457       9457
a     465     495        104
a     465     466       9457
a     465     464       9457
a     465     472       9457
a     465     458       9457
a     466     522        188
a     466     467       9457
a     466     465       9457
a     466     473       9457
a     466     459       9457
a     467     499         66
a     467     468       9457
a     467     466       9457
a     467     474       9457
a     467     460       9457
a     468     526        138
a     468     469       9457
a     468     467       9457
a     468     475       9457
a     468     461       9457
a     469     535        146
a     469     468       9457
a     469     476       9457
a     469     462       9457
a     470     491        155
a     470     471       9457
a     470     477       9457
a     470     463       9457
a     471     534        130
a     471     472       9457
a     471     470       9457
a     471     478       9457
a     471     464       9457
a     472     503         75
a     472     473       9457
a     472     471       9457
a     472     479       9457
a     472     465       9457
a     473     521         72
a     473     474       9457
a     473     472       9457
a     473     480       9457
a     473     466       9457
a     474     533        182
a     474     475       9457
a     474     473       9457
a     474     481       9457
a     474     467       9457
a     475     512         81
a     475     476       9457
a     475     474       9457
a     475     482       9457
a     475     468       9457
a     476     519        128
a     476     475       9457
a     476     483       9457
a     476     469       9457
a     477     537         90
a     477     478       9457
a     477     484       9457
a     477     470       9457
a     478     538        173
a     478     479       9457
a     478     477       9457
a     478     485       9457
a     478     471       9457
a     479     498        189
a     479     480       9457
a     479     478       9457
a     479     486       9457
a     479     472       9457
a     480     528         95
a     480     481       9457
a     480     479       9457
a     480     487       9457
a     480     473       9457
a     481     508        138
a     481     482       9457
a     481     480       9457
a     481     488       9457
a     481     474       9457
a     482     514        147
a     482     483       9457
a     482     481       9457
a     482     489       9457
a     482     475       9457
a     483     529         76
a     483     482       9457
a     483     490       9457
a     483     476       9457
a     484     539        102
a     484     485       9457
a     484     477       9457
a     485     527         76
a     485     486       9457
a     485     484       9457
a     485     478       9457
a     486     531         65
a     486     487       9457
a     486     485       9457
a     486     479       9457
a     487     516        168
a     487     488       9457
a     487     486       9457
a     487     480       9457
a     488     507        182
a     488     489       9457
a     488     487       9457
a     488     481       9457
a     489     504        174
a     489     490       9457
a     489     488       9457
a     489     482       9457
a     490     511        119
a     490     489       9457
a     490     483       9457
a     491     552        145
a     491     492       9457
a     491     498       9457
a     492     571         78
a     492     493       9457
a     492     491       9457
a     492     499       9457
a     493     578        172
a     493     494       9457
a     493     492       9457
a     493     500       9457
a     494     574         90
a     494     495       9457
a     494     493       9457
a     494     501       9457
a     495     582        152
a     495     496       9457
a     495     494       9457
a     495     502       9457
a     496     563        182
a     496     497       9457
a     496     495       9457
a     496     503       9457
a     497     553        167
a     497     496       9457
a     497     504       9457
a     498     588         93
a     498     499       9457
a     498     505       9457
a     498     491       9457
a     499     568        175
a     499     500       9457
a     499     498       9457
a     499     506       9457
a     499     492       9457
a     500     560        113
a     500     501       9457
a     500     499       9457
a     500     507       9457
a     500     493       9457
a     501     554        188
a     501     502       9457
a     501     500       9457
a     501     508       9457
a     501     494       9457
a     502     561        174
a     502     503       9457
a     502     501       9457
a     502     509       9457
a     502     495       9457
a     503     581        111
a     503     504       9457
a     503     502       9457
a     503     510       9457
a     503     496       9457
a     504     587        106
a     504     503       9457
a     504     511       9457
a     504     497       9457
a     505     558        125
a     505     506       9457
a     505     512       9457
a     505     498       9457
a     506     546        107
a     506     507       9457
a     506     505       9457
a     506     513       9457
a     506     499       9457
a     507     547        155
a     507     508       9457
a     507     506       9457
a     507     514       9457
a     507     500       9457
a     508     545        169
a     508     509       9457
a     508     507       9457
a     508     515       9457
a     508     501       9457
a     509     579        167
a     509     510       9457
a     509     508       9457
a     509     516       9457
a     509     502       9457
a     510     562        151
a     510     511       9457
a     510     509       9457
a     510     517       9457
a     510     503       9457
a     511     584        118
a     511     510       9457
a     511     518       9457
a     511     504       9457
a     512     570        166
a     512     513       9457
a     512     519       9457
a     512     505       9457
a     513     555        162
a     513     514       9457
a     513     512       9457
a     513     520       9457
a     513     506       9457
a     514     550        120
a     514     515       9457
a     514     513       9457
a     514     521       9457
a     514     507       9457
a     515     548         89
a     515     516       9457
a     515     514       9457
a     515     522       9457
a     515     508       9457
a     516     544         80
a     516     517       9457
a     516     515       9457
a     516     523       9457
a     516     509       9457
a     517     575        120
a     517     518       9457
a     517     516       9457
a     517     524       9457
a     517     510       9457
a     518     566        159
a     518     517       9457
a     518     525       9457
a     518     511       9457
a     519     564        133
a     519     520       9457
a     519     526       9457
a     519     512       9457
a     520     580         93
a     520     521       9457
a     520     519       9457
a     520     527       9457
a     520     513       9457
a     521     541        154
a     521     522       9457
a     521     520       9457
a     521     528       9457
a     521     514       9457
a     522     549         95
a     522     523       9457
a     522     521       9457
a     522     529       9457
a     522     515       9457
a     523     577        171
a     523     524       9457
a     523     522       9457
a     523     530       9457
a     523     516       9457
a     524     565        171
a     524     525       9457
a     524     523       9457
a     524     531       9457
a     524     517       9457
a     525     557        179
a     525     524       9457
a     525     532       9457
a     525     518       9457
a     526     559        162
a     526     527       9457
a     526     533       9457
a     526     519       9457
a     527     543        186
a     527     528       9457
a     527     526       9457
a     527     534       9457
a     527     520       9457
a     528     572        171
a     528     529       9457
a     528     527       9457
a     528     535       9457
a     528     521       9457
a     529     540        144
a     529     530       9457
a     529     528       9457
a     529     536       9457
a     529     522       9457
a     530     551        177
a     530     531       9457
a     530     529       9457
a     530     537       9457
a     530     523       9457
a     531     583        106
a     531     532       9457
a     531     530       9457
a     531     538       9457
a     531     524       9457
a     532     576        182
a     532     531       9457
a     532     539       9457
a     532     525       9457
a     533     585        161
a     533     534       9457
a     533     526       9457
a     534     586         96
a     534     535       9457
a     534     533       9457
a     534     527       9457
a     535     573        162
a     535     536       9457
a     535     534       9457
a     535     528       9457
a     536     567         89
a     536     537       9457
a     536     535       9457
a     536     529       9457
a     537     556        105
a     537     538       9457
a     537     536       9457
a     537     530       9457
a     538     542         96
a     538     539       9457
a     538     537       9457
a     538     531       9457
a     539     569        136
a     539     538       9457
a     539     532       9457
a     540     601        169
a     540     541       9457
a     540     547       9457
a     541     604        153
a     541     542       9457
a     541     540       9457
a     541     548       9457
a     542     637         92
a     542     543       9457
a     542     541       9457
a     542     549       9457
a     543     631         69
a     543     544       9457
a     543     542       9457
a     543     550       9457
a     544     617        135
a     544     545       9457
a     544     543       9457
a     544     551       9457
a     545     625        146
a     545     546       9457
a     545     544       9457
a     545     552       9457
a     546     627        160
a     546     545       9457
a     546     553       9457
a     547     621        116
a     547     548       9457
a     547     554       9457
a     547     540       9457
a     548     600        156
a     548     549       9457
a     548     547       9457
a     548     555       9457
a     548     541       9457
a     549     591         85
a     549     550       9457
a     549     548       9457
a     549     556       9457
a     549     542       9457
a     550     618        143
a     550     551       9457
a     550     549       9457
a     550     557       9457
a     550     543       9457
a     551     603        134
a     551     552       9457
a     551     550       9457
a     551     558       9457
a     551     544       9457
a     552     636         80
a     552     553       9457
a     552     551       9457
a     552     559       9457
a     552     545       9457
a     553     593        182
a     553     552       9457
a     553     560       9457
a     553     546       9457
a     554     594        157
a     554     555       9457
a     554     561       9457
a     554     547       9457
a     555     598        135
a     555     556       9457
a     555     554       9457
a     555     562       9457
a     555     548       9457
a     556     613        150
a     556     557       9457
a     556     555       9457
a     556     563       9457
a     556     549       9457
a     557     635         73
a     557     558       9457
a     557     556       9457
a     557     564       9457
a     557     550       9457
a     558     619        117
a     558     559       9457
a     558     557       9457
a     558     565       9457
a     558     551       9457
a     559     595        105
a     559     560       9457
a     559     558       9457
a     559     566       9457
a     559     552       9457
a     560     607        154
a     560     559       9457
a     560     567       9457
a     560     553       9457
a     561     629         96
a     561     562       9457
a     561     568       9457
a     561     554       9457
a     562     602         91
a     562     563       9457
a     562     561       9457
a     562     569       9457
a     562     555       9457
a     563     622        164
a     563     564       9457
a     563     562       9457
a     563     570       9457
a     563     556       9457
a     564     592        190
a     564     565       9457
a     564     563       9457
a     564     571       9457
a     564     557       9457
a     565     590        128
a     565     566       9457
a     565     564       9457
a     565     572       9457
a     565     558       9457
a     566     628        104
a     566     567       9457
a     566     565       9457
a     566     573       9457
a     566     559       9457
a     567     614        161
a     567     566       9457
a     567     574       9457
a     567     560       9457
a     568     626        107
a     568     569       9457
a     568     575       9457
a     568     561       9457
a     569     597         75
a     569     570       9457
a     569     568       9457
a     569     576       9457
a     569     562       9457
a     570     630        158
a     570     571       9457
a     570     569       9457
a     570     577       9457
a     570     563       9457
a     571     620        148
a     571     572       9457
a     571     570       9457
a     571     578       9457
a     571     564       9457
a     572     610        115
a     572     573       9457
a     572     571       9457
a     572     579       9457
a     572     565       9457
a     573     623         81
a     573     574       9457
a     573     572       9457
a     573     580       9457
a     573     566       9457
a     574     634        174
a     574     573       9457
a     574     581       9457
a     574     567       9457
a     575     612        110
a     575     576       9457
a     575     582       9457
a     575     568       9457
a     576     599        171
a     576     577       9457
a     576     575       9457
a     576     583       9457
a     576     569       9457
a     577     616        181
a     577     578       9457
a     577     576       9457
a     577     584       9457
a     577     570       9457
a     578     632         68
a     578     579       9457
a     578     577       9457
a     578     585       9457
a     578     571       9457
a     579     589        153
a     579     580       9457
a     579     578       9457
a     579     586       9457
a     579     572       9457
a     580     611        116
a     580     581       9457
a     580     579       9457
a     580     587       9457
a     580     573       9457
a     581     606        133
a     581     580       9457
a     581     588       9457
a     581     574       9457
a     582     633        191
a     582     583       9457
a     582     575       9457
a     583     605        187
a     583     584       9457
a     583     582       9457
a     583     576       9457
a     584     609         95
a     584     585       9457
a     584     583       9457
a     584     577       9457
a     585     608        109
a     585     586       9457
a     585     584       9457
a     585     578       9457
a     586     596        169
a     586     587       9457
a     586     585       9457
a     586     579       9457
a     587     615        124
a     587     588       9457
a     587     586       9457
a     587     580       9457
a     588     624        104
a     588     587       9457
a     588     581       9457
a     589     666        122
a     589     590       9457
a     589     596       9457
a     590     675         73
a     590     591       9457
a     590     589       9457
a     590     597       9457
a     591     660         75
a     591     592       9457
a     591     590       9457
a     591     598       9457
a     592     662        151
a     592     593       9457
a     592     591       9457
a     592     599       9457
a     593     674        125
a     593     594       9457
a     593     592       9457
a     593     600       9457
a     594     668        173
a     594     595       9457
a     594     593       9457
a     594     601       9457
a     595     639        180
a     595     594       9457
a     595     602       9457
a     596     684        168
a     596     597       9457
a     596     603       9457
a     596     589       9457
a     597     672        147
a     597     598       9457
a     597     596       9457
a     597     604       9457
a     597     590       9457
a     598     676        104
a     598     599       9457
a     598     597       9457
a     598     605       9457
a     598     591       9457
a     599     658        120
a     599     600       9457
a     599     598       9457
a     599     606       9457
a     599     592       9457
a     600     682        170
a     600     601       9457
a     600     599       9457
a     600     607       9457
a     600     593       9457
a     601     643        120
a     601     602       9457
a     601     600       9457
a     601     608       9457
a     601     594       9457
a     602     659        127
a     602     601       9457
a     602     609       9457
a     602     595       9457
a     603     651        170
a     603     604       9457
a     603     610       9457
a     603     596       9457
a     604     652        164
a     604     605       9457
a     604     603       9457
a     604     611       9457
a     604     597       9457
a     605     663         93
a     605     606       9457
a     605     604       9457
a     605     612       9457
a     605     598       9457
a     606     653         77
a     606     607       9457
a     606     605       9457
a     606     613       9457
a     606     599       9457
a     607     647        140
a     607     608       9457
a     607     606       9457
a     607     614       9457
a     607     600       9457
a     608     655        124
a     608     609       9457
a     608     607       9457
a     608     615       9457
a     608     601       9457
a     609     648        111
a     609     608       9457
a     609     616       9457
a     609     602       9457
a     610     661        140
a     610     611       9457
a     610     617       9457
a     610     603       9457
a     611     640        142
a     611     612       9457
a     611     610       9457
a     611     618       9457
a     611     604       9457
a     612     673         95
a     612     613       9457
a     612     611       9457
a     612     619       9457
a     612     605       9457
a     613     670        154
a     613     614       9457
a     613     612       9457
a     613     620       9457
a     613     606       9457
a     614     679        113
a     614     615       9457
a     614     613       9457
a     614     621       9457
a     614     607       9457
a     615     645         64
a     615     616       9457
a     615     614       9457
a     615     622       9457
a     615     608       9457
a     616     669        121
a     616     615       9457
a     616     623       9457
a     616     609       9457
a     617     686        103
a     617     618       9457
a     617     624       9457
a     617     610       9457
a     618     641        163
a     618     619       9457
a     618     617       9457
a     618     625       9457
a     618     611       9457
a     619     665        166
a     619     620       9457
a     619     618       9457
a     619     626       9457
a     619     612       9457
a     620     680        104
a     620     621       9457
a     620     619       9457
a     620     627       9457
a     620     613       9457
a     621     642        192
a     621     622       9457
a     621     620       9457
a     621     628       9457
a     621     614       9457
a     622     646         87
a     622     623       9457
a     622     621       9457
a     622     629       9457
a     622     615       9457
a     623     664         94
a     623     622       9457
a     623     630       9457
a     623     616       9457
a     624     678        137
a     624     625       9457
a     624     631       9457
a     624     617       9457
a     625     677        136
a     625     626       9457
a     625     624       9457
a     625     632       9457
a     625     618       9457
a     626     654        174
a     626     627       9457
a     626     625       9457
a     626     633       9457
a     626     619       9457
a     627     644        108
a     627     628       9457
a     627     626       9457
a     627     634       9457
a     627     620       9457
a     628     649        102
a     628     629       9457
a     628     627       9457
a     628     635       9457
a     628     621       9457
a     629     650        135
a     629     630       9457
a     629     628       9457
a     629     636       9457
a     629     622       9457
a     630     683         85
a     630     629       9457
a     630     637       9457
a     630     623       9457
a     631     667        113
a     631     632       9457
a     631     624       9457
a     632     657         79
a     632     633       9457
a     632     631       9457
a     632     625       9457
a     633     681         76
a     633     634       9457
a     633     632       9457
a     633     626       9457
a     634     685        174
a     634     635       9457
a     634     633       9457
a     634     627       9457
a     635     671        170
a     635     636       9457
a     635     634       9457
a     635     628       9457
a     636     638        139
a     636     637       9457
a     636     635       9457
a     636     629       9457
a     637     656        113
a     637     636       9457
a     637     630       9457
a     638     693        109
a     638     639       9457
a     638     645       9457
a     639     705        151
a     639     640       9457
a     639     638       9457
a     639     646       9457
a     640     733        118
a     640     641       9457
a     640     639       9457
a     640     647       9457
a     641     719        136
a     641     642       9457
a     641     640       9457
a     641     648       9457
a     642     734        137
a     642     643       9457
a     642     641       9457
a     642     649       9457
a     643     721        185
a     643     644       9457
a     643     642       9457
a     643     650       9457
a     644     731        141
a     644     643       9457
a     644     651       9457
a     645     729        101
a     645     646       9457
a     645     652       9457
a     645     638       9457
a     646     735         78
a     646     647       9457
a     646     645       9457
a     646     653       9457
a     646     639       9457
a     647     716        172
a     647     648       9457
a     647     646       9457
a     647     654       9457
a     647     640       9457
a     648     700         78
a     648     649       9457
a     648     647       9457
a     648     655       9457
a     648     641       9457
a     649     709         90
a     649     650       9457
a     649     648       9457
a     649     656       9457
a     649     642       9457
a     650     688        142
a     650     651       9457
a     650     649       9457
a     650     657       9457
a     650     643       9457
a     651     701        100
a     651     650       9457
a     651     658       9457
a     651     644       9457
a     652     711         85
a     652     653       9457
a     652     659       9457
a     652     645       9457
a     653     698        107
a     653     654       9457
a     653     652       9457
a     653     660       9457
a     653     646       9457
a     654     728        119
a     654     655       9457
a     654     653       9457
a     654     661       9457
a     654     647       9457
a     655     712        125
a     655     656       9457
a     655     654       9457
a     655     662       9457
a     655     648       9457
a     656     706        143
a     656     657       9457
a     656     655       9457
a     656     663       9457
a     656     649       9457
a     657     689        185
a     657     658       9457
a     657     656       9457
a     657     664       9457
a     657     650       9457
a     658     730         97
a     658     657       9457
a     658     665       9457
a     658     651       9457
a     659     724        103
a     659     660       9457
a     659     666       9457
a     659     652       9457
a     660     726         71
a     660     661       9457
a     660     659       9457
a     660     667       9457
a     660     653       9457
a     661     694         77
a     661     662       9457
a     661     660       9457
a     661     668       9457
a     661     654       9457
a     662     692        131
a     662     663       9457
a     662     661       9457
a     662     669       9457
a     662     655       9457
a     663     699        166
a     663     664       9457
a     663     662       9457
a     663     670       9457
a     663     656       9457
a     664     695         71
a     664     665       9457
a     664     663       9457
a     664     671       9457
a     664     657       9457
a     665     687        147
a     665     664       9457
a     665     672       9457
a     665     658       9457
a     666     697         96
a     666     667       9457
a     666     673       9457
a     666     659       9457
a     667     732         68
a     667     668       9457
a     667     666       9457
a     667     674       9457
a     667     660       9457
a     668     696        185
a     668     669       9457
a     668     667       9457
a     668     675       9457
a     668     661       9457
a     669     704         85
a     669     670       9457
a     669     668       9457
a     669     676       9457
a     669     662       9457
a     670     717        125
a     670     671       9457
a     670     669       9457
a     670     677       9457
a     670     663       9457
a     671     714        153
a     671     672       9457
a     671     670       9457
a     671     678       9457
a     671     664       9457
a     672     690        179
a     672     671       9457
a     672     679       9457
a     672     665       9457
a     673     708        144
a     673     674       9457
a     673     680       9457
a     673     666       9457
a     674     722        146
a     674     675       9457
a     674     673       9457
a     674     681       9457
a     674     667       9457
a     675     713         83
a     675     676       9457
a     675     674       9457
a     675     682       9457
a     675     668       9457
a     676     703        183
a     676     677       9457
a     676     675       9457
a     676     683       9457
a     676     669       9457
a     677     720        147
a     677     678       9457
a     677     676       9457
a     677     684       9457
a     677     670       9457
a     678     710         68
a     678     679       9457
a     678     677       9457
a     678     685       9457
a     678     671       9457
a     679     715        151
a     679     678       9457
a     679     686       9457
a     679     672       9457
a     680     727        164
a     680     681       9457
a     680     673       9457
a     681     723         94
a     681     682       9457
a     681     680       9457
a     681     674       9457
a     682     718        187
a     682     683       9457
a     682     681       9457
a     682     675       9457
a     683     691        163
a     683     684       9457
a     683     682       9457
a     683     676       9457
a     684     702         86
a     684     685       9457
a     684     683       9457
a     684     677       9457
a     685     707         80
a     685     686       9457
a     685     684       9457
a     685     678       9457
a     686     725        178
a     686     685       9457
a     686     679       9457
a     687     688       9457
a     687     694       9457
a     688     689       9457
a     688     687       9457
a     688     695       9457
a     689     690       9457
a     689     688       9457
a     689     696       9457
a     690     691       9457
a     690     689       9457
a     690     697       9457
a     691     692       9457
a     691     690       9457
a     691     698       9457
a     692     693       9457
a     692     691       9457
a     692     699       9457
a     693     692       9457
a     693     700       9457
a     694     695       9457
a     694     701       9457
a     694     687       9457
a     695     696       9457
a     695     694       9457
a     695     702       9457
a     695     688       9457
a     696     697       9457
a     696     695       9457
a     696     703       9457
a     696     689       9457
a     697     698       9457
a     697     696       9457
a     697     704       9457
a     697     690       9457
a     698     699       9457
a     698     697       9457
a     698     705       9457
a     698     691       9457
a     699     700       9457
a     699     698       9457
a     699     706       9457
a     699     692       9457
a     700     699       9457
a     700     707       9457
a     700     693       9457
a     701     702       9457
a     701     708       9457
a     701     694       9457
a     702     703       9457
a     702     701       9457
a     702     709       9457
a     702     695       9457
a     703     704       9457
a     703     702       9457
a     703     710       9457
a     703     696       9457
a     704     705       9457
a     704     703       9457
a     704     711       9457
a     704     697       9457
a     705     706       9457
a     705     704       9457
a     705     712       9457
a     705     698       9457
a     706     707       9457
a     706     705       9457
a     706     713       9457
a     706     699       9457
a     707     706       9457
a     707     714       9457
a     707     700       9457
a     708     709       9457
a     708     715       9457
a     708     701       9457
a     709     710       9457
a     709     708       9457
a     709     716       9457
a     709     702       9457
a     710     711       9457
a     710     709       9457
a     710     717       9457
a     710     703       9457
a     711     712       9457
a     711     710       9457
a     711     718       9457
a     711     704       9457
a     712     713       9457
a     712     711       9457
a     712     719       9457
a     712     705       9457
a     713     714       9457
a     713     712       9457
a     713     720       9457
a     713     706       9457
a     714     713       9457
a     714     721       9457
a     714     707       9457
a     715     716       9457
a     715     722       9457
a     715     708       9457
a     716     717       9457
a     716     715       9457
a     716     723       9457
a     716     709       9457
a     717     718       9457
a     717     716       9457
a     717     724       9457
a     717     710       9457
a     718     719       9457
a     718     717       9457
a     718     725       9457
a     718     711       9457
a     719     720       9457
a     719     718       9457
a     719     726       9457
a     719     712       9457
a     720     721       9457
a     720     719       9457
a     720     727       9457
a     720     713       9457
a     721     720       9457
a     721     728       9457
a     721     714       9457
a     722     723       9457
a     722     729       9457
a     722     715       9457
a     723     724       9457
a     723     722       9457
a     723     730       9457
a     723     716       9457
a     724     725       9457
a     724     723       9457
a     724     731       9457
a     724     717       9457
a     725     726       9457
a     725     724       9457
a     725     732       9457
a     725     718       9457
a     726     727       9457
a     726     725       9457
a     726     733       9457
a     726     719       9457
a     727     728       9457
a     727     726       9457
a     727     734       9457
a     727     720       9457
a     728     727       9457
a     728     735       9457
a     728     721       9457
a     729     730       9457
a     729     722       9457
a     730     731       9457
a     730     729       9457
a     730     723       9457
a     731     732       9457
a     731     730       9457
a     731     724       9457
a     732     733       9457
a     732     731       9457
a     732     725       9457
a     733     734       9457
a     733     732       9457
a     733     726       9457
a     734     735       9457
a     734     733       9457
a     734     727       9457
a     735     734       9457
a     735     728       9457
