c This file was generated by genrmf.
c The parameters are: a: 5 b: 20 c1: 0 c2: 3 seed: 1666103673
p max     500       2075
n       1 s
n     500 t
a       1      28          3
a       1       2         75
a       1       6         75
a       2      31          2
a       2       3         75
a       2       1         75
a       2       7         75
a       3      27          1
a       3       4         75
a       3       2         75
a       3       8         75
a       4      46          0
a       4       5         75
a       4       3         75
a       4       9         75
a       5      29          2
a       5       4         75
a       5      10         75
a       6      43          0
a       6       7         75
a       6      11         75
a       6       1         75
a       7      41          1
a       7       8         75
a       7       6         75
a       7      12         75
a       7       2         75
a       8      33          3
a       8       9         75
a       8       7         75
a       8      13         75
a       8       3         75
a       9      47          2
a       9      10         75
a       9       8         75
a       9      14         75
a       9       4         75
a      10      40          0
a      10       9         75
a      10      15         75
a      10       5         75
a      11      34          0
a      11      12         75
a      11      16         75
a      11       6         75
a      12      42          1
a      12      13         75
a      12      11         75
a      12      17         75
a      12       7         75
a      13      32          0
a      13      14         75
a      13      12         75
a      13      18         75
a      13       8         75
a      14      48          3
a      14      15         75
a      14      13         75
a      14      19         75
a      14       9         75
a      15      49          1
a      15      14         75
a      15      20         75
a      15      10         75
a      16      38          2
a      16      17         75
a      16      21         75
a      16      11         75
a      17      44          3
a      17      18         75
a      17      16         75
a      17      22         75
a      17      12         75
a      18      50          0
a      18      19         75
a      18      17         75
a      18      23         75
a      18      13         75
a      19      36          2
a      19      20         75
a      19      18         75
a      19      24         75
a      19      14         75
a      20      30          2
a      20      19         75
a      20      25         75
a      20      15         75
a      21      45          0
a      21      22         75
a      21      16         75
a      22      35          2
a      22      23         75
a      22      21         75
a      22      17         75
a      23      37          1
a      23      24         75
a      23      22         75
a      23      18         75
a      24      39          3
a      24      25         75
a      24      23         75
a      24      19         75
a      25      26          1
a      25      24         75
a      25      20         75
a      26      67          3
a      26      27         75
a      26      31         75
a      27      66          3
a      27      28         75
a      27      26         75
a      27      32         75
a      28      56          2
a      28      29         75
a      28      27         75
a      28      33         75
a      29      59          3
a      29      30         75
a      29      28         75
a      29      34         75
a      30      57          0
a      30      29         75
a      30      35         75
a      31      51          3
a      31      32         75
a      31      36         75
a      31      26         75
a      32      70          0
a      32      33         75
a      32      31         75
a      32      37         75
a      32      27         75
a      33      69          2
a      33      34         75
a      33      32         75
a      33      38         75
a      33      28         75
a      34      72          2
a      34      35         75
a      34      33         75
a      34      39         75
a      34      29         75
a      35      52          3
a      35      34         75
a      35      40         75
a      35      30         75
a      36      55          0
a      36      37         75
a      36      41         75
a      36      31         75
a      37      75          2
a      37      38         75
a      37      36         75
a      37      42         75
a      37      32         75
a      38      54          2
a      38      39         75
a      38      37         75
a      38      43         75
a      38      33         75
a      39      61          3
a      39      40         75
a      39      38         75
a      39      44         75
a      39      34         75
a      40      63          3
a      40      39         75
a      40      45         75
a      40      35         75
a      41      73          3
a      41      42         75
a      41      46         75
a      41      36         75
a      42      53          1
a      42      43         75
a      42      41         75
a      42      47         75
a      42      37         75
a      43      74          0
a      43      44         75
a      43      42         75
a      43      48         75
a      43      38         75
a      44      68          0
a      44      45         75
a      44      43         75
a      44      49         75
a      44      39         75
a      45      65          2
a      45      44         75
a      45      50         75
a      45      40         75
a      46      60          1
a      46      47         75
a      46      41         75
a      47      64          1
a      47      48         75
a      47      46         75
a      47      42         75
a      48      71          0
a      48      49         75
a      48      47         75
a      48      43         75
a      49      58          1
a      49      50         75
a      49      48         75
a      49      44         75
a      50      62          2
a      50      49         75
a      50      45         75
a      51      93          1
a      51      52         75
a      51      56         75
a      52      87          3
a      52      53         75
a      52      51         75
a      52      57         75
a      53      98          1
a      53      54         75
a      53      52         75
a      53      58         75
a      54      86          3
a      54      55         75
a      54      53         75
a      54      59         75
a      55      89          2
a      55      54         75
a      55      60         75
a      56      80          0
a      56      57         75
a      56      61         75
a      56      51         75
a      57      95          0
a      57      58         75
a      57      56         75
a      57      62         75
a      57      52         75
a      58     100          0
a      58      59         75
a      58      57         75
a      58      63         75
a      58      53         75
a      59      78          2
a      59      60         75
a      59      58         75
a      59      64         75
a      59      54         75
a      60      83          2
a      60      59         75
a      60      65         75
a      60      55         75
a      61      92          3
a      61      62         75
a      61      66         75
a      61      56         75
a      62      97          3
a      62      63         75
a      62      61         75
a      62      67         75
a      62      57         75
a      63      88          0
a      63      64         75
a      63      62         75
a      63      68         75
a      63      58         75
a      64      94          1
a      64      65         75
a      64      63         75
a      64      69         75
a      64      59         75
a      65      85          2
a      65      64         75
a      65      70         75
a      65      60         75
a      66      91          1
a      66      67         75
a      66      71         75
a      66      61         75
a      67      90          2
a      67      68         75
a      67      66         75
a      67      72         75
a      67      62         75
a      68      79          2
a      68      69         75
a      68      67         75
a      68      73         75
a      68      63         75
a      69      81          2
a      69      70         75
a      69      68         75
a      69      74         75
a      69      64         75
a      70      82          2
a      70      69         75
a      70      75         75
a      70      65         75
a      71      76          1
a      71      72         75
a      71      66         75
a      72      99          3
a      72      73         75
a      72      71         75
a      72      67         75
a      73      77          0
a      73      74         75
a      73      72         75
a      73      68         75
a      74      84          2
a      74      75         75
a      74      73         75
a      74      69         75
a      75      96          2
a      75      74         75
a      75      70         75
a      76     111          1
a      76      77         75
a      76      81         75
a      77     109          2
a      77      78         75
a      77      76         75
a      77      82         75
a      78     122          3
a      78      79         75
a      78      77         75
a      78      83         75
a      79     103          2
a      79      80         75
a      79      78         75
a      79      84         75
a      80     121          2
a      80      79         75
a      80      85         75
a      81     117          1
a      81      82         75
a      81      86         75
a      81      76         75
a      82     123          1
a      82      83         75
a      82      81         75
a      82      87         75
a      82      77         75
a      83     110          1
a      83      84         75
a      83      82         75
a      83      88         75
a      83      78         75
a      84     125          3
a      84      85         75
a      84      83         75
a      84      89         75
a      84      79         75
a      85     124          0
a      85      84         75
a      85      90         75
a      85      80         75
a      86     120          1
a      86      87         75
a      86      91         75
a      86      81         75
a      87     108          1
a      87      88         75
a      87      86         75
a      87      92         75
a      87      82         75
a      88     119          3
a      88      89         75
a      88      87         75
a      88      93         75
a      88      83         75
a      89     114          2
a      89      90         75
a      89      88         75
a      89      94         75
a      89      84         75
a      90     106          1
a      90      89         75
a      90      95         75
a      90      85         75
a      91     115          2
a      91      92         75
a      91      96         75
a      91      86         75
a      92     102          0
a      92      93         75
a      92      91         75
a      92      97         75
a      92      87         75
a      93     107          1
a      93      94         75
a      93      92         75
a      93      98         75
a      93      88         75
a      94     112          2
a      94      95         75
a      94      93         75
a      94      99         75
a      94      89         75
a      95     118          1
a      95      94         75
a      95     100         75
a      95      90         75
a      96     104          2
a      96      97         75
a      96      91         75
a      97     101          0
a      97      98         75
a      97      96         75
a      97      92         75
a      98     113          3
a      98      99         75
a      98      97         75
a      98      93         75
a      99     116          0
a      99     100         75
a      99      98         75
a      99      94         75
a     100     105          2
a     100      99         75
a     100      95         75
a     101     128          1
a     101     102         75
a     101     106         75
a     102     137          3
a     102     103         75
a     102     101         75
a     102     107         75
a     103     147          0
a     103     104         75
a     103     102         75
a     103     108         75
a     104     148          1
a     104     105         75
a     104     103         75
a     104     109         75
a     105     135          0
a     105     104         75
a     105     110         75
a     106     143          0
a     106     107         75
a     106     111         75
a     106     101         75
a     107     136          3
a     107     108         75
a     107     106         75
a     107     112         75
a     107     102         75
a     108     132          0
a     108     109         75
a     108     107         75
a     108     113         75
a     108     103         75
a     109     133          3
a     109     110         75
a     109     108         75
a     109     114         75
a     109     104         75
a     110     126          2
a     110     109         75
a     110     115         75
a     110     105         75
a     111     144          1
a     111     112         75
a     111     116         75
a     111     106         75
a     112     145          3
a     112     113         75
a     112     111         75
a     112     117         75
a     112     107         75
a     113     150          1
a     113     114         75
a     113     112         75
a     113     118         75
a     113     108         75
a     114     129          1
a     114     115         75
a     114     113         75
a     114     119         75
a     114     109         75
a     115     139          0
a     115     114         75
a     115     120         75
a     115     110         75
a     116     146          2
a     116     117         75
a     116     121         75
a     116     111         75
a     117     141          1
a     117     118         75
a     117     116         75
a     117     122         75
a     117     112         75
a     118     130          3
a     118     119         75
a     118     117         75
a     118     123         75
a     118     113         75
a     119     149          3
a     119     120         75
a     119     118         75
a     119     124         75
a     119     114         75
a     120     142          2
a     120     119         75
a     120     125         75
a     120     115         75
a     121     131          1
a     121     122         75
a     121     116         75
a     122     140          2
a     122     123         75
a     122     121         75
a     122     117         75
a     123     134          1
a     123     124         75
a     123     122         75
a     123     118         75
a     124     138          0
a     124     125         75
a     124     123         75
a     124     119         75
a     125     127          2
a     125     124         75
a     125     120         75
a     126     153          1
a     126     127         75
a     126     131         75
a     127     174          3
a     127     128         75
a     127     126         75
a     127     132         75
a     128     170          1
a     128     129         75
a     128     127         75
a     128     133         75
a     129     168          3
a     129     130         75
a     129     128         75
a     129     134         75
a     130     172          0
a     130     129         75
a     130     135         75
a     131     156          2
a     131     132         75
a     131     136         75
a     131     126         75
a     132     165          1
a     132     133         75
a     132     131         75
a     132     137         75
a     132     127         75
a     133     171          2
a     133     134         75
a     133     132         75
a     133     138         75
a     133     128         75
a     134     167          2
a     134     135         75
a     134     133         75
a     134     139         75
a     134     129         75
a     135     158          2
a     135     134         75
a     135     140         75
a     135     130         75
a     136     159          3
a     136     137         75
a     136     141         75
a     136     131         75
a     137     151          3
a     137     138         75
a     137     136         75
a     137     142         75
a     137     132         75
a     138     166          3
a     138     139         75
a     138     137         75
a     138     143         75
a     138     133         75
a     139     155          3
a     139     140         75
a     139     138         75
a     139     144         75
a     139     134         75
a     140     163          1
a     140     139         75
a     140     145         75
a     140     135         75
a     141     162          1
a     141     142         75
a     141     146         75
a     141     136         75
a     142     152          3
a     142     143         75
a     142     141         75
a     142     147         75
a     142     137         75
a     143     169          2
a     143     144         75
a     143     142         75
a     143     148         75
a     143     138         75
a     144     157          2
a     144     145         75
a     144     143         75
a     144     149         75
a     144     139         75
a     145     164          1
a     145     144         75
a     145     150         75
a     145     140         75
a     146     161          1
a     146     147         75
a     146     141         75
a     147     173          2
a     147     148         75
a     147     146         75
a     147     142         75
a     148     154          1
a     148     149         75
a     148     147         75
a     148     143         75
a     149     160          2
a     149     150         75
a     149     148         75
a     149     144         75
a     150     175          1
a     150     149         75
a     150     145         75
a     151     183          0
a     151     152         75
a     151     156         75
a     152     186          0
a     152     153         75
a     152     151         75
a     152     157         75
a     153     179          0
a     153     154         75
a     153     152         75
a     153     158         75
a     154     197          2
a     154     155         75
a     154     153         75
a     154     159         75
a     155     191          2
a     155     154         75
a     155     160         75
a     156     185          2
a     156     157         75
a     156     161         75
a     156     151         75
a     157     189          2
a     157     158         75
a     157     156         75
a     157     162         75
a     157     152         75
a     158     188          0
a     158     159         75
a     158     157         75
a     158     163         75
a     158     153         75
a     159     194          3
a     159     160         75
a     159     158         75
a     159     164         75
a     159     154         75
a     160     176          1
a     160     159         75
a     160     165         75
a     160     155         75
a     161     177          1
a     161     162         75
a     161     166         75
a     161     156         75
a     162     195          3
a     162     163         75
a     162     161         75
a     162     167         75
a     162     157         75
a     163     198          2
a     163     164         75
a     163     162         75
a     163     168         75
a     163     158         75
a     164     200          2
a     164     165         75
a     164     163         75
a     164     169         75
a     164     159         75
a     165     180          1
a     165     164         75
a     165     170         75
a     165     160         75
a     166     184          0
a     166     167         75
a     166     171         75
a     166     161         75
a     167     182          2
a     167     168         75
a     167     166         75
a     167     172         75
a     167     162         75
a     168     190          0
a     168     169         75
a     168     167         75
a     168     173         75
a     168     163         75
a     169     178          3
a     169     170         75
a     169     168         75
a     169     174         75
a     169     164         75
a     170     181          3
a     170     169         75
a     170     175         75
a     170     165         75
a     171     187          3
a     171     172         75
a     171     166         75
a     172     199          1
a     172     173         75
a     172     171         75
a     172     167         75
a     173     193          2
a     173     174         75
a     173     172         75
a     173     168         75
a     174     196          0
a     174     175         75
a     174     173         75
a     174     169         75
a     175     192          3
a     175     174         75
a     175     170         75
a     176     203          3
a     176     177         75
a     176     181         75
a     177     218          3
a     177     178         75
a     177     176         75
a     177     182         75
a     178     223          2
a     178     179         75
a     178     177         75
a     178     183         75
a     179     224          3
a     179     180         75
a     179     178         75
a     179     184         75
a     180     210          0
a     180     179         75
a     180     185         75
a     181     205          2
a     181     182         75
a     181     186         75
a     181     176         75
a     182     201          0
a     182     183         75
a     182     181         75
a     182     187         75
a     182     177         75
a     183     221          0
a     183     184         75
a     183     182         75
a     183     188         75
a     183     178         75
a     184     222          0
a     184     185         75
a     184     183         75
a     184     189         75
a     184     179         75
a     185     214          1
a     185     184         75
a     185     190         75
a     185     180         75
a     186     216          1
a     186     187         75
a     186     191         75
a     186     181         75
a     187     213          1
a     187     188         75
a     187     186         75
a     187     192         75
a     187     182         75
a     188     211          2
a     188     189         75
a     188     187         75
a     188     193         75
a     188     183         75
a     189     225          1
a     189     190         75
a     189     188         75
a     189     194         75
a     189     184         75
a     190     206          2
a     190     189         75
a     190     195         75
a     190     185         75
a     191     202          1
a     191     192         75
a     191     196         75
a     191     186         75
a     192     212          0
a     192     193         75
a     192     191         75
a     192     197         75
a     192     187         75
a     193     217          3
a     193     194         75
a     193     192         75
a     193     198         75
a     193     188         75
a     194     209          3
a     194     195         75
a     194     193         75
a     194     199         75
a     194     189         75
a     195     207          2
a     195     194         75
a     195     200         75
a     195     190         75
a     196     220          0
a     196     197         75
a     196     191         75
a     197     204          0
a     197     198         75
a     197     196         75
a     197     192         75
a     198     215          2
a     198     199         75
a     198     197         75
a     198     193         75
a     199     208          1
a     199     200         75
a     199     198         75
a     199     194         75
a     200     219          2
a     200     199         75
a     200     195         75
a     201     240          0
a     201     202         75
a     201     206         75
a     202     247          3
a     202     203         75
a     202     201         75
a     202     207         75
a     203     242          2
a     203     204         75
a     203     202         75
a     203     208         75
a     204     230          1
a     204     205         75
a     204     203         75
a     204     209         75
a     205     229          1
a     205     204         75
a     205     210         75
a     206     231          2
a     206     207         75
a     206     211         75
a     206     201         75
a     207     237          3
a     207     208         75
a     207     206         75
a     207     212         75
a     207     202         75
a     208     246          3
a     208     209         75
a     208     207         75
a     208     213         75
a     208     203         75
a     209     248          2
a     209     210         75
a     209     208         75
a     209     214         75
a     209     204         75
a     210     239          0
a     210     209         75
a     210     215         75
a     210     205         75
a     211     241          1
a     211     212         75
a     211     216         75
a     211     206         75
a     212     236          2
a     212     213         75
a     212     211         75
a     212     217         75
a     212     207         75
a     213     228          1
a     213     214         75
a     213     212         75
a     213     218         75
a     213     208         75
a     214     243          3
a     214     215         75
a     214     213         75
a     214     219         75
a     214     209         75
a     215     238          3
a     215     214         75
a     215     220         75
a     215     210         75
a     216     233          3
a     216     217         75
a     216     221         75
a     216     211         75
a     217     227          3
a     217     218         75
a     217     216         75
a     217     222         75
a     217     212         75
a     218     234          1
a     218     219         75
a     218     217         75
a     218     223         75
a     218     213         75
a     219     249          2
a     219     220         75
a     219     218         75
a     219     224         75
a     219     214         75
a     220     226          0
a     220     219         75
a     220     225         75
a     220     215         75
a     221     250          3
a     221     222         75
a     221     216         75
a     222     244          3
a     222     223         75
a     222     221         75
a     222     217         75
a     223     235          3
a     223     224         75
a     223     222         75
a     223     218         75
a     224     232          2
a     224     225         75
a     224     223         75
a     224     219         75
a     225     245          2
a     225     224         75
a     225     220         75
a     226     261          1
a     226     227         75
a     226     231         75
a     227     259          0
a     227     228         75
a     227     226         75
a     227     232         75
a     228     266          1
a     228     229         75
a     228     227         75
a     228     233         75
a     229     254          1
a     229     230         75
a     229     228         75
a     229     234         75
a     230     252          1
a     230     229         75
a     230     235         75
a     231     269          1
a     231     232         75
a     231     236         75
a     231     226         75
a     232     256          1
a     232     233         75
a     232     231         75
a     232     237         75
a     232     227         75
a     233     274          2
a     233     234         75
a     233     232         75
a     233     238         75
a     233     228         75
a     234     275          2
a     234     235         75
a     234     233         75
a     234     239         75
a     234     229         75
a     235     272          1
a     235     234         75
a     235     240         75
a     235     230         75
a     236     262          1
a     236     237         75
a     236     241         75
a     236     231         75
a     237     251          1
a     237     238         75
a     237     236         75
a     237     242         75
a     237     232         75
a     238     260          0
a     238     239         75
a     238     237         75
a     238     243         75
a     238     233         75
a     239     257          2
a     239     240         75
a     239     238         75
a     239     244         75
a     239     234         75
a     240     258          1
a     240     239         75
a     240     245         75
a     240     235         75
a     241     255          1
a     241     242         75
a     241     246         75
a     241     236         75
a     242     268          3
a     242     243         75
a     242     241         75
a     242     247         75
a     242     237         75
a     243     263          1
a     243     244         75
a     243     242         75
a     243     248         75
a     243     238         75
a     244     271          0
a     244     245         75
a     244     243         75
a     244     249         75
a     244     239         75
a     245     267          1
a     245     244         75
a     245     250         75
a     245     240         75
a     246     253          1
a     246     247         75
a     246     241         75
a     247     264          1
a     247     248         75
a     247     246         75
a     247     242         75
a     248     270          2
a     248     249         75
a     248     247         75
a     248     243         75
a     249     273          2
a     249     250         75
a     249     248         75
a     249     244         75
a     250     265          0
a     250     249         75
a     250     245         75
a     251     291          1
a     251     252         75
a     251     256         75
a     252     282          0
a     252     253         75
a     252     251         75
a     252     257         75
a     253     292          1
a     253     254         75
a     253     252         75
a     253     258         75
a     254     280          0
a     254     255         75
a     254     253         75
a     254     259         75
a     255     286          3
a     255     254         75
a     255     260         75
a     256     288          2
a     256     257         75
a     256     261         75
a     256     251         75
a     257     295          3
a     257     258         75
a     257     256         75
a     257     262         75
a     257     252         75
a     258     293          2
a     258     259         75
a     258     257         75
a     258     263         75
a     258     253         75
a     259     277          0
a     259     260         75
a     259     258         75
a     259     264         75
a     259     254         75
a     260     294          1
a     260     259         75
a     260     265         75
a     260     255         75
a     261     281          2
a     261     262         75
a     261     266         75
a     261     256         75
a     262     278          1
a     262     263         75
a     262     261         75
a     262     267         75
a     262     257         75
a     263     285          3
a     263     264         75
a     263     262         75
a     263     268         75
a     263     258         75
a     264     290          0
a     264     265         75
a     264     263         75
a     264     269         75
a     264     259         75
a     265     299          2
a     265     264         75
a     265     270         75
a     265     260         75
a     266     296          3
a     266     267         75
a     266     271         75
a     266     261         75
a     267     279          1
a     267     268         75
a     267     266         75
a     267     272         75
a     267     262         75
a     268     284          2
a     268     269         75
a     268     267         75
a     268     273         75
a     268     263         75
a     269     298          2
a     269     270         75
a     269     268         75
a     269     274         75
a     269     264         75
a     270     297          0
a     270     269         75
a     270     275         75
a     270     265         75
a     271     283          0
a     271     272         75
a     271     266         75
a     272     287          0
a     272     273         75
a     272     271         75
a     272     267         75
a     273     289          0
a     273     274         75
a     273     272         75
a     273     268         75
a     274     300          0
a     274     275         75
a     274     273         75
a     274     269         75
a     275     276          2
a     275     274         75
a     275     270         75
a     276     314          2
a     276     277         75
a     276     281         75
a     277     307          3
a     277     278         75
a     277     276         75
a     277     282         75
a     278     304          1
a     278     279         75
a     278     277         75
a     278     283         75
a     279     309          1
a     279     280         75
a     279     278         75
a     279     284         75
a     280     305          1
a     280     279         75
a     280     285         75
a     281     302          0
a     281     282         75
a     281     286         75
a     281     276         75
a     282     325          3
a     282     283         75
a     282     281         75
a     282     287         75
a     282     277         75
a     283     317          1
a     283     284         75
a     283     282         75
a     283     288         75
a     283     278         75
a     284     316          0
a     284     285         75
a     284     283         75
a     284     289         75
a     284     279         75
a     285     323          1
a     285     284         75
a     285     290         75
a     285     280         75
a     286     303          1
a     286     287         75
a     286     291         75
a     286     281         75
a     287     320          3
a     287     288         75
a     287     286         75
a     287     292         75
a     287     282         75
a     288     324          2
a     288     289         75
a     288     287         75
a     288     293         75
a     288     283         75
a     289     308          2
a     289     290         75
a     289     288         75
a     289     294         75
a     289     284         75
a     290     322          2
a     290     289         75
a     290     295         75
a     290     285         75
a     291     321          1
a     291     292         75
a     291     296         75
a     291     286         75
a     292     312          1
a     292     293         75
a     292     291         75
a     292     297         75
a     292     287         75
a     293     319          1
a     293     294         75
a     293     292         75
a     293     298         75
a     293     288         75
a     294     310          2
a     294     295         75
a     294     293         75
a     294     299         75
a     294     289         75
a     295     315          3
a     295     294         75
a     295     300         75
a     295     290         75
a     296     306          2
a     296     297         75
a     296     291         75
a     297     311          1
a     297     298         75
a     297     296         75
a     297     292         75
a     298     301          3
a     298     299         75
a     298     297         75
a     298     293         75
a     299     313          0
a     299     300         75
a     299     298         75
a     299     294         75
a     300     318          3
a     300     299         75
a     300     295         75
a     301     332          2
a     301     302         75
a     301     306         75
a     302     327          3
a     302     303         75
a     302     301         75
a     302     307         75
a     303     344          1
a     303     304         75
a     303     302         75
a     303     308         75
a     304     348          2
a     304     305         75
a     304     303         75
a     304     309         75
a     305     341          3
a     305     304         75
a     305     310         75
a     306     347          1
a     306     307         75
a     306     311         75
a     306     301         75
a     307     326          1
a     307     308         75
a     307     306         75
a     307     312         75
a     307     302         75
a     308     337          3
a     308     309         75
a     308     307         75
a     308     313         75
a     308     303         75
a     309     346          3
a     309     310         75
a     309     308         75
a     309     314         75
a     309     304         75
a     310     335          0
a     310     309         75
a     310     315         75
a     310     305         75
a     311     342          2
a     311     312         75
a     311     316         75
a     311     306         75
a     312     336          3
a     312     313         75
a     312     311         75
a     312     317         75
a     312     307         75
a     313     349          0
a     313     314         75
a     313     312         75
a     313     318         75
a     313     308         75
a     314     329          0
a     314     315         75
a     314     313         75
a     314     319         75
a     314     309         75
a     315     339          2
a     315     314         75
a     315     320         75
a     315     310         75
a     316     340          2
a     316     317         75
a     316     321         75
a     316     311         75
a     317     333          0
a     317     318         75
a     317     316         75
a     317     322         75
a     317     312         75
a     318     330          2
a     318     319         75
a     318     317         75
a     318     323         75
a     318     313         75
a     319     338          3
a     319     320         75
a     319     318         75
a     319     324         75
a     319     314         75
a     320     350          1
a     320     319         75
a     320     325         75
a     320     315         75
a     321     334          1
a     321     322         75
a     321     316         75
a     322     345          1
a     322     323         75
a     322     321         75
a     322     317         75
a     323     343          3
a     323     324         75
a     323     322         75
a     323     318         75
a     324     328          3
a     324     325         75
a     324     323         75
a     324     319         75
a     325     331          3
a     325     324         75
a     325     320         75
a     326     355          0
a     326     327         75
a     326     331         75
a     327     354          0
a     327     328         75
a     327     326         75
a     327     332         75
a     328     356          3
a     328     329         75
a     328     327         75
a     328     333         75
a     329     368          2
a     329     330         75
a     329     328         75
a     329     334         75
a     330     373          2
a     330     329         75
a     330     335         75
a     331     372          2
a     331     332         75
a     331     336         75
a     331     326         75
a     332     369          3
a     332     333         75
a     332     331         75
a     332     337         75
a     332     327         75
a     333     357          2
a     333     334         75
a     333     332         75
a     333     338         75
a     333     328         75
a     334     360          3
a     334     335         75
a     334     333         75
a     334     339         75
a     334     329         75
a     335     352          2
a     335     334         75
a     335     340         75
a     335     330         75
a     336     366          3
a     336     337         75
a     336     341         75
a     336     331         75
a     337     364          0
a     337     338         75
a     337     336         75
a     337     342         75
a     337     332         75
a     338     362          0
a     338     339         75
a     338     337         75
a     338     343         75
a     338     333         75
a     339     375          3
a     339     340         75
a     339     338         75
a     339     344         75
a     339     334         75
a     340     358          0
a     340     339         75
a     340     345         75
a     340     335         75
a     341     353          2
a     341     342         75
a     341     346         75
a     341     336         75
a     342     363          3
a     342     343         75
a     342     341         75
a     342     347         75
a     342     337         75
a     343     361          2
a     343     344         75
a     343     342         75
a     343     348         75
a     343     338         75
a     344     351          1
a     344     345         75
a     344     343         75
a     344     349         75
a     344     339         75
a     345     365          2
a     345     344         75
a     345     350         75
a     345     340         75
a     346     371          2
a     346     347         75
a     346     341         75
a     347     374          1
a     347     348         75
a     347     346         75
a     347     342         75
a     348     367          2
a     348     349         75
a     348     347         75
a     348     343         75
a     349     359          0
a     349     350         75
a     349     348         75
a     349     344         75
a     350     370          0
a     350     349         75
a     350     345         75
a     351     376          1
a     351     352         75
a     351     356         75
a     352     396          1
a     352     353         75
a     352     351         75
a     352     357         75
a     353     399          2
a     353     354         75
a     353     352         75
a     353     358         75
a     354     393          1
a     354     355         75
a     354     353         75
a     354     359         75
a     355     391          1
a     355     354         75
a     355     360         75
a     356     400          3
a     356     357         75
a     356     361         75
a     356     351         75
a     357     383          1
a     357     358         75
a     357     356         75
a     357     362         75
a     357     352         75
a     358     390          1
a     358     359         75
a     358     357         75
a     358     363         75
a     358     353         75
a     359     397          3
a     359     360         75
a     359     358         75
a     359     364         75
a     359     354         75
a     360     394          1
a     360     359         75
a     360     365         75
a     360     355         75
a     361     379          2
a     361     362         75
a     361     366         75
a     361     356         75
a     362     377          1
a     362     363         75
a     362     361         75
a     362     367         75
a     362     357         75
a     363     378          1
a     363     364         75
a     363     362         75
a     363     368         75
a     363     358         75
a     364     389          2
a     364     365         75
a     364     363         75
a     364     369         75
a     364     359         75
a     365     386          0
a     365     364         75
a     365     370         75
a     365     360         75
a     366     388          3
a     366     367         75
a     366     371         75
a     366     361         75
a     367     381          1
a     367     368         75
a     367     366         75
a     367     372         75
a     367     362         75
a     368     392          2
a     368     369         75
a     368     367         75
a     368     373         75
a     368     363         75
a     369     384          3
a     369     370         75
a     369     368         75
a     369     374         75
a     369     364         75
a     370     380          1
a     370     369         75
a     370     375         75
a     370     365         75
a     371     382          0
a     371     372         75
a     371     366         75
a     372     398          1
a     372     373         75
a     372     371         75
a     372     367         75
a     373     395          0
a     373     374         75
a     373     372         75
a     373     368         75
a     374     387          0
a     374     375         75
a     374     373         75
a     374     369         75
a     375     385          0
a     375     374         75
a     375     370         75
a     376     404          0
a     376     377         75
a     376     381         75
a     377     419          1
a     377     378         75
a     377     376         75
a     377     382         75
a     378     421          1
a     378     379         75
a     378     377         75
a     378     383         75
a     379     417          0
a     379     380         75
a     379     378         75
a     379     384         75
a     380     402          2
a     380     379         75
a     380     385         75
a     381     406          0
a     381     382         75
a     381     386         75
a     381     376         75
a     382     408          0
a     382     383         75
a     382     381         75
a     382     387         75
a     382     377         75
a     383     401          3
a     383     384         75
a     383     382         75
a     383     388         75
a     383     378         75
a     384     416          2
a     384     385         75
a     384     383         75
a     384     389         75
a     384     379         75
a     385     409          3
a     385     384         75
a     385     390         75
a     385     380         75
a     386     413          1
a     386     387         75
a     386     391         75
a     386     381         75
a     387     415          0
a     387     388         75
a     387     386         75
a     387     392         75
a     387     382         75
a     388     425          0
a     388     389         75
a     388     387         75
a     388     393         75
a     388     383         75
a     389     412          0
a     389     390         75
a     389     388         75
a     389     394         75
a     389     384         75
a     390     420          1
a     390     389         75
a     390     395         75
a     390     385         75
a     391     422          2
a     391     392         75
a     391     396         75
a     391     386         75
a     392     424          2
a     392     393         75
a     392     391         75
a     392     397         75
a     392     387         75
a     393     418          1
a     393     394         75
a     393     392         75
a     393     398         75
a     393     388         75
a     394     403          3
a     394     395         75
a     394     393         75
a     394     399         75
a     394     389         75
a     395     407          1
a     395     394         75
a     395     400         75
a     395     390         75
a     396     411          1
a     396     397         75
a     396     391         75
a     397     414          0
a     397     398         75
a     397     396         75
a     397     392         75
a     398     405          2
a     398     399         75
a     398     397         75
a     398     393         75
a     399     423          3
a     399     400         75
a     399     398         75
a     399     394         75
a     400     410          0
a     400     399         75
a     400     395         75
a     401     439          0
a     401     402         75
a     401     406         75
a     402     438          1
a     402     403         75
a     402     401         75
a     402     407         75
a     403     448          2
a     403     404         75
a     403     402         75
a     403     408         75
a     404     429          0
a     404     405         75
a     404     403         75
a     404     409         75
a     405     444          3
a     405     404         75
a     405     410         75
a     406     433          2
a     406     407         75
a     406     411         75
a     406     401         75
a     407     440          0
a     407     408         75
a     407     406         75
a     407     412         75
a     407     402         75
a     408     436          2
a     408     409         75
a     408     407         75
a     408     413         75
a     408     403         75
a     409     441          3
a     409     410         75
a     409     408         75
a     409     414         75
a     409     404         75
a     410     443          2
a     410     409         75
a     410     415         75
a     410     405         75
a     411     435          3
a     411     412         75
a     411     416         75
a     411     406         75
a     412     434          2
a     412     413         75
a     412     411         75
a     412     417         75
a     412     407         75
a     413     432          3
a     413     414         75
a     413     412         75
a     413     418         75
a     413     408         75
a     414     445          1
a     414     415         75
a     414     413         75
a     414     419         75
a     414     409         75
a     415     446          0
a     415     414         75
a     415     420         75
a     415     410         75
a     416     442          1
a     416     417         75
a     416     421         75
a     416     411         75
a     417     449          2
a     417     418         75
a     417     416         75
a     417     422         75
a     417     412         75
a     418     427          0
a     418     419         75
a     418     417         75
a     418     423         75
a     418     413         75
a     419     431          1
a     419     420         75
a     419     418         75
a     419     424         75
a     419     414         75
a     420     447          3
a     420     419         75
a     420     425         75
a     420     415         75
a     421     428          3
a     421     422         75
a     421     416         75
a     422     426          0
a     422     423         75
a     422     421         75
a     422     417         75
a     423     437          3
a     423     424         75
a     423     422         75
a     423     418         75
a     424     450          3
a     424     425         75
a     424     423         75
a     424     419         75
a     425     430          1
a     425     424         75
a     425     420         75
a     426     468          0
a     426     427         75
a     426     431         75
a     427     458          2
a     427     428         75
a     427     426         75
a     427     432         75
a     428     471          3
a     428     429         75
a     428     427         75
a     428     433         75
a     429     465          0
a     429     430         75
a     429     428         75
a     429     434         75
a     430     466          0
a     430     429         75
a     430     435         75
a     431     467          3
a     431     432         75
a     431     436         75
a     431     426         75
a     432     473          0
a     432     433         75
a     432     431         75
a     432     437         75
a     432     427         75
a     433     454          3
a     433     434         75
a     433     432         75
a     433     438         75
a     433     428         75
a     434     470          1
a     434     435         75
a     434     433         75
a     434     439         75
a     434     429         75
a     435     462          2
a     435     434         75
a     435     440         75
a     435     430         75
a     436     463          3
a     436     437         75
a     436     441         75
a     436     431         75
a     437     464          0
a     437     438         75
a     437     436         75
a     437     442         75
a     437     432         75
a     438     461          3
a     438     439         75
a     438     437         75
a     438     443         75
a     438     433         75
a     439     459          2
a     439     440         75
a     439     438         75
a     439     444         75
a     439     434         75
a     440     451          0
a     440     439         75
a     440     445         75
a     440     435         75
a     441     460          3
a     441     442         75
a     441     446         75
a     441     436         75
a     442     452          3
a     442     443         75
a     442     441         75
a     442     447         75
a     442     437         75
a     443     469          0
a     443     444         75
a     443     442         75
a     443     448         75
a     443     438         75
a     444     475          1
a     444     445         75
a     444     443         75
a     444     449         75
a     444     439         75
a     445     472          1
a     445     444         75
a     445     450         75
a     445     440         75
a     446     474          3
a     446     447         75
a     446     441         75
a     447     457          3
a     447     448         75
a     447     446         75
a     447     442         75
a     448     456          3
a     448     449         75
a     448     447         75
a     448     443         75
a     449     455          0
a     449     450         75
a     449     448         75
a     449     444         75
a     450     453          2
a     450     449         75
a     450     445         75
a     451     496          1
a     451     452         75
a     451     456         75
a     452     492          2
a     452     453         75
a     452     451         75
a     452     457         75
a     453     493          2
a     453     454         75
a     453     452         75
a     453     458         75
a     454     488          0
a     454     455         75
a     454     453         75
a     454     459         75
a     455     481          3
a     455     454         75
a     455     460         75
a     456     479          1
a     456     457         75
a     456     461         75
a     456     451         75
a     457     499          2
a     457     458         75
a     457     456         75
a     457     462         75
a     457     452         75
a     458     490          1
a     458     459         75
a     458     457         75
a     458     463         75
a     458     453         75
a     459     500          3
a     459     460         75
a     459     458         75
a     459     464         75
a     459     454         75
a     460     495          3
a     460     459         75
a     460     465         75
a     460     455         75
a     461     486          0
a     461     462         75
a     461     466         75
a     461     456         75
a     462     489          1
a     462     463         75
a     462     461         75
a     462     467         75
a     462     457         75
a     463     478          0
a     463     464         75
a     463     462         75
a     463     468         75
a     463     458         75
a     464     491          3
a     464     465         75
a     464     463         75
a     464     469         75
a     464     459         75
a     465     476          0
a     465     464         75
a     465     470         75
a     465     460         75
a     466     484          1
a     466     467         75
a     466     471         75
a     466     461         75
a     467     482          1
a     467     468         75
a     467     466         75
a     467     472         75
a     467     462         75
a     468     485          2
a     468     469         75
a     468     467         75
a     468     473         75
a     468     463         75
a     469     477          3
a     469     470         75
a     469     468         75
a     469     474         75
a     469     464         75
a     470     497          3
a     470     469         75
a     470     475         75
a     470     465         75
a     471     498          1
a     471     472         75
a     471     466         75
a     472     483          0
a     472     473         75
a     472     471         75
a     472     467         75
a     473     480          0
a     473     474         75
a     473     472         75
a     473     468         75
a     474     494          2
a     474     475         75
a     474     473         75
a     474     469         75
a     475     487          0
a     475     474         75
a     475     470         75
a     476     477         75
a     476     481         75
a     477     478         75
a     477     476         75
a     477     482         75
a     478     479         75
a     478     477         75
a     478     483         75
a     479     480         75
a     479     478         75
a     479     484         75
a     480     479         75
a     480     485         75
a     481     482         75
a     481     486         75
a     481     476         75
a     482     483         75
a     482     481         75
a     482     487         75
a     482     477         75
a     483     484         75
a     483     482         75
a     483     488         75
a     483     478         75
a     484     485         75
a     484     483         75
a     484     489         75
a     484     479         75
a     485     484         75
a     485     490         75
a     485     480         75
a     486     487         75
a     486     491         75
a     486     481         75
a     487     488         75
a     487     486         75
a     487     492         75
a     487     482         75
a     488     489         75
a     488     487         75
a     488     493         75
a     488     483         75
a     489     490         75
a     489     488         75
a     489     494         75
a     489     484         75
a     490     489         75
a     490     495         75
a     490     485         75
a     491     492         75
a     491     496         75
a     491     486         75
a     492     493         75
a     492     491         75
a     492     497         75
a     492     487         75
a     493     494         75
a     493     492         75
a     493     498         75
a     493     488         75
a     494     495         75
a     494     493         75
a     494     499         75
a     494     489         75
a     495     494         75
a     495     500         75
a     495     490         75
a     496     497         75
a     496     491         75
a     497     498         75
a     497     496         75
a     497     492         75
a     498     499         75
a     498     497         75
a     498     493         75
a     499     500         75
a     499     498         75
a     499     494         75
a     500     499         75
a     500     495         75
