c This file was generated by genrmf.
c The parameters are: a: 5 b: 17 c1: 118 c2: 944 seed: 1666103673
p max     425       1760
n       1 s
n     425 t
a       1      28        929
a       1       2      23600
a       1       6      23600
a       2      31        654
a       2       3      23600
a       2       1      23600
a       2       7      23600
a       3      27        464
a       3       4      23600
a       3       2      23600
a       3       8      23600
a       4      46        241
a       4       5      23600
a       4       3      23600
a       4       9      23600
a       5      29        724
a       5       4      23600
a       5      10      23600
a       6      43        262
a       6       7      23600
a       6      11      23600
a       6       1      23600
a       7      41        384
a       7       8      23600
a       7       6      23600
a       7      12      23600
a       7       2      23600
a       8      33        789
a       8       9      23600
a       8       7      23600
a       8      13      23600
a       8       3      23600
a       9      47        626
a       9      10      23600
a       9       8      23600
a       9      14      23600
a       9       4      23600
a      10      40        273
a      10       9      23600
a      10      15      23600
a      10       5      23600
a      11      34        290
a      11      12      23600
a      11      16      23600
a      11       6      23600
a      12      42        387
a      12      13      23600
a      12      11      23600
a      12      17      23600
a      12       7      23600
a      13      32        170
a      13      14      23600
a      13      12      23600
a      13      18      23600
a      13       8      23600
a      14      48        837
a      14      15      23600
a      14      13      23600
a      14      19      23600
a      14       9      23600
a      15      49        389
a      15      14      23600
a      15      20      23600
a      15      10      23600
a      16      38        563
a      16      17      23600
a      16      21      23600
a      16      11      23600
a      17      44        790
a      17      18      23600
a      17      16      23600
a      17      22      23600
a      17      12      23600
a      18      50        149
a      18      19      23600
a      18      17      23600
a      18      23      23600
a      18      13      23600
a      19      36        720
a      19      20      23600
a      19      18      23600
a      19      24      23600
a      19      14      23600
a      20      30        637
a      20      19      23600
a      20      25      23600
a      20      15      23600
a      21      45        196
a      21      22      23600
a      21      16      23600
a      22      35        726
a      22      23      23600
a      22      21      23600
a      22      17      23600
a      23      37        415
a      23      24      23600
a      23      22      23600
a      23      18      23600
a      24      39        898
a      24      25      23600
a      24      23      23600
a      24      19      23600
a      25      26        422
a      25      24      23600
a      25      20      23600
a      26      67        909
a      26      27      23600
a      26      31      23600
a      27      66        780
a      27      28      23600
a      27      26      23600
a      27      32      23600
a      28      56        590
a      28      29      23600
a      28      27      23600
a      28      33      23600
a      29      59        927
a      29      30      23600
a      29      28      23600
a      29      34      23600
a      30      57        151
a      30      29      23600
a      30      35      23600
a      31      51        927
a      31      32      23600
a      31      36      23600
a      31      26      23600
a      32      70        172
a      32      33      23600
a      32      31      23600
a      32      37      23600
a      32      27      23600
a      33      69        726
a      33      34      23600
a      33      32      23600
a      33      38      23600
a      33      28      23600
a      34      72        596
a      34      35      23600
a      34      33      23600
a      34      39      23600
a      34      29      23600
a      35      52        938
a      35      34      23600
a      35      40      23600
a      35      30      23600
a      36      55        180
a      36      37      23600
a      36      41      23600
a      36      31      23600
a      37      75        638
a      37      38      23600
a      37      36      23600
a      37      42      23600
a      37      32      23600
a      38      54        660
a      38      39      23600
a      38      37      23600
a      38      43      23600
a      38      33      23600
a      39      61        879
a      39      40      23600
a      39      38      23600
a      39      44      23600
a      39      34      23600
a      40      63        885
a      40      39      23600
a      40      45      23600
a      40      35      23600
a      41      73        776
a      41      42      23600
a      41      46      23600
a      41      36      23600
a      42      53        393
a      42      43      23600
a      42      41      23600
a      42      47      23600
a      42      37      23600
a      43      74        205
a      43      44      23600
a      43      42      23600
a      43      48      23600
a      43      38      23600
a      44      68        218
a      44      45      23600
a      44      43      23600
a      44      49      23600
a      44      39      23600
a      45      65        642
a      45      44      23600
a      45      50      23600
a      45      40      23600
a      46      60        399
a      46      47      23600
a      46      41      23600
a      47      64        327
a      47      48      23600
a      47      46      23600
a      47      42      23600
a      48      71        266
a      48      49      23600
a      48      47      23600
a      48      43      23600
a      49      58        349
a      49      50      23600
a      49      48      23600
a      49      44      23600
a      50      62        725
a      50      49      23600
a      50      45      23600
a      51      93        441
a      51      52      23600
a      51      56      23600
a      52      87        892
a      52      53      23600
a      52      51      23600
a      52      57      23600
a      53      98        464
a      53      54      23600
a      53      52      23600
a      53      58      23600
a      54      86        743
a      54      55      23600
a      54      53      23600
a      54      59      23600
a      55      89        657
a      55      54      23600
a      55      60      23600
a      56      80        201
a      56      57      23600
a      56      61      23600
a      56      51      23600
a      57      95        254
a      57      58      23600
a      57      56      23600
a      57      62      23600
a      57      52      23600
a      58     100        292
a      58      59      23600
a      58      57      23600
a      58      63      23600
a      58      53      23600
a      59      78        694
a      59      60      23600
a      59      58      23600
a      59      64      23600
a      59      54      23600
a      60      83        540
a      60      59      23600
a      60      65      23600
a      60      55      23600
a      61      92        853
a      61      62      23600
a      61      66      23600
a      61      56      23600
a      62      97        759
a      62      63      23600
a      62      61      23600
a      62      67      23600
a      62      57      23600
a      63      88        165
a      63      64      23600
a      63      62      23600
a      63      68      23600
a      63      58      23600
a      64      94        416
a      64      65      23600
a      64      63      23600
a      64      69      23600
a      64      59      23600
a      65      85        617
a      65      64      23600
a      65      70      23600
a      65      60      23600
a      66      91        344
a      66      67      23600
a      66      71      23600
a      66      61      23600
a      67      90        681
a      67      68      23600
a      67      66      23600
a      67      72      23600
a      67      62      23600
a      68      79        736
a      68      69      23600
a      68      67      23600
a      68      73      23600
a      68      63      23600
a      69      81        632
a      69      70      23600
a      69      68      23600
a      69      74      23600
a      69      64      23600
a      70      82        737
a      70      69      23600
a      70      75      23600
a      70      65      23600
a      71      76        345
a      71      72      23600
a      71      66      23600
a      72      99        749
a      72      73      23600
a      72      71      23600
a      72      67      23600
a      73      77        243
a      73      74      23600
a      73      72      23600
a      73      68      23600
a      74      84        573
a      74      75      23600
a      74      73      23600
a      74      69      23600
a      75      96        618
a      75      74      23600
a      75      70      23600
a      76     111        355
a      76      77      23600
a      76      81      23600
a      77     109        588
a      77      78      23600
a      77      76      23600
a      77      82      23600
a      78     122        861
a      78      79      23600
a      78      77      23600
a      78      83      23600
a      79     103        545
a      79      80      23600
a      79      78      23600
a      79      84      23600
a      80     121        635
a      80      79      23600
a      80      85      23600
a      81     117        376
a      81      82      23600
a      81      86      23600
a      81      76      23600
a      82     123        355
a      82      83      23600
a      82      81      23600
a      82      87      23600
a      82      77      23600
a      83     110        460
a      83      84      23600
a      83      82      23600
a      83      88      23600
a      83      78      23600
a      84     125        811
a      84      85      23600
a      84      83      23600
a      84      89      23600
a      84      79      23600
a      85     124        245
a      85      84      23600
a      85      90      23600
a      85      80      23600
a      86     120        362
a      86      87      23600
a      86      91      23600
a      86      81      23600
a      87     108        408
a      87      88      23600
a      87      86      23600
a      87      92      23600
a      87      82      23600
a      88     119        933
a      88      89      23600
a      88      87      23600
a      88      93      23600
a      88      83      23600
a      89     114        614
a      89      90      23600
a      89      88      23600
a      89      94      23600
a      89      84      23600
a      90     106        453
a      90      89      23600
a      90      95      23600
a      90      85      23600
a      91     115        640
a      91      92      23600
a      91      96      23600
a      91      86      23600
a      92     102        128
a      92      93      23600
a      92      91      23600
a      92      97      23600
a      92      87      23600
a      93     107        427
a      93      94      23600
a      93      92      23600
a      93      98      23600
a      93      88      23600
a      94     112        633
a      94      95      23600
a      94      93      23600
a      94      99      23600
a      94      89      23600
a      95     118        525
a      95      94      23600
a      95     100      23600
a      95      90      23600
a      96     104        714
a      96      97      23600
a      96      91      23600
a      97     101        290
a      97      98      23600
a      97      96      23600
a      97      92      23600
a      98     113        843
a      98      99      23600
a      98      97      23600
a      98      93      23600
a      99     116        144
a      99     100      23600
a      99      98      23600
a      99      94      23600
a     100     105        657
a     100      99      23600
a     100      95      23600
a     101     128        392
a     101     102      23600
a     101     106      23600
a     102     137        769
a     102     103      23600
a     102     101      23600
a     102     107      23600
a     103     147        311
a     103     104      23600
a     103     102      23600
a     103     108      23600
a     104     148        461
a     104     105      23600
a     104     103      23600
a     104     109      23600
a     105     135        294
a     105     104      23600
a     105     110      23600
a     106     143        279
a     106     107      23600
a     106     111      23600
a     106     101      23600
a     107     136        894
a     107     108      23600
a     107     106      23600
a     107     112      23600
a     107     102      23600
a     108     132        164
a     108     109      23600
a     108     107      23600
a     108     113      23600
a     108     103      23600
a     109     133        749
a     109     110      23600
a     109     108      23600
a     109     114      23600
a     109     104      23600
a     110     126        733
a     110     109      23600
a     110     115      23600
a     110     105      23600
a     111     144        526
a     111     112      23600
a     111     116      23600
a     111     106      23600
a     112     145        927
a     112     113      23600
a     112     111      23600
a     112     117      23600
a     112     107      23600
a     113     150        346
a     113     114      23600
a     113     112      23600
a     113     118      23600
a     113     108      23600
a     114     129        523
a     114     115      23600
a     114     113      23600
a     114     119      23600
a     114     109      23600
a     115     139        200
a     115     114      23600
a     115     120      23600
a     115     110      23600
a     116     146        633
a     116     117      23600
a     116     121      23600
a     116     111      23600
a     117     141        433
a     117     118      23600
a     117     116      23600
a     117     122      23600
a     117     112      23600
a     118     130        745
a     118     119      23600
a     118     117      23600
a     118     123      23600
a     118     113      23600
a     119     149        803
a     119     120      23600
a     119     118      23600
a     119     124      23600
a     119     114      23600
a     120     142        603
a     120     119      23600
a     120     125      23600
a     120     115      23600
a     121     131        465
a     121     122      23600
a     121     116      23600
a     122     140        731
a     122     123      23600
a     122     121      23600
a     122     117      23600
a     123     134        396
a     123     124      23600
a     123     122      23600
a     123     118      23600
a     124     138        213
a     124     125      23600
a     124     123      23600
a     124     119      23600
a     125     127        551
a     125     124      23600
a     125     120      23600
a     126     153        434
a     126     127      23600
a     126     131      23600
a     127     174        927
a     127     128      23600
a     127     126      23600
a     127     132      23600
a     128     170        441
a     128     129      23600
a     128     127      23600
a     128     133      23600
a     129     168        813
a     129     130      23600
a     129     128      23600
a     129     134      23600
a     130     172        309
a     130     129      23600
a     130     135      23600
a     131     156        572
a     131     132      23600
a     131     136      23600
a     131     126      23600
a     132     165        336
a     132     133      23600
a     132     131      23600
a     132     137      23600
a     132     127      23600
a     133     171        543
a     133     134      23600
a     133     132      23600
a     133     138      23600
a     133     128      23600
a     134     167        653
a     134     135      23600
a     134     133      23600
a     134     139      23600
a     134     129      23600
a     135     158        651
a     135     134      23600
a     135     140      23600
a     135     130      23600
a     136     159        787
a     136     137      23600
a     136     141      23600
a     136     131      23600
a     137     151        761
a     137     138      23600
a     137     136      23600
a     137     142      23600
a     137     132      23600
a     138     166        775
a     138     139      23600
a     138     137      23600
a     138     143      23600
a     138     133      23600
a     139     155        885
a     139     140      23600
a     139     138      23600
a     139     144      23600
a     139     134      23600
a     140     163        395
a     140     139      23600
a     140     145      23600
a     140     135      23600
a     141     162        438
a     141     142      23600
a     141     146      23600
a     141     136      23600
a     142     152        762
a     142     143      23600
a     142     141      23600
a     142     147      23600
a     142     137      23600
a     143     169        682
a     143     144      23600
a     143     142      23600
a     143     148      23600
a     143     138      23600
a     144     157        626
a     144     145      23600
a     144     143      23600
a     144     149      23600
a     144     139      23600
a     145     164        531
a     145     144      23600
a     145     150      23600
a     145     140      23600
a     146     161        353
a     146     147      23600
a     146     141      23600
a     147     173        678
a     147     148      23600
a     147     146      23600
a     147     142      23600
a     148     154        484
a     148     149      23600
a     148     147      23600
a     148     143      23600
a     149     160        567
a     149     150      23600
a     149     148      23600
a     149     144      23600
a     150     175        508
a     150     149      23600
a     150     145      23600
a     151     183        219
a     151     152      23600
a     151     156      23600
a     152     186        278
a     152     153      23600
a     152     151      23600
a     152     157      23600
a     153     179        224
a     153     154      23600
a     153     152      23600
a     153     158      23600
a     154     197        614
a     154     155      23600
a     154     153      23600
a     154     159      23600
a     155     191        562
a     155     154      23600
a     155     160      23600
a     156     185        732
a     156     157      23600
a     156     161      23600
a     156     151      23600
a     157     189        651
a     157     158      23600
a     157     156      23600
a     157     162      23600
a     157     152      23600
a     158     188        265
a     158     159      23600
a     158     157      23600
a     158     163      23600
a     158     153      23600
a     159     194        939
a     159     160      23600
a     159     158      23600
a     159     164      23600
a     159     154      23600
a     160     176        334
a     160     159      23600
a     160     165      23600
a     160     155      23600
a     161     177        363
a     161     162      23600
a     161     166      23600
a     161     156      23600
a     162     195        741
a     162     163      23600
a     162     161      23600
a     162     167      23600
a     162     157      23600
a     163     198        593
a     163     164      23600
a     163     162      23600
a     163     168      23600
a     163     158      23600
a     164     200        608
a     164     165      23600
a     164     163      23600
a     164     169      23600
a     164     159      23600
a     165     180        417
a     165     164      23600
a     165     170      23600
a     165     160      23600
a     166     184        174
a     166     167      23600
a     166     171      23600
a     166     161      23600
a     167     182        586
a     167     168      23600
a     167     166      23600
a     167     172      23600
a     167     162      23600
a     168     190        192
a     168     169      23600
a     168     167      23600
a     168     173      23600
a     168     163      23600
a     169     178        746
a     169     170      23600
a     169     168      23600
a     169     174      23600
a     169     164      23600
a     170     181        813
a     170     169      23600
a     170     175      23600
a     170     165      23600
a     171     187        779
a     171     172      23600
a     171     166      23600
a     172     199        471
a     172     173      23600
a     172     171      23600
a     172     167      23600
a     173     193        543
a     173     174      23600
a     173     172      23600
a     173     168      23600
a     174     196        302
a     174     175      23600
a     174     173      23600
a     174     169      23600
a     175     192        815
a     175     174      23600
a     175     170      23600
a     176     203        784
a     176     177      23600
a     176     181      23600
a     177     218        854
a     177     178      23600
a     177     176      23600
a     177     182      23600
a     178     223        681
a     178     179      23600
a     178     177      23600
a     178     183      23600
a     179     224        745
a     179     180      23600
a     179     178      23600
a     179     184      23600
a     180     210        121
a     180     179      23600
a     180     185      23600
a     181     205        533
a     181     182      23600
a     181     186      23600
a     181     176      23600
a     182     201        221
a     182     183      23600
a     182     181      23600
a     182     187      23600
a     182     177      23600
a     183     221        300
a     183     184      23600
a     183     182      23600
a     183     188      23600
a     183     178      23600
a     184     222        242
a     184     185      23600
a     184     183      23600
a     184     189      23600
a     184     179      23600
a     185     214        450
a     185     184      23600
a     185     190      23600
a     185     180      23600
a     186     216        430
a     186     187      23600
a     186     191      23600
a     186     181      23600
a     187     213        419
a     187     188      23600
a     187     186      23600
a     187     192      23600
a     187     182      23600
a     188     211        595
a     188     189      23600
a     188     187      23600
a     188     193      23600
a     188     183      23600
a     189     225        408
a     189     190      23600
a     189     188      23600
a     189     194      23600
a     189     184      23600
a     190     206        555
a     190     189      23600
a     190     195      23600
a     190     185      23600
a     191     202        410
a     191     192      23600
a     191     196      23600
a     191     186      23600
a     192     212        136
a     192     193      23600
a     192     191      23600
a     192     197      23600
a     192     187      23600
a     193     217        739
a     193     194      23600
a     193     192      23600
a     193     198      23600
a     193     188      23600
a     194     209        784
a     194     195      23600
a     194     193      23600
a     194     199      23600
a     194     189      23600
a     195     207        703
a     195     194      23600
a     195     200      23600
a     195     190      23600
a     196     220        310
a     196     197      23600
a     196     191      23600
a     197     204        206
a     197     198      23600
a     197     196      23600
a     197     192      23600
a     198     215        674
a     198     199      23600
a     198     197      23600
a     198     193      23600
a     199     208        453
a     199     200      23600
a     199     198      23600
a     199     194      23600
a     200     219        705
a     200     199      23600
a     200     195      23600
a     201     240        156
a     201     202      23600
a     201     206      23600
a     202     247        810
a     202     203      23600
a     202     201      23600
a     202     207      23600
a     203     242        731
a     203     204      23600
a     203     202      23600
a     203     208      23600
a     204     230        368
a     204     205      23600
a     204     203      23600
a     204     209      23600
a     205     229        341
a     205     204      23600
a     205     210      23600
a     206     231        634
a     206     207      23600
a     206     211      23600
a     206     201      23600
a     207     237        789
a     207     208      23600
a     207     206      23600
a     207     212      23600
a     207     202      23600
a     208     246        853
a     208     209      23600
a     208     207      23600
a     208     213      23600
a     208     203      23600
a     209     248        619
a     209     210      23600
a     209     208      23600
a     209     214      23600
a     209     204      23600
a     210     239        150
a     210     209      23600
a     210     215      23600
a     210     205      23600
a     211     241        512
a     211     212      23600
a     211     216      23600
a     211     206      23600
a     212     236        551
a     212     213      23600
a     212     211      23600
a     212     217      23600
a     212     207      23600
a     213     228        488
a     213     214      23600
a     213     212      23600
a     213     218      23600
a     213     208      23600
a     214     243        920
a     214     215      23600
a     214     213      23600
a     214     219      23600
a     214     209      23600
a     215     238        914
a     215     214      23600
a     215     220      23600
a     215     210      23600
a     216     233        770
a     216     217      23600
a     216     221      23600
a     216     211      23600
a     217     227        843
a     217     218      23600
a     217     216      23600
a     217     222      23600
a     217     212      23600
a     218     234        364
a     218     219      23600
a     218     217      23600
a     218     223      23600
a     218     213      23600
a     219     249        603
a     219     220      23600
a     219     218      23600
a     219     224      23600
a     219     214      23600
a     220     226        125
a     220     219      23600
a     220     225      23600
a     220     215      23600
a     221     250        865
a     221     222      23600
a     221     216      23600
a     222     244        815
a     222     223      23600
a     222     221      23600
a     222     217      23600
a     223     235        888
a     223     224      23600
a     223     222      23600
a     223     218      23600
a     224     232        619
a     224     225      23600
a     224     223      23600
a     224     219      23600
a     225     245        674
a     225     224      23600
a     225     220      23600
a     226     261        349
a     226     227      23600
a     226     231      23600
a     227     259        228
a     227     228      23600
a     227     226      23600
a     227     232      23600
a     228     266        411
a     228     229      23600
a     228     227      23600
a     228     233      23600
a     229     254        426
a     229     230      23600
a     229     228      23600
a     229     234      23600
a     230     252        418
a     230     229      23600
a     230     235      23600
a     231     269        484
a     231     232      23600
a     231     236      23600
a     231     226      23600
a     232     256        389
a     232     233      23600
a     232     231      23600
a     232     237      23600
a     232     227      23600
a     233     274        723
a     233     234      23600
a     233     232      23600
a     233     238      23600
a     233     228      23600
a     234     275        560
a     234     235      23600
a     234     233      23600
a     234     239      23600
a     234     229      23600
a     235     272        386
a     235     234      23600
a     235     240      23600
a     235     230      23600
a     236     262        450
a     236     237      23600
a     236     241      23600
a     236     231      23600
a     237     251        453
a     237     238      23600
a     237     236      23600
a     237     242      23600
a     237     232      23600
a     238     260        310
a     238     239      23600
a     238     237      23600
a     238     243      23600
a     238     233      23600
a     239     257        599
a     239     240      23600
a     239     238      23600
a     239     244      23600
a     239     234      23600
a     240     258        524
a     240     239      23600
a     240     245      23600
a     240     235      23600
a     241     255        443
a     241     242      23600
a     241     246      23600
a     241     236      23600
a     242     268        831
a     242     243      23600
a     242     241      23600
a     242     247      23600
a     242     237      23600
a     243     263        500
a     243     244      23600
a     243     242      23600
a     243     248      23600
a     243     238      23600
a     244     271        205
a     244     245      23600
a     244     243      23600
a     244     249      23600
a     244     239      23600
a     245     267        390
a     245     244      23600
a     245     250      23600
a     245     240      23600
a     246     253        348
a     246     247      23600
a     246     241      23600
a     247     264        328
a     247     248      23600
a     247     246      23600
a     247     242      23600
a     248     270        553
a     248     249      23600
a     248     247      23600
a     248     243      23600
a     249     273        737
a     249     250      23600
a     249     248      23600
a     249     244      23600
a     250     265        273
a     250     249      23600
a     250     245      23600
a     251     291        529
a     251     252      23600
a     251     256      23600
a     252     282        293
a     252     253      23600
a     252     251      23600
a     252     257      23600
a     253     292        467
a     253     254      23600
a     253     252      23600
a     253     258      23600
a     254     280        274
a     254     255      23600
a     254     253      23600
a     254     259      23600
a     255     286        862
a     255     254      23600
a     255     260      23600
a     256     288        564
a     256     257      23600
a     256     261      23600
a     256     251      23600
a     257     295        851
a     257     258      23600
a     257     256      23600
a     257     262      23600
a     257     252      23600
a     258     293        583
a     258     259      23600
a     258     257      23600
a     258     263      23600
a     258     253      23600
a     259     277        298
a     259     260      23600
a     259     258      23600
a     259     264      23600
a     259     254      23600
a     260     294        372
a     260     259      23600
a     260     265      23600
a     260     255      23600
a     261     281        611
a     261     262      23600
a     261     266      23600
a     261     256      23600
a     262     278        397
a     262     263      23600
a     262     261      23600
a     262     267      23600
a     262     257      23600
a     263     285        750
a     263     264      23600
a     263     262      23600
a     263     268      23600
a     263     258      23600
a     264     290        190
a     264     265      23600
a     264     263      23600
a     264     269      23600
a     264     259      23600
a     265     299        540
a     265     264      23600
a     265     270      23600
a     265     260      23600
a     266     296        744
a     266     267      23600
a     266     271      23600
a     266     261      23600
a     267     279        460
a     267     268      23600
a     267     266      23600
a     267     272      23600
a     267     262      23600
a     268     284        628
a     268     269      23600
a     268     267      23600
a     268     273      23600
a     268     263      23600
a     269     298        607
a     269     270      23600
a     269     268      23600
a     269     274      23600
a     269     264      23600
a     270     297        263
a     270     269      23600
a     270     275      23600
a     270     265      23600
a     271     283        198
a     271     272      23600
a     271     266      23600
a     272     287        267
a     272     273      23600
a     272     271      23600
a     272     267      23600
a     273     289        296
a     273     274      23600
a     273     272      23600
a     273     268      23600
a     274     300        143
a     274     275      23600
a     274     273      23600
a     274     269      23600
a     275     276        541
a     275     274      23600
a     275     270      23600
a     276     314        580
a     276     277      23600
a     276     281      23600
a     277     307        814
a     277     278      23600
a     277     276      23600
a     277     282      23600
a     278     304        403
a     278     279      23600
a     278     277      23600
a     278     283      23600
a     279     309        331
a     279     280      23600
a     279     278      23600
a     279     284      23600
a     280     305        493
a     280     279      23600
a     280     285      23600
a     281     302        200
a     281     282      23600
a     281     286      23600
a     281     276      23600
a     282     325        925
a     282     283      23600
a     282     281      23600
a     282     287      23600
a     282     277      23600
a     283     317        512
a     283     284      23600
a     283     282      23600
a     283     288      23600
a     283     278      23600
a     284     316        286
a     284     285      23600
a     284     283      23600
a     284     289      23600
a     284     279      23600
a     285     323        417
a     285     284      23600
a     285     290      23600
a     285     280      23600
a     286     303        331
a     286     287      23600
a     286     291      23600
a     286     281      23600
a     287     320        939
a     287     288      23600
a     287     286      23600
a     287     292      23600
a     287     282      23600
a     288     324        609
a     288     289      23600
a     288     287      23600
a     288     293      23600
a     288     283      23600
a     289     308        542
a     289     290      23600
a     289     288      23600
a     289     294      23600
a     289     284      23600
a     290     322        577
a     290     289      23600
a     290     295      23600
a     290     285      23600
a     291     321        397
a     291     292      23600
a     291     296      23600
a     291     286      23600
a     292     312        324
a     292     293      23600
a     292     291      23600
a     292     297      23600
a     292     287      23600
a     293     319        525
a     293     294      23600
a     293     292      23600
a     293     298      23600
a     293     288      23600
a     294     310        691
a     294     295      23600
a     294     293      23600
a     294     299      23600
a     294     289      23600
a     295     315        943
a     295     294      23600
a     295     300      23600
a     295     290      23600
a     296     306        638
a     296     297      23600
a     296     291      23600
a     297     311        376
a     297     298      23600
a     297     296      23600
a     297     292      23600
a     298     301        759
a     298     299      23600
a     298     297      23600
a     298     293      23600
a     299     313        167
a     299     300      23600
a     299     298      23600
a     299     294      23600
a     300     318        895
a     300     299      23600
a     300     295      23600
a     301     332        544
a     301     302      23600
a     301     306      23600
a     302     327        739
a     302     303      23600
a     302     301      23600
a     302     307      23600
a     303     344        337
a     303     304      23600
a     303     302      23600
a     303     308      23600
a     304     348        553
a     304     305      23600
a     304     303      23600
a     304     309      23600
a     305     341        895
a     305     304      23600
a     305     310      23600
a     306     347        519
a     306     307      23600
a     306     311      23600
a     306     301      23600
a     307     326        441
a     307     308      23600
a     307     306      23600
a     307     312      23600
a     307     302      23600
a     308     337        805
a     308     309      23600
a     308     307      23600
a     308     313      23600
a     308     303      23600
a     309     346        903
a     309     310      23600
a     309     308      23600
a     309     314      23600
a     309     304      23600
a     310     335        228
a     310     309      23600
a     310     315      23600
a     310     305      23600
a     311     342        563
a     311     312      23600
a     311     316      23600
a     311     306      23600
a     312     336        848
a     312     313      23600
a     312     311      23600
a     312     317      23600
a     312     307      23600
a     313     349        174
a     313     314      23600
a     313     312      23600
a     313     318      23600
a     313     308      23600
a     314     329        194
a     314     315      23600
a     314     313      23600
a     314     319      23600
a     314     309      23600
a     315     339        579
a     315     314      23600
a     315     320      23600
a     315     310      23600
a     316     340        718
a     316     317      23600
a     316     321      23600
a     316     311      23600
a     317     333        313
a     317     318      23600
a     317     316      23600
a     317     322      23600
a     317     312      23600
a     318     330        646
a     318     319      23600
a     318     317      23600
a     318     323      23600
a     318     313      23600
a     319     338        881
a     319     320      23600
a     319     318      23600
a     319     324      23600
a     319     314      23600
a     320     350        342
a     320     319      23600
a     320     325      23600
a     320     315      23600
a     321     334        457
a     321     322      23600
a     321     316      23600
a     322     345        484
a     322     323      23600
a     322     321      23600
a     322     317      23600
a     323     343        762
a     323     324      23600
a     323     322      23600
a     323     318      23600
a     324     328        801
a     324     325      23600
a     324     323      23600
a     324     319      23600
a     325     331        816
a     325     324      23600
a     325     320      23600
a     326     355        173
a     326     327      23600
a     326     331      23600
a     327     354        256
a     327     328      23600
a     327     326      23600
a     327     332      23600
a     328     356        820
a     328     329      23600
a     328     327      23600
a     328     333      23600
a     329     368        660
a     329     330      23600
a     329     328      23600
a     329     334      23600
a     330     373        670
a     330     329      23600
a     330     335      23600
a     331     372        677
a     331     332      23600
a     331     336      23600
a     331     326      23600
a     332     369        867
a     332     333      23600
a     332     331      23600
a     332     337      23600
a     332     327      23600
a     333     357        599
a     333     334      23600
a     333     332      23600
a     333     338      23600
a     333     328      23600
a     334     360        940
a     334     335      23600
a     334     333      23600
a     334     339      23600
a     334     329      23600
a     335     352        717
a     335     334      23600
a     335     340      23600
a     335     330      23600
a     336     366        853
a     336     337      23600
a     336     341      23600
a     336     331      23600
a     337     364        274
a     337     338      23600
a     337     336      23600
a     337     342      23600
a     337     332      23600
a     338     362        124
a     338     339      23600
a     338     337      23600
a     338     343      23600
a     338     333      23600
a     339     375        778
a     339     340      23600
a     339     338      23600
a     339     344      23600
a     339     334      23600
a     340     358        300
a     340     339      23600
a     340     345      23600
a     340     335      23600
a     341     353        622
a     341     342      23600
a     341     346      23600
a     341     336      23600
a     342     363        940
a     342     343      23600
a     342     341      23600
a     342     347      23600
a     342     337      23600
a     343     361        581
a     343     344      23600
a     343     342      23600
a     343     348      23600
a     343     338      23600
a     344     351        331
a     344     345      23600
a     344     343      23600
a     344     349      23600
a     344     339      23600
a     345     365        537
a     345     344      23600
a     345     350      23600
a     345     340      23600
a     346     371        652
a     346     347      23600
a     346     341      23600
a     347     374        412
a     347     348      23600
a     347     346      23600
a     347     342      23600
a     348     367        541
a     348     349      23600
a     348     347      23600
a     348     343      23600
a     349     359        296
a     349     350      23600
a     349     348      23600
a     349     344      23600
a     350     370        155
a     350     349      23600
a     350     345      23600
a     351     376        467
a     351     352      23600
a     351     356      23600
a     352     396        423
a     352     353      23600
a     352     351      23600
a     352     357      23600
a     353     399        675
a     353     354      23600
a     353     352      23600
a     353     358      23600
a     354     393        480
a     354     355      23600
a     354     353      23600
a     354     359      23600
a     355     391        387
a     355     354      23600
a     355     360      23600
a     356     400        927
a     356     357      23600
a     356     361      23600
a     356     351      23600
a     357     383        418
a     357     358      23600
a     357     356      23600
a     357     362      23600
a     357     352      23600
a     358     390        389
a     358     359      23600
a     358     357      23600
a     358     363      23600
a     358     353      23600
a     359     397        878
a     359     360      23600
a     359     358      23600
a     359     364      23600
a     359     354      23600
a     360     394        324
a     360     359      23600
a     360     365      23600
a     360     355      23600
a     361     379        535
a     361     362      23600
a     361     366      23600
a     361     356      23600
a     362     377        458
a     362     363      23600
a     362     361      23600
a     362     367      23600
a     362     357      23600
a     363     378        374
a     363     364      23600
a     363     362      23600
a     363     368      23600
a     363     358      23600
a     364     389        569
a     364     365      23600
a     364     363      23600
a     364     369      23600
a     364     359      23600
a     365     386        244
a     365     364      23600
a     365     370      23600
a     365     360      23600
a     366     388        907
a     366     367      23600
a     366     371      23600
a     366     361      23600
a     367     381        523
a     367     368      23600
a     367     366      23600
a     367     372      23600
a     367     362      23600
a     368     392        719
a     368     369      23600
a     368     367      23600
a     368     373      23600
a     368     363      23600
a     369     384        816
a     369     370      23600
a     369     368      23600
a     369     374      23600
a     369     364      23600
a     370     380        364
a     370     369      23600
a     370     375      23600
a     370     365      23600
a     371     382        255
a     371     372      23600
a     371     366      23600
a     372     398        452
a     372     373      23600
a     372     371      23600
a     372     367      23600
a     373     395        165
a     373     374      23600
a     373     372      23600
a     373     368      23600
a     374     387        125
a     374     375      23600
a     374     373      23600
a     374     369      23600
a     375     385        203
a     375     374      23600
a     375     370      23600
a     376     404        241
a     376     377      23600
a     376     381      23600
a     377     419        513
a     377     378      23600
a     377     376      23600
a     377     382      23600
a     378     421        410
a     378     379      23600
a     378     377      23600
a     378     383      23600
a     379     417        139
a     379     380      23600
a     379     378      23600
a     379     384      23600
a     380     402        544
a     380     379      23600
a     380     385      23600
a     381     406        152
a     381     382      23600
a     381     386      23600
a     381     376      23600
a     382     408        159
a     382     383      23600
a     382     381      23600
a     382     387      23600
a     382     377      23600
a     383     401        820
a     383     384      23600
a     383     382      23600
a     383     388      23600
a     383     378      23600
a     384     416        690
a     384     385      23600
a     384     383      23600
a     384     389      23600
a     384     379      23600
a     385     409        774
a     385     384      23600
a     385     390      23600
a     385     380      23600
a     386     413        459
a     386     387      23600
a     386     391      23600
a     386     381      23600
a     387     415        246
a     387     388      23600
a     387     386      23600
a     387     392      23600
a     387     382      23600
a     388     425        185
a     388     389      23600
a     388     387      23600
a     388     393      23600
a     388     383      23600
a     389     412        263
a     389     390      23600
a     389     388      23600
a     389     394      23600
a     389     384      23600
a     390     420        494
a     390     389      23600
a     390     395      23600
a     390     385      23600
a     391     422        709
a     391     392      23600
a     391     396      23600
a     391     386      23600
a     392     424        572
a     392     393      23600
a     392     391      23600
a     392     397      23600
a     392     387      23600
a     393     418        489
a     393     394      23600
a     393     392      23600
a     393     398      23600
a     393     388      23600
a     394     403        767
a     394     395      23600
a     394     393      23600
a     394     399      23600
a     394     389      23600
a     395     407        453
a     395     394      23600
a     395     400      23600
a     395     390      23600
a     396     411        462
a     396     397      23600
a     396     391      23600
a     397     414        128
a     397     398      23600
a     397     396      23600
a     397     392      23600
a     398     405        603
a     398     399      23600
a     398     397      23600
a     398     393      23600
a     399     423        787
a     399     400      23600
a     399     398      23600
a     399     394      23600
a     400     410        230
a     400     399      23600
a     400     395      23600
a     401     402      23600
a     401     406      23600
a     402     403      23600
a     402     401      23600
a     402     407      23600
a     403     404      23600
a     403     402      23600
a     403     408      23600
a     404     405      23600
a     404     403      23600
a     404     409      23600
a     405     404      23600
a     405     410      23600
a     406     407      23600
a     406     411      23600
a     406     401      23600
a     407     408      23600
a     407     406      23600
a     407     412      23600
a     407     402      23600
a     408     409      23600
a     408     407      23600
a     408     413      23600
a     408     403      23600
a     409     410      23600
a     409     408      23600
a     409     414      23600
a     409     404      23600
a     410     409      23600
a     410     415      23600
a     410     405      23600
a     411     412      23600
a     411     416      23600
a     411     406      23600
a     412     413      23600
a     412     411      23600
a     412     417      23600
a     412     407      23600
a     413     414      23600
a     413     412      23600
a     413     418      23600
a     413     408      23600
a     414     415      23600
a     414     413      23600
a     414     419      23600
a     414     409      23600
a     415     414      23600
a     415     420      23600
a     415     410      23600
a     416     417      23600
a     416     421      23600
a     416     411      23600
a     417     418      23600
a     417     416      23600
a     417     422      23600
a     417     412      23600
a     418     419      23600
a     418     417      23600
a     418     423      23600
a     418     413      23600
a     419     420      23600
a     419     418      23600
a     419     424      23600
a     419     414      23600
a     420     419      23600
a     420     425      23600
a     420     415      23600
a     421     422      23600
a     421     416      23600
a     422     423      23600
a     422     421      23600
a     422     417      23600
a     423     424      23600
a     423     422      23600
a     423     418      23600
a     424     425      23600
a     424     423      23600
a     424     419      23600
a     425     424      23600
a     425     420      23600
