c This file was generated by genrmf.
c The parameters are: a: 10 b: 4 c1: 113 c2: 1137 seed: 1666103673
p max     400       1740
n       1 s
n     400 t
a       1     110       1129
a       1       2     113700
a       1      11     113700
a       2     120        706
a       2       3     113700
a       2       1     113700
a       2      12     113700
a       3     118        602
a       3       4     113700
a       3       2     113700
a       3      13     113700
a       4     181        945
a       4       5     113700
a       4       3     113700
a       4      14     113700
a       5     104        385
a       5       6     113700
a       5       4     113700
a       5      15     113700
a       6     164        164
a       6       7     113700
a       6       5     113700
a       6      16     113700
a       7     151        354
a       7       8     113700
a       7       6     113700
a       7      17     113700
a       8     101        624
a       8       9     113700
a       8       7     113700
a       8      18     113700
a       9     183       1027
a       9      10     113700
a       9       8     113700
a       9      19     113700
a      10     140        719
a      10       9     113700
a      10      20     113700
a      11     182        551
a      11      12     113700
a      11      21     113700
a      11       1     113700
a      12     144        336
a      12      13     113700
a      12      11     113700
a      12      22     113700
a      12       2     113700
a      13     139        378
a      13      14     113700
a      13      12     113700
a      13      23     113700
a      13       3     113700
a      14     184        704
a      14      15     113700
a      14      13     113700
a      14      24     113700
a      14       4     113700
a      15     190       1082
a      15      16     113700
a      15      14     113700
a      15      25     113700
a      15       5     113700
a      16     103        481
a      16      17     113700
a      16      15     113700
a      16      26     113700
a      16       6     113700
a      17     142        582
a      17      18     113700
a      17      16     113700
a      17      27     113700
a      17       7     113700
a      18     193       1095
a      18      19     113700
a      18      17     113700
a      18      28     113700
a      18       8     113700
a      19     159        624
a      19      20     113700
a      19      18     113700
a      19      29     113700
a      19       9     113700
a      20     136        961
a      20      19     113700
a      20      30     113700
a      20      10     113700
a      21     131        910
a      21      22     113700
a      21      31     113700
a      21      11     113700
a      22     165        729
a      22      23     113700
a      22      21     113700
a      22      32     113700
a      22      12     113700
a      23     161       1123
a      23      24     113700
a      23      22     113700
a      23      33     113700
a      23      13     113700
a      24     132        514
a      24      25     113700
a      24      23     113700
a      24      34     113700
a      24      14     113700
a      25     199       1072
a      25      26     113700
a      25      24     113700
a      25      35     113700
a      25      15     113700
a      26     174        541
a      26      27     113700
a      26      25     113700
a      26      36     113700
a      26      16     113700
a      27     157        888
a      27      28     113700
a      27      26     113700
a      27      37     113700
a      27      17     113700
a      28     138        782
a      28      29     113700
a      28      27     113700
a      28      38     113700
a      28      18     113700
a      29     105        216
a      29      30     113700
a      29      28     113700
a      29      39     113700
a      29      19     113700
a      30     117        281
a      30      29     113700
a      30      40     113700
a      30      20     113700
a      31     153        328
a      31      32     113700
a      31      41     113700
a      31      21     113700
a      32     188        827
a      32      33     113700
a      32      31     113700
a      32      42     113700
a      32      22     113700
a      33     126        636
a      33      34     113700
a      33      32     113700
a      33      43     113700
a      33      23     113700
a      34     146       1024
a      34      35     113700
a      34      33     113700
a      34      44     113700
a      34      24     113700
a      35     148        908
a      35      36     113700
a      35      34     113700
a      35      45     113700
a      35      25     113700
a      36     127        172
a      36      37     113700
a      36      35     113700
a      36      46     113700
a      36      26     113700
a      37     141        483
a      37      38     113700
a      37      36     113700
a      37      47     113700
a      37      27     113700
a      38     192        731
a      38      39     113700
a      38      37     113700
a      38      48     113700
a      38      28     113700
a      39     119        393
a      39      40     113700
a      39      38     113700
a      39      49     113700
a      39      29     113700
a      40     172        810
a      40      39     113700
a      40      50     113700
a      40      30     113700
a      41     189        879
a      41      42     113700
a      41      51     113700
a      41      31     113700
a      42     112        750
a      42      43     113700
a      42      41     113700
a      42      52     113700
a      42      32     113700
a      43     185        881
a      43      44     113700
a      43      42     113700
a      43      53     113700
a      43      33     113700
a      44     179        394
a      44      45     113700
a      44      43     113700
a      44      54     113700
a      44      34     113700
a      45     150        896
a      45      46     113700
a      45      44     113700
a      45      55     113700
a      45      35     113700
a      46     186        268
a      46      47     113700
a      46      45     113700
a      46      56     113700
a      46      36     113700
a      47     166        677
a      47      48     113700
a      47      46     113700
a      47      57     113700
a      47      37     113700
a      48     198        733
a      48      49     113700
a      48      47     113700
a      48      58     113700
a      48      38     113700
a      49     168        266
a      49      50     113700
a      49      48     113700
a      49      59     113700
a      49      39     113700
a      50     108       1070
a      50      49     113700
a      50      60     113700
a      50      40     113700
a      51     123        535
a      51      52     113700
a      51      61     113700
a      51      41     113700
a      52     160        348
a      52      53     113700
a      52      51     113700
a      52      62     113700
a      52      42     113700
a      53     169       1133
a      53      54     113700
a      53      52     113700
a      53      63     113700
a      53      43     113700
a      54     173        419
a      54      55     113700
a      54      53     113700
a      54      64     113700
a      54      44     113700
a      55     135        406
a      55      56     113700
a      55      54     113700
a      55      65     113700
a      55      45     113700
a      56     137        517
a      56      57     113700
a      56      55     113700
a      56      66     113700
a      56      46     113700
a      57     180        493
a      57      58     113700
a      57      56     113700
a      57      67     113700
a      57      47     113700
a      58     152        908
a      58      59     113700
a      58      57     113700
a      58      68     113700
a      58      48     113700
a      59     156        206
a      59      60     113700
a      59      58     113700
a      59      69     113700
a      59      49     113700
a      60     114        849
a      60      59     113700
a      60      70     113700
a      60      50     113700
a      61     178        265
a      61      62     113700
a      61      71     113700
a      61      51     113700
a      62     163       1081
a      62      63     113700
a      62      61     113700
a      62      72     113700
a      62      52     113700
a      63     130        539
a      63      64     113700
a      63      62     113700
a      63      73     113700
a      63      53     113700
a      64     167        242
a      64      65     113700
a      64      63     113700
a      64      74     113700
a      64      54     113700
a      65     162        864
a      65      66     113700
a      65      64     113700
a      65      75     113700
a      65      55     113700
a      66     170        426
a      66      67     113700
a      66      65     113700
a      66      76     113700
a      66      56     113700
a      67     171        961
a      67      68     113700
a      67      66     113700
a      67      77     113700
a      67      57     113700
a      68     197        849
a      68      69     113700
a      68      67     113700
a      68      78     113700
a      68      58     113700
a      69     107        868
a      69      70     113700
a      69      68     113700
a      69      79     113700
a      69      59     113700
a      70     122        819
a      70      69     113700
a      70      80     113700
a      70      60     113700
a      71     128       1064
a      71      72     113700
a      71      81     113700
a      71      61     113700
a      72     111       1017
a      72      73     113700
a      72      71     113700
a      72      82     113700
a      72      62     113700
a      73     106        407
a      73      74     113700
a      73      72     113700
a      73      83     113700
a      73      63     113700
a      74     125        696
a      74      75     113700
a      74      73     113700
a      74      84     113700
a      74      64     113700
a      75     195       1035
a      75      76     113700
a      75      74     113700
a      75      85     113700
a      75      65     113700
a      76     115        643
a      76      77     113700
a      76      75     113700
a      76      86     113700
a      76      66     113700
a      77     200        754
a      77      78     113700
a      77      76     113700
a      77      87     113700
a      77      67     113700
a      78     121        433
a      78      79     113700
a      78      77     113700
a      78      88     113700
a      78      68     113700
a      79     177        407
a      79      80     113700
a      79      78     113700
a      79      89     113700
a      79      69     113700
a      80     129        537
a      80      79     113700
a      80      90     113700
a      80      70     113700
a      81     175        972
a      81      82     113700
a      81      91     113700
a      81      71     113700
a      82     154        270
a      82      83     113700
a      82      81     113700
a      82      92     113700
a      82      72     113700
a      83     147        415
a      83      84     113700
a      83      82     113700
a      83      93     113700
a      83      73     113700
a      84     143        473
a      84      85     113700
a      84      83     113700
a      84      94     113700
a      84      74     113700
a      85     102       1123
a      85      86     113700
a      85      84     113700
a      85      95     113700
a      85      75     113700
a      86     158        728
a      86      87     113700
a      86      85     113700
a      86      96     113700
a      86      76     113700
a      87     133        528
a      87      88     113700
a      87      86     113700
a      87      97     113700
a      87      77     113700
a      88     109        760
a      88      89     113700
a      88      87     113700
a      88      98     113700
a      88      78     113700
a      89     155        125
a      89      90     113700
a      89      88     113700
a      89      99     113700
a      89      79     113700
a      90     116        496
a      90      89     113700
a      90     100     113700
a      90      80     113700
a      91     145        752
a      91      92     113700
a      91      81     113700
a      92     176        618
a      92      93     113700
a      92      91     113700
a      92      82     113700
a      93     113        852
a      93      94     113700
a      93      92     113700
a      93      83     113700
a      94     196        327
a      94      95     113700
a      94      93     113700
a      94      84     113700
a      95     194       1011
a      95      96     113700
a      95      94     113700
a      95      85     113700
a      96     134        146
a      96      97     113700
a      96      95     113700
a      96      86     113700
a      97     191        782
a      97      98     113700
a      97      96     113700
a      97      87     113700
a      98     124        265
a      98      99     113700
a      98      97     113700
a      98      88     113700
a      99     149        856
a      99     100     113700
a      99      98     113700
a      99      89     113700
a     100     187        150
a     100      99     113700
a     100      90     113700
a     101     290        539
a     101     102     113700
a     101     111     113700
a     102     259       1074
a     102     103     113700
a     102     101     113700
a     102     112     113700
a     103     211        825
a     103     104     113700
a     103     102     113700
a     103     113     113700
a     104     251        528
a     104     105     113700
a     104     103     113700
a     104     114     113700
a     105     230        692
a     105     106     113700
a     105     104     113700
a     105     115     113700
a     106     257        267
a     106     107     113700
a     106     105     113700
a     106     116     113700
a     107     277        559
a     107     108     113700
a     107     106     113700
a     107     117     113700
a     108     299        986
a     108     109     113700
a     108     107     113700
a     108     118     113700
a     109     220        842
a     109     110     113700
a     109     108     113700
a     109     119     113700
a     110     244       1108
a     110     109     113700
a     110     120     113700
a     111     267       1066
a     111     112     113700
a     111     121     113700
a     111     101     113700
a     112     282        231
a     112     113     113700
a     112     111     113700
a     112     122     113700
a     112     102     113700
a     113     253        372
a     113     114     113700
a     113     112     113700
a     113     123     113700
a     113     103     113700
a     114     216        401
a     114     115     113700
a     114     113     113700
a     114     124     113700
a     114     104     113700
a     115     213        780
a     115     116     113700
a     115     114     113700
a     115     125     113700
a     115     105     113700
a     116     237        934
a     116     117     113700
a     116     115     113700
a     116     126     113700
a     116     106     113700
a     117     232        550
a     117     118     113700
a     117     116     113700
a     117     127     113700
a     117     107     113700
a     118     205        465
a     118     119     113700
a     118     117     113700
a     118     128     113700
a     118     108     113700
a     119     243        435
a     119     120     113700
a     119     118     113700
a     119     129     113700
a     119     109     113700
a     120     295        879
a     120     119     113700
a     120     130     113700
a     120     110     113700
a     121     262        239
a     121     122     113700
a     121     131     113700
a     121     111     113700
a     122     298        311
a     122     123     113700
a     122     121     113700
a     122     132     113700
a     122     112     113700
a     123     283        245
a     123     124     113700
a     123     122     113700
a     123     133     113700
a     123     113     113700
a     124     212        728
a     124     125     113700
a     124     123     113700
a     124     134     113700
a     124     114     113700
a     125     203        664
a     125     126     113700
a     125     124     113700
a     125     135     113700
a     125     115     113700
a     126     289        875
a     126     127     113700
a     126     125     113700
a     126     136     113700
a     126     116     113700
a     127     274        774
a     127     128     113700
a     127     126     113700
a     127     137     113700
a     127     117     113700
a     128     234        295
a     128     129     113700
a     128     127     113700
a     128     138     113700
a     128     118     113700
a     129     226       1130
a     129     130     113700
a     129     128     113700
a     129     139     113700
a     129     119     113700
a     130     261        381
a     130     129     113700
a     130     140     113700
a     130     120     113700
a     131     247        417
a     131     132     113700
a     131     141     113700
a     131     121     113700
a     132     270        886
a     132     133     113700
a     132     131     113700
a     132     142     113700
a     132     122     113700
a     133     249        702
a     133     134     113700
a     133     132     113700
a     133     143     113700
a     133     123     113700
a     134     260        720
a     134     135     113700
a     134     133     113700
a     134     144     113700
a     134     124     113700
a     135     271        484
a     135     136     113700
a     135     134     113700
a     135     145     113700
a     135     125     113700
a     136     242        183
a     136     137     113700
a     136     135     113700
a     136     146     113700
a     136     126     113700
a     137     215        693
a     137     138     113700
a     137     136     113700
a     137     147     113700
a     137     127     113700
a     138     263        204
a     138     139     113700
a     138     137     113700
a     138     148     113700
a     138     128     113700
a     139     258        891
a     139     140     113700
a     139     138     113700
a     139     149     113700
a     139     129     113700
a     140     284        974
a     140     139     113700
a     140     150     113700
a     140     130     113700
a     141     241        932
a     141     142     113700
a     141     151     113700
a     141     131     113700
a     142     288        551
a     142     143     113700
a     142     141     113700
a     142     152     113700
a     142     132     113700
a     143     219        639
a     143     144     113700
a     143     142     113700
a     143     153     113700
a     143     133     113700
a     144     204        341
a     144     145     113700
a     144     143     113700
a     144     154     113700
a     144     134     113700
a     145     223        977
a     145     146     113700
a     145     144     113700
a     145     155     113700
a     145     135     113700
a     146     225        870
a     146     147     113700
a     146     145     113700
a     146     156     113700
a     146     136     113700
a     147     265       1016
a     147     148     113700
a     147     146     113700
a     147     157     113700
a     147     137     113700
a     148     285        580
a     148     149     113700
a     148     147     113700
a     148     158     113700
a     148     138     113700
a     149     228        991
a     149     150     113700
a     149     148     113700
a     149     159     113700
a     149     139     113700
a     150     201        206
a     150     149     113700
a     150     160     113700
a     150     140     113700
a     151     297        621
a     151     152     113700
a     151     161     113700
a     151     141     113700
a     152     255        315
a     152     153     113700
a     152     151     113700
a     152     162     113700
a     152     142     113700
a     153     245       1062
a     153     154     113700
a     153     152     113700
a     153     163     113700
a     153     143     113700
a     154     236        904
a     154     155     113700
a     154     153     113700
a     154     164     113700
a     154     144     113700
a     155     202        134
a     155     156     113700
a     155     154     113700
a     155     165     113700
a     155     145     113700
a     156     235        450
a     156     157     113700
a     156     155     113700
a     156     166     113700
a     156     146     113700
a     157     210       1050
a     157     158     113700
a     157     156     113700
a     157     167     113700
a     157     147     113700
a     158     217        960
a     158     159     113700
a     158     157     113700
a     158     168     113700
a     158     148     113700
a     159     206        127
a     159     160     113700
a     159     158     113700
a     159     169     113700
a     159     149     113700
a     160     273        625
a     160     159     113700
a     160     170     113700
a     160     150     113700
a     161     238        562
a     161     162     113700
a     161     171     113700
a     161     151     113700
a     162     264        617
a     162     163     113700
a     162     161     113700
a     162     172     113700
a     162     152     113700
a     163     287       1016
a     163     164     113700
a     163     162     113700
a     163     173     113700
a     163     153     113700
a     164     246        341
a     164     165     113700
a     164     163     113700
a     164     174     113700
a     164     154     113700
a     165     227        360
a     165     166     113700
a     165     164     113700
a     165     175     113700
a     165     155     113700
a     166     269        872
a     166     167     113700
a     166     165     113700
a     166     176     113700
a     166     156     113700
a     167     256        468
a     167     168     113700
a     167     166     113700
a     167     177     113700
a     167     157     113700
a     168     248       1015
a     168     169     113700
a     168     167     113700
a     168     178     113700
a     168     158     113700
a     169     281        525
a     169     170     113700
a     169     168     113700
a     169     179     113700
a     169     159     113700
a     170     214        939
a     170     169     113700
a     170     180     113700
a     170     160     113700
a     171     254       1025
a     171     172     113700
a     171     181     113700
a     171     161     113700
a     172     279        810
a     172     173     113700
a     172     171     113700
a     172     182     113700
a     172     162     113700
a     173     239        890
a     173     174     113700
a     173     172     113700
a     173     183     113700
a     173     163     113700
a     174     278        117
a     174     175     113700
a     174     173     113700
a     174     184     113700
a     174     164     113700
a     175     275        627
a     175     176     113700
a     175     174     113700
a     175     185     113700
a     175     165     113700
a     176     240        241
a     176     177     113700
a     176     175     113700
a     176     186     113700
a     176     166     113700
a     177     250        338
a     177     178     113700
a     177     176     113700
a     177     187     113700
a     177     167     113700
a     178     292        267
a     178     179     113700
a     178     177     113700
a     178     188     113700
a     178     168     113700
a     179     280        524
a     179     180     113700
a     179     178     113700
a     179     189     113700
a     179     169     113700
a     180     207        500
a     180     179     113700
a     180     190     113700
a     180     170     113700
a     181     291        486
a     181     182     113700
a     181     191     113700
a     181     171     113700
a     182     286        704
a     182     183     113700
a     182     181     113700
a     182     192     113700
a     182     172     113700
a     183     222        472
a     183     184     113700
a     183     182     113700
a     183     193     113700
a     183     173     113700
a     184     293        654
a     184     185     113700
a     184     183     113700
a     184     194     113700
a     184     174     113700
a     185     272        475
a     185     186     113700
a     185     184     113700
a     185     195     113700
a     185     175     113700
a     186     231        136
a     186     187     113700
a     186     185     113700
a     186     196     113700
a     186     176     113700
a     187     300        883
a     187     188     113700
a     187     186     113700
a     187     197     113700
a     187     177     113700
a     188     268        939
a     188     189     113700
a     188     187     113700
a     188     198     113700
a     188     178     113700
a     189     209        839
a     189     190     113700
a     189     188     113700
a     189     199     113700
a     189     179     113700
a     190     294        351
a     190     189     113700
a     190     200     113700
a     190     180     113700
a     191     229        222
a     191     192     113700
a     191     181     113700
a     192     224        802
a     192     193     113700
a     192     191     113700
a     192     182     113700
a     193     221        528
a     193     194     113700
a     193     192     113700
a     193     183     113700
a     194     233        841
a     194     195     113700
a     194     193     113700
a     194     184     113700
a     195     296       1053
a     195     196     113700
a     195     194     113700
a     195     185     113700
a     196     208        432
a     196     197     113700
a     196     195     113700
a     196     186     113700
a     197     218        801
a     197     198     113700
a     197     196     113700
a     197     187     113700
a     198     266        228
a     198     199     113700
a     198     197     113700
a     198     188     113700
a     199     252        967
a     199     200     113700
a     199     198     113700
a     199     189     113700
a     200     276        585
a     200     199     113700
a     200     190     113700
a     201     310        653
a     201     202     113700
a     201     211     113700
a     202     311        831
a     202     203     113700
a     202     201     113700
a     202     212     113700
a     203     306        640
a     203     204     113700
a     203     202     113700
a     203     213     113700
a     204     377        978
a     204     205     113700
a     204     203     113700
a     204     214     113700
a     205     351        819
a     205     206     113700
a     205     204     113700
a     205     215     113700
a     206     313        181
a     206     207     113700
a     206     205     113700
a     206     216     113700
a     207     307       1127
a     207     208     113700
a     207     206     113700
a     207     217     113700
a     208     323        361
a     208     209     113700
a     208     207     113700
a     208     218     113700
a     209     330        483
a     209     210     113700
a     209     208     113700
a     209     219     113700
a     210     394        439
a     210     209     113700
a     210     220     113700
a     211     368       1071
a     211     212     113700
a     211     221     113700
a     211     201     113700
a     212     312        858
a     212     213     113700
a     212     211     113700
a     212     222     113700
a     212     202     113700
a     213     387        979
a     213     214     113700
a     213     212     113700
a     213     223     113700
a     213     203     113700
a     214     331        856
a     214     215     113700
a     214     213     113700
a     214     224     113700
a     214     204     113700
a     215     302        619
a     215     216     113700
a     215     214     113700
a     215     225     113700
a     215     205     113700
a     216     376        325
a     216     217     113700
a     216     215     113700
a     216     226     113700
a     216     206     113700
a     217     339        865
a     217     218     113700
a     217     216     113700
a     217     227     113700
a     217     207     113700
a     218     305        623
a     218     219     113700
a     218     217     113700
a     218     228     113700
a     218     208     113700
a     219     398        330
a     219     220     113700
a     219     218     113700
a     219     229     113700
a     219     209     113700
a     220     400        546
a     220     219     113700
a     220     230     113700
a     220     210     113700
a     221     320        307
a     221     222     113700
a     221     231     113700
a     221     211     113700
a     222     399       1035
a     222     223     113700
a     222     221     113700
a     222     232     113700
a     222     212     113700
a     223     304        666
a     223     224     113700
a     223     222     113700
a     223     233     113700
a     223     213     113700
a     224     379       1021
a     224     225     113700
a     224     223     113700
a     224     234     113700
a     224     214     113700
a     225     316        690
a     225     226     113700
a     225     224     113700
a     225     235     113700
a     225     215     113700
a     226     324        336
a     226     227     113700
a     226     225     113700
a     226     236     113700
a     226     216     113700
a     227     354        427
a     227     228     113700
a     227     226     113700
a     227     237     113700
a     227     217     113700
a     228     361        725
a     228     229     113700
a     228     227     113700
a     228     238     113700
a     228     218     113700
a     229     353        459
a     229     230     113700
a     229     228     113700
a     229     239     113700
a     229     219     113700
a     230     356        897
a     230     229     113700
a     230     240     113700
a     230     220     113700
a     231     364        203
a     231     232     113700
a     231     241     113700
a     231     221     113700
a     232     366        637
a     232     233     113700
a     232     231     113700
a     232     242     113700
a     232     222     113700
a     233     370        889
a     233     234     113700
a     233     232     113700
a     233     243     113700
a     233     223     113700
a     234     303        537
a     234     235     113700
a     234     233     113700
a     234     244     113700
a     234     224     113700
a     235     389        745
a     235     236     113700
a     235     234     113700
a     235     245     113700
a     235     225     113700
a     236     357        720
a     236     237     113700
a     236     235     113700
a     236     246     113700
a     236     226     113700
a     237     378        293
a     237     238     113700
a     237     236     113700
a     237     247     113700
a     237     227     113700
a     238     363        212
a     238     239     113700
a     238     237     113700
a     238     248     113700
a     238     228     113700
a     239     396        298
a     239     240     113700
a     239     238     113700
a     239     249     113700
a     239     229     113700
a     240     329        333
a     240     239     113700
a     240     250     113700
a     240     230     113700
a     241     308        144
a     241     242     113700
a     241     251     113700
a     241     231     113700
a     242     350        637
a     242     243     113700
a     242     241     113700
a     242     252     113700
a     242     232     113700
a     243     386       1045
a     243     244     113700
a     243     242     113700
a     243     253     113700
a     243     233     113700
a     244     381        134
a     244     245     113700
a     244     243     113700
a     244     254     113700
a     244     234     113700
a     245     393        757
a     245     246     113700
a     245     244     113700
a     245     255     113700
a     245     235     113700
a     246     334        774
a     246     247     113700
a     246     245     113700
a     246     256     113700
a     246     236     113700
a     247     301        773
a     247     248     113700
a     247     246     113700
a     247     257     113700
a     247     237     113700
a     248     392        289
a     248     249     113700
a     248     247     113700
a     248     258     113700
a     248     238     113700
a     249     384       1066
a     249     250     113700
a     249     248     113700
a     249     259     113700
a     249     239     113700
a     250     371        667
a     250     249     113700
a     250     260     113700
a     250     240     113700
a     251     319        958
a     251     252     113700
a     251     261     113700
a     251     241     113700
a     252     309        715
a     252     253     113700
a     252     251     113700
a     252     262     113700
a     252     242     113700
a     253     380        215
a     253     254     113700
a     253     252     113700
a     253     263     113700
a     253     243     113700
a     254     344       1030
a     254     255     113700
a     254     253     113700
a     254     264     113700
a     254     244     113700
a     255     397        285
a     255     256     113700
a     255     254     113700
a     255     265     113700
a     255     245     113700
a     256     336        773
a     256     257     113700
a     256     255     113700
a     256     266     113700
a     256     246     113700
a     257     358        590
a     257     258     113700
a     257     256     113700
a     257     267     113700
a     257     247     113700
a     258     346        214
a     258     259     113700
a     258     257     113700
a     258     268     113700
a     258     248     113700
a     259     327        760
a     259     260     113700
a     259     258     113700
a     259     269     113700
a     259     249     113700
a     260     321        338
a     260     259     113700
a     260     270     113700
a     260     250     113700
a     261     328        355
a     261     262     113700
a     261     271     113700
a     261     251     113700
a     262     369        377
a     262     263     113700
a     262     261     113700
a     262     272     113700
a     262     252     113700
a     263     388        905
a     263     264     113700
a     263     262     113700
a     263     273     113700
a     263     253     113700
a     264     372        841
a     264     265     113700
a     264     263     113700
a     264     274     113700
a     264     254     113700
a     265     317       1074
a     265     266     113700
a     265     264     113700
a     265     275     113700
a     265     255     113700
a     266     338        887
a     266     267     113700
a     266     265     113700
a     266     276     113700
a     266     256     113700
a     267     341        685
a     267     268     113700
a     267     266     113700
a     267     277     113700
a     267     257     113700
a     268     326        975
a     268     269     113700
a     268     267     113700
a     268     278     113700
a     268     258     113700
a     269     332        466
a     269     270     113700
a     269     268     113700
a     269     279     113700
a     269     259     113700
a     270     362        377
a     270     269     113700
a     270     280     113700
a     270     260     113700
a     271     342        578
a     271     272     113700
a     271     281     113700
a     271     261     113700
a     272     374        215
a     272     273     113700
a     272     271     113700
a     272     282     113700
a     272     262     113700
a     273     359       1114
a     273     274     113700
a     273     272     113700
a     273     283     113700
a     273     263     113700
a     274     382        601
a     274     275     113700
a     274     273     113700
a     274     284     113700
a     274     264     113700
a     275     333        322
a     275     276     113700
a     275     274     113700
a     275     285     113700
a     275     265     113700
a     276     355        483
a     276     277     113700
a     276     275     113700
a     276     286     113700
a     276     266     113700
a     277     343        377
a     277     278     113700
a     277     276     113700
a     277     287     113700
a     277     267     113700
a     278     395       1130
a     278     279     113700
a     278     277     113700
a     278     288     113700
a     278     268     113700
a     279     385        722
a     279     280     113700
a     279     278     113700
a     279     289     113700
a     279     269     113700
a     280     348        639
a     280     279     113700
a     280     290     113700
a     280     270     113700
a     281     365        682
a     281     282     113700
a     281     291     113700
a     281     271     113700
a     282     347        459
a     282     283     113700
a     282     281     113700
a     282     292     113700
a     282     272     113700
a     283     335        369
a     283     284     113700
a     283     282     113700
a     283     293     113700
a     283     273     113700
a     284     349        618
a     284     285     113700
a     284     283     113700
a     284     294     113700
a     284     274     113700
a     285     391        823
a     285     286     113700
a     285     284     113700
a     285     295     113700
a     285     275     113700
a     286     345       1136
a     286     287     113700
a     286     285     113700
a     286     296     113700
a     286     276     113700
a     287     315        757
a     287     288     113700
a     287     286     113700
a     287     297     113700
a     287     277     113700
a     288     360        433
a     288     289     113700
a     288     287     113700
a     288     298     113700
a     288     278     113700
a     289     383        908
a     289     290     113700
a     289     288     113700
a     289     299     113700
a     289     279     113700
a     290     390        173
a     290     289     113700
a     290     300     113700
a     290     280     113700
a     291     314       1076
a     291     292     113700
a     291     281     113700
a     292     373        184
a     292     293     113700
a     292     291     113700
a     292     282     113700
a     293     340        321
a     293     294     113700
a     293     292     113700
a     293     283     113700
a     294     318        784
a     294     295     113700
a     294     293     113700
a     294     284     113700
a     295     352        414
a     295     296     113700
a     295     294     113700
a     295     285     113700
a     296     367        355
a     296     297     113700
a     296     295     113700
a     296     286     113700
a     297     322        610
a     297     298     113700
a     297     296     113700
a     297     287     113700
a     298     375       1028
a     298     299     113700
a     298     297     113700
a     298     288     113700
a     299     337        680
a     299     300     113700
a     299     298     113700
a     299     289     113700
a     300     325        541
a     300     299     113700
a     300     290     113700
a     301     302     113700
a     301     311     113700
a     302     303     113700
a     302     301     113700
a     302     312     113700
a     303     304     113700
a     303     302     113700
a     303     313     113700
a     304     305     113700
a     304     303     113700
a     304     314     113700
a     305     306     113700
a     305     304     113700
a     305     315     113700
a     306     307     113700
a     306     305     113700
a     306     316     113700
a     307     308     113700
a     307     306     113700
a     307     317     113700
a     308     309     113700
a     308     307     113700
a     308     318     113700
a     309     310     113700
a     309     308     113700
a     309     319     113700
a     310     309     113700
a     310     320     113700
a     311     312     113700
a     311     321     113700
a     311     301     113700
a     312     313     113700
a     312     311     113700
a     312     322     113700
a     312     302     113700
a     313     314     113700
a     313     312     113700
a     313     323     113700
a     313     303     113700
a     314     315     113700
a     314     313     113700
a     314     324     113700
a     314     304     113700
a     315     316     113700
a     315     314     113700
a     315     325     113700
a     315     305     113700
a     316     317     113700
a     316     315     113700
a     316     326     113700
a     316     306     113700
a     317     318     113700
a     317     316     113700
a     317     327     113700
a     317     307     113700
a     318     319     113700
a     318     317     113700
a     318     328     113700
a     318     308     113700
a     319     320     113700
a     319     318     113700
a     319     329     113700
a     319     309     113700
a     320     319     113700
a     320     330     113700
a     320     310     113700
a     321     322     113700
a     321     331     113700
a     321     311     113700
a     322     323     113700
a     322     321     113700
a     322     332     113700
a     322     312     113700
a     323     324     113700
a     323     322     113700
a     323     333     113700
a     323     313     113700
a     324     325     113700
a     324     323     113700
a     324     334     113700
a     324     314     113700
a     325     326     113700
a     325     324     113700
a     325     335     113700
a     325     315     113700
a     326     327     113700
a     326     325     113700
a     326     336     113700
a     326     316     113700
a     327     328     113700
a     327     326     113700
a     327     337     113700
a     327     317     113700
a     328     329     113700
a     328     327     113700
a     328     338     113700
a     328     318     113700
a     329     330     113700
a     329     328     113700
a     329     339     113700
a     329     319     113700
a     330     329     113700
a     330     340     113700
a     330     320     113700
a     331     332     113700
a     331     341     113700
a     331     321     113700
a     332     333     113700
a     332     331     113700
a     332     342     113700
a     332     322     113700
a     333     334     113700
a     333     332     113700
a     333     343     113700
a     333     323     113700
a     334     335     113700
a     334     333     113700
a     334     344     113700
a     334     324     113700
a     335     336     113700
a     335     334     113700
a     335     345     113700
a     335     325     113700
a     336     337     113700
a     336     335     113700
a     336     346     113700
a     336     326     113700
a     337     338     113700
a     337     336     113700
a     337     347     113700
a     337     327     113700
a     338     339     113700
a     338     337     113700
a     338     348     113700
a     338     328     113700
a     339     340     113700
a     339     338     113700
a     339     349     113700
a     339     329     113700
a     340     339     113700
a     340     350     113700
a     340     330     113700
a     341     342     113700
a     341     351     113700
a     341     331     113700
a     342     343     113700
a     342     341     113700
a     342     352     113700
a     342     332     113700
a     343     344     113700
a     343     342     113700
a     343     353     113700
a     343     333     113700
a     344     345     113700
a     344     343     113700
a     344     354     113700
a     344     334     113700
a     345     346     113700
a     345     344     113700
a     345     355     113700
a     345     335     113700
a     346     347     113700
a     346     345     113700
a     346     356     113700
a     346     336     113700
a     347     348     113700
a     347     346     113700
a     347     357     113700
a     347     337     113700
a     348     349     113700
a     348     347     113700
a     348     358     113700
a     348     338     113700
a     349     350     113700
a     349     348     113700
a     349     359     113700
a     349     339     113700
a     350     349     113700
a     350     360     113700
a     350     340     113700
a     351     352     113700
a     351     361     113700
a     351     341     113700
a     352     353     113700
a     352     351     113700
a     352     362     113700
a     352     342     113700
a     353     354     113700
a     353     352     113700
a     353     363     113700
a     353     343     113700
a     354     355     113700
a     354     353     113700
a     354     364     113700
a     354     344     113700
a     355     356     113700
a     355     354     113700
a     355     365     113700
a     355     345     113700
a     356     357     113700
a     356     355     113700
a     356     366     113700
a     356     346     113700
a     357     358     113700
a     357     356     113700
a     357     367     113700
a     357     347     113700
a     358     359     113700
a     358     357     113700
a     358     368     113700
a     358     348     113700
a     359     360     113700
a     359     358     113700
a     359     369     113700
a     359     349     113700
a     360     359     113700
a     360     370     113700
a     360     350     113700
a     361     362     113700
a     361     371     113700
a     361     351     113700
a     362     363     113700
a     362     361     113700
a     362     372     113700
a     362     352     113700
a     363     364     113700
a     363     362     113700
a     363     373     113700
a     363     353     113700
a     364     365     113700
a     364     363     113700
a     364     374     113700
a     364     354     113700
a     365     366     113700
a     365     364     113700
a     365     375     113700
a     365     355     113700
a     366     367     113700
a     366     365     113700
a     366     376     113700
a     366     356     113700
a     367     368     113700
a     367     366     113700
a     367     377     113700
a     367     357     113700
a     368     369     113700
a     368     367     113700
a     368     378     113700
a     368     358     113700
a     369     370     113700
a     369     368     113700
a     369     379     113700
a     369     359     113700
a     370     369     113700
a     370     380     113700
a     370     360     113700
a     371     372     113700
a     371     381     113700
a     371     361     113700
a     372     373     113700
a     372     371     113700
a     372     382     113700
a     372     362     113700
a     373     374     113700
a     373     372     113700
a     373     383     113700
a     373     363     113700
a     374     375     113700
a     374     373     113700
a     374     384     113700
a     374     364     113700
a     375     376     113700
a     375     374     113700
a     375     385     113700
a     375     365     113700
a     376     377     113700
a     376     375     113700
a     376     386     113700
a     376     366     113700
a     377     378     113700
a     377     376     113700
a     377     387     113700
a     377     367     113700
a     378     379     113700
a     378     377     113700
a     378     388     113700
a     378     368     113700
a     379     380     113700
a     379     378     113700
a     379     389     113700
a     379     369     113700
a     380     379     113700
a     380     390     113700
a     380     370     113700
a     381     382     113700
a     381     391     113700
a     381     371     113700
a     382     383     113700
a     382     381     113700
a     382     392     113700
a     382     372     113700
a     383     384     113700
a     383     382     113700
a     383     393     113700
a     383     373     113700
a     384     385     113700
a     384     383     113700
a     384     394     113700
a     384     374     113700
a     385     386     113700
a     385     384     113700
a     385     395     113700
a     385     375     113700
a     386     387     113700
a     386     385     113700
a     386     396     113700
a     386     376     113700
a     387     388     113700
a     387     386     113700
a     387     397     113700
a     387     377     113700
a     388     389     113700
a     388     387     113700
a     388     398     113700
a     388     378     113700
a     389     390     113700
a     389     388     113700
a     389     399     113700
a     389     379     113700
a     390     389     113700
a     390     400     113700
a     390     380     113700
a     391     392     113700
a     391     381     113700
a     392     393     113700
a     392     391     113700
a     392     382     113700
a     393     394     113700
a     393     392     113700
a     393     383     113700
a     394     395     113700
a     394     393     113700
a     394     384     113700
a     395     396     113700
a     395     394     113700
a     395     385     113700
a     396     397     113700
a     396     395     113700
a     396     386     113700
a     397     398     113700
a     397     396     113700
a     397     387     113700
a     398     399     113700
a     398     397     113700
a     398     388     113700
a     399     400     113700
a     399     398     113700
a     399     389     113700
a     400     399     113700
a     400     390     113700
