c This file was generated by genrmf.
c The parameters are: a: 5 b: 10 c1: 195 c2: 1564 seed: 1666103673
p max     250       1025
n       1 s
n     250 t
a       1      28       1538
a       1       2      39100
a       1       6      39100
a       2      31       1083
a       2       3      39100
a       2       1      39100
a       2       7      39100
a       3      27        768
a       3       4      39100
a       3       2      39100
a       3       8      39100
a       4      46        399
a       4       5      39100
a       4       3      39100
a       4       9      39100
a       5      29       1200
a       5       4      39100
a       5      10      39100
a       6      43        435
a       6       7      39100
a       6      11      39100
a       6       1      39100
a       7      41        636
a       7       8      39100
a       7       6      39100
a       7      12      39100
a       7       2      39100
a       8      33       1306
a       8       9      39100
a       8       7      39100
a       8      13      39100
a       8       3      39100
a       9      47       1037
a       9      10      39100
a       9       8      39100
a       9      14      39100
a       9       4      39100
a      10      40        451
a      10       9      39100
a      10      15      39100
a      10       5      39100
a      11      34        480
a      11      12      39100
a      11      16      39100
a      11       6      39100
a      12      42        641
a      12      13      39100
a      12      11      39100
a      12      17      39100
a      12       7      39100
a      13      32        281
a      13      14      39100
a      13      12      39100
a      13      18      39100
a      13       8      39100
a      14      48       1387
a      14      15      39100
a      14      13      39100
a      14      19      39100
a      14       9      39100
a      15      49        644
a      15      14      39100
a      15      20      39100
a      15      10      39100
a      16      38        932
a      16      17      39100
a      16      21      39100
a      16      11      39100
a      17      44       1308
a      17      18      39100
a      17      16      39100
a      17      22      39100
a      17      12      39100
a      18      50        246
a      18      19      39100
a      18      17      39100
a      18      23      39100
a      18      13      39100
a      19      36       1192
a      19      20      39100
a      19      18      39100
a      19      24      39100
a      19      14      39100
a      20      30       1056
a      20      19      39100
a      20      25      39100
a      20      15      39100
a      21      45        325
a      21      22      39100
a      21      16      39100
a      22      35       1202
a      22      23      39100
a      22      21      39100
a      22      17      39100
a      23      37        687
a      23      24      39100
a      23      22      39100
a      23      18      39100
a      24      39       1488
a      24      25      39100
a      24      23      39100
a      24      19      39100
a      25      26        699
a      25      24      39100
a      25      20      39100
a      26      67       1506
a      26      27      39100
a      26      31      39100
a      27      66       1292
a      27      28      39100
a      27      26      39100
a      27      32      39100
a      28      56        977
a      28      29      39100
a      28      27      39100
a      28      33      39100
a      29      59       1536
a      29      30      39100
a      29      28      39100
a      29      34      39100
a      30      57        251
a      30      29      39100
a      30      35      39100
a      31      51       1536
a      31      32      39100
a      31      36      39100
a      31      26      39100
a      32      70        284
a      32      33      39100
a      32      31      39100
a      32      37      39100
a      32      27      39100
a      33      69       1203
a      33      34      39100
a      33      32      39100
a      33      38      39100
a      33      28      39100
a      34      72        987
a      34      35      39100
a      34      33      39100
a      34      39      39100
a      34      29      39100
a      35      52       1553
a      35      34      39100
a      35      40      39100
a      35      30      39100
a      36      55        298
a      36      37      39100
a      36      41      39100
a      36      31      39100
a      37      75       1057
a      37      38      39100
a      37      36      39100
a      37      42      39100
a      37      32      39100
a      38      54       1094
a      38      39      39100
a      38      37      39100
a      38      43      39100
a      38      33      39100
a      39      61       1456
a      39      40      39100
a      39      38      39100
a      39      44      39100
a      39      34      39100
a      40      63       1466
a      40      39      39100
a      40      45      39100
a      40      35      39100
a      41      73       1285
a      41      42      39100
a      41      46      39100
a      41      36      39100
a      42      53        652
a      42      43      39100
a      42      41      39100
a      42      47      39100
a      42      37      39100
a      43      74        339
a      43      44      39100
a      43      42      39100
a      43      48      39100
a      43      38      39100
a      44      68        361
a      44      45      39100
a      44      43      39100
a      44      49      39100
a      44      39      39100
a      45      65       1063
a      45      44      39100
a      45      50      39100
a      45      40      39100
a      46      60        661
a      46      47      39100
a      46      41      39100
a      47      64        542
a      47      48      39100
a      47      46      39100
a      47      42      39100
a      48      71        441
a      48      49      39100
a      48      47      39100
a      48      43      39100
a      49      58        579
a      49      50      39100
a      49      48      39100
a      49      44      39100
a      50      62       1200
a      50      49      39100
a      50      45      39100
a      51      93        731
a      51      52      39100
a      51      56      39100
a      52      87       1477
a      52      53      39100
a      52      51      39100
a      52      57      39100
a      53      98        768
a      53      54      39100
a      53      52      39100
a      53      58      39100
a      54      86       1231
a      54      55      39100
a      54      53      39100
a      54      59      39100
a      55      89       1089
a      55      54      39100
a      55      60      39100
a      56      80        333
a      56      57      39100
a      56      61      39100
a      56      51      39100
a      57      95        420
a      57      58      39100
a      57      56      39100
a      57      62      39100
a      57      52      39100
a      58     100        483
a      58      59      39100
a      58      57      39100
a      58      63      39100
a      58      53      39100
a      59      78       1150
a      59      60      39100
a      59      58      39100
a      59      64      39100
a      59      54      39100
a      60      83        894
a      60      59      39100
a      60      65      39100
a      60      55      39100
a      61      92       1413
a      61      62      39100
a      61      66      39100
a      61      56      39100
a      62      97       1257
a      62      63      39100
a      62      61      39100
a      62      67      39100
a      62      57      39100
a      63      88        273
a      63      64      39100
a      63      62      39100
a      63      68      39100
a      63      58      39100
a      64      94        690
a      64      65      39100
a      64      63      39100
a      64      69      39100
a      64      59      39100
a      65      85       1022
a      65      64      39100
a      65      70      39100
a      65      60      39100
a      66      91        569
a      66      67      39100
a      66      71      39100
a      66      61      39100
a      67      90       1127
a      67      68      39100
a      67      66      39100
a      67      72      39100
a      67      62      39100
a      68      79       1219
a      68      69      39100
a      68      67      39100
a      68      73      39100
a      68      63      39100
a      69      81       1046
a      69      70      39100
a      69      68      39100
a      69      74      39100
a      69      64      39100
a      70      82       1221
a      70      69      39100
a      70      75      39100
a      70      65      39100
a      71      76        571
a      71      72      39100
a      71      66      39100
a      72      99       1241
a      72      73      39100
a      72      71      39100
a      72      67      39100
a      73      77        402
a      73      74      39100
a      73      72      39100
a      73      68      39100
a      74      84        949
a      74      75      39100
a      74      73      39100
a      74      69      39100
a      75      96       1024
a      75      74      39100
a      75      70      39100
a      76     111        588
a      76      77      39100
a      76      81      39100
a      77     109        974
a      77      78      39100
a      77      76      39100
a      77      82      39100
a      78     122       1427
a      78      79      39100
a      78      77      39100
a      78      83      39100
a      79     103        903
a      79      80      39100
a      79      78      39100
a      79      84      39100
a      80     121       1052
a      80      79      39100
a      80      85      39100
a      81     117        623
a      81      82      39100
a      81      86      39100
a      81      76      39100
a      82     123        589
a      82      83      39100
a      82      81      39100
a      82      87      39100
a      82      77      39100
a      83     110        762
a      83      84      39100
a      83      82      39100
a      83      88      39100
a      83      78      39100
a      84     125       1344
a      84      85      39100
a      84      83      39100
a      84      89      39100
a      84      79      39100
a      85     124        405
a      85      84      39100
a      85      90      39100
a      85      80      39100
a      86     120        599
a      86      87      39100
a      86      91      39100
a      86      81      39100
a      87     108        676
a      87      88      39100
a      87      86      39100
a      87      92      39100
a      87      82      39100
a      88     119       1545
a      88      89      39100
a      88      87      39100
a      88      93      39100
a      88      83      39100
a      89     114       1017
a      89      90      39100
a      89      88      39100
a      89      94      39100
a      89      84      39100
a      90     106        750
a      90      89      39100
a      90      95      39100
a      90      85      39100
a      91     115       1059
a      91      92      39100
a      91      96      39100
a      91      86      39100
a      92     102        211
a      92      93      39100
a      92      91      39100
a      92      97      39100
a      92      87      39100
a      93     107        707
a      93      94      39100
a      93      92      39100
a      93      98      39100
a      93      88      39100
a      94     112       1049
a      94      95      39100
a      94      93      39100
a      94      99      39100
a      94      89      39100
a      95     118        869
a      95      94      39100
a      95     100      39100
a      95      90      39100
a      96     104       1183
a      96      97      39100
a      96      91      39100
a      97     101        481
a      97      98      39100
a      97      96      39100
a      97      92      39100
a      98     113       1396
a      98      99      39100
a      98      97      39100
a      98      93      39100
a      99     116        239
a      99     100      39100
a      99      98      39100
a      99      94      39100
a     100     105       1089
a     100      99      39100
a     100      95      39100
a     101     128        649
a     101     102      39100
a     101     106      39100
a     102     137       1273
a     102     103      39100
a     102     101      39100
a     102     107      39100
a     103     147        515
a     103     104      39100
a     103     102      39100
a     103     108      39100
a     104     148        764
a     104     105      39100
a     104     103      39100
a     104     109      39100
a     105     135        487
a     105     104      39100
a     105     110      39100
a     106     143        462
a     106     107      39100
a     106     111      39100
a     106     101      39100
a     107     136       1480
a     107     108      39100
a     107     106      39100
a     107     112      39100
a     107     102      39100
a     108     132        271
a     108     109      39100
a     108     107      39100
a     108     113      39100
a     108     103      39100
a     109     133       1240
a     109     110      39100
a     109     108      39100
a     109     114      39100
a     109     104      39100
a     110     126       1214
a     110     109      39100
a     110     115      39100
a     110     105      39100
a     111     144        872
a     111     112      39100
a     111     116      39100
a     111     106      39100
a     112     145       1536
a     112     113      39100
a     112     111      39100
a     112     117      39100
a     112     107      39100
a     113     150        574
a     113     114      39100
a     113     112      39100
a     113     118      39100
a     113     108      39100
a     114     129        866
a     114     115      39100
a     114     113      39100
a     114     119      39100
a     114     109      39100
a     115     139        331
a     115     114      39100
a     115     120      39100
a     115     110      39100
a     116     146       1049
a     116     117      39100
a     116     121      39100
a     116     111      39100
a     117     141        717
a     117     118      39100
a     117     116      39100
a     117     122      39100
a     117     112      39100
a     118     130       1234
a     118     119      39100
a     118     117      39100
a     118     123      39100
a     118     113      39100
a     119     149       1330
a     119     120      39100
a     119     118      39100
a     119     124      39100
a     119     114      39100
a     120     142        998
a     120     119      39100
a     120     125      39100
a     120     115      39100
a     121     131        771
a     121     122      39100
a     121     116      39100
a     122     140       1211
a     122     123      39100
a     122     121      39100
a     122     117      39100
a     123     134        656
a     123     124      39100
a     123     122      39100
a     123     118      39100
a     124     138        353
a     124     125      39100
a     124     123      39100
a     124     119      39100
a     125     127        913
a     125     124      39100
a     125     120      39100
a     126     153        719
a     126     127      39100
a     126     131      39100
a     127     174       1535
a     127     128      39100
a     127     126      39100
a     127     132      39100
a     128     170        730
a     128     129      39100
a     128     127      39100
a     128     133      39100
a     129     168       1346
a     129     130      39100
a     129     128      39100
a     129     134      39100
a     130     172        512
a     130     129      39100
a     130     135      39100
a     131     156        947
a     131     132      39100
a     131     136      39100
a     131     126      39100
a     132     165        557
a     132     133      39100
a     132     131      39100
a     132     137      39100
a     132     127      39100
a     133     171        900
a     133     134      39100
a     133     132      39100
a     133     138      39100
a     133     128      39100
a     134     167       1081
a     134     135      39100
a     134     133      39100
a     134     139      39100
a     134     129      39100
a     135     158       1077
a     135     134      39100
a     135     140      39100
a     135     130      39100
a     136     159       1304
a     136     137      39100
a     136     141      39100
a     136     131      39100
a     137     151       1261
a     137     138      39100
a     137     136      39100
a     137     142      39100
a     137     132      39100
a     138     166       1283
a     138     139      39100
a     138     137      39100
a     138     143      39100
a     138     133      39100
a     139     155       1466
a     139     140      39100
a     139     138      39100
a     139     144      39100
a     139     134      39100
a     140     163        655
a     140     139      39100
a     140     145      39100
a     140     135      39100
a     141     162        725
a     141     142      39100
a     141     146      39100
a     141     136      39100
a     142     152       1262
a     142     143      39100
a     142     141      39100
a     142     147      39100
a     142     137      39100
a     143     169       1129
a     143     144      39100
a     143     142      39100
a     143     148      39100
a     143     138      39100
a     144     157       1037
a     144     145      39100
a     144     143      39100
a     144     149      39100
a     144     139      39100
a     145     164        879
a     145     144      39100
a     145     150      39100
a     145     140      39100
a     146     161        584
a     146     147      39100
a     146     141      39100
a     147     173       1123
a     147     148      39100
a     147     146      39100
a     147     142      39100
a     148     154        802
a     148     149      39100
a     148     147      39100
a     148     143      39100
a     149     160        939
a     149     150      39100
a     149     148      39100
a     149     144      39100
a     150     175        842
a     150     149      39100
a     150     145      39100
a     151     183        363
a     151     152      39100
a     151     156      39100
a     152     186        460
a     152     153      39100
a     152     151      39100
a     152     157      39100
a     153     179        372
a     153     154      39100
a     153     152      39100
a     153     158      39100
a     154     197       1017
a     154     155      39100
a     154     153      39100
a     154     159      39100
a     155     191        931
a     155     154      39100
a     155     160      39100
a     156     185       1213
a     156     157      39100
a     156     161      39100
a     156     151      39100
a     157     189       1079
a     157     158      39100
a     157     156      39100
a     157     162      39100
a     157     152      39100
a     158     188        439
a     158     159      39100
a     158     157      39100
a     158     163      39100
a     158     153      39100
a     159     194       1555
a     159     160      39100
a     159     158      39100
a     159     164      39100
a     159     154      39100
a     160     176        554
a     160     159      39100
a     160     165      39100
a     160     155      39100
a     161     177        601
a     161     162      39100
a     161     166      39100
a     161     156      39100
a     162     195       1228
a     162     163      39100
a     162     161      39100
a     162     167      39100
a     162     157      39100
a     163     198        982
a     163     164      39100
a     163     162      39100
a     163     168      39100
a     163     158      39100
a     164     200       1006
a     164     165      39100
a     164     163      39100
a     164     169      39100
a     164     159      39100
a     165     180        691
a     165     164      39100
a     165     170      39100
a     165     160      39100
a     166     184        289
a     166     167      39100
a     166     171      39100
a     166     161      39100
a     167     182        971
a     167     168      39100
a     167     166      39100
a     167     172      39100
a     167     162      39100
a     168     190        317
a     168     169      39100
a     168     167      39100
a     168     173      39100
a     168     163      39100
a     169     178       1235
a     169     170      39100
a     169     168      39100
a     169     174      39100
a     169     164      39100
a     170     181       1346
a     170     169      39100
a     170     175      39100
a     170     165      39100
a     171     187       1290
a     171     172      39100
a     171     166      39100
a     172     199        780
a     172     173      39100
a     172     171      39100
a     172     167      39100
a     173     193        899
a     173     174      39100
a     173     172      39100
a     173     168      39100
a     174     196        500
a     174     175      39100
a     174     173      39100
a     174     169      39100
a     175     192       1350
a     175     174      39100
a     175     170      39100
a     176     203       1299
a     176     177      39100
a     176     181      39100
a     177     218       1415
a     177     178      39100
a     177     176      39100
a     177     182      39100
a     178     223       1127
a     178     179      39100
a     178     177      39100
a     178     183      39100
a     179     224       1233
a     179     180      39100
a     179     178      39100
a     179     184      39100
a     180     210        200
a     180     179      39100
a     180     185      39100
a     181     205        883
a     181     182      39100
a     181     186      39100
a     181     176      39100
a     182     201        366
a     182     183      39100
a     182     181      39100
a     182     187      39100
a     182     177      39100
a     183     221        496
a     183     184      39100
a     183     182      39100
a     183     188      39100
a     183     178      39100
a     184     222        401
a     184     185      39100
a     184     183      39100
a     184     189      39100
a     184     179      39100
a     185     214        745
a     185     184      39100
a     185     190      39100
a     185     180      39100
a     186     216        713
a     186     187      39100
a     186     191      39100
a     186     181      39100
a     187     213        694
a     187     188      39100
a     187     186      39100
a     187     192      39100
a     187     182      39100
a     188     211        985
a     188     189      39100
a     188     187      39100
a     188     193      39100
a     188     183      39100
a     189     225        675
a     189     190      39100
a     189     188      39100
a     189     194      39100
a     189     184      39100
a     190     206        919
a     190     189      39100
a     190     195      39100
a     190     185      39100
a     191     202        679
a     191     192      39100
a     191     196      39100
a     191     186      39100
a     192     212        225
a     192     193      39100
a     192     191      39100
a     192     197      39100
a     192     187      39100
a     193     217       1225
a     193     194      39100
a     193     192      39100
a     193     198      39100
a     193     188      39100
a     194     209       1299
a     194     195      39100
a     194     193      39100
a     194     199      39100
a     194     189      39100
a     195     207       1165
a     195     194      39100
a     195     200      39100
a     195     190      39100
a     196     220        513
a     196     197      39100
a     196     191      39100
a     197     204        341
a     197     198      39100
a     197     196      39100
a     197     192      39100
a     198     215       1116
a     198     199      39100
a     198     197      39100
a     198     193      39100
a     199     208        750
a     199     200      39100
a     199     198      39100
a     199     194      39100
a     200     219       1168
a     200     199      39100
a     200     195      39100
a     201     240        259
a     201     202      39100
a     201     206      39100
a     202     247       1342
a     202     203      39100
a     202     201      39100
a     202     207      39100
a     203     242       1210
a     203     204      39100
a     203     202      39100
a     203     208      39100
a     204     230        610
a     204     205      39100
a     204     203      39100
a     204     209      39100
a     205     229        565
a     205     204      39100
a     205     210      39100
a     206     231       1050
a     206     207      39100
a     206     211      39100
a     206     201      39100
a     207     237       1307
a     207     208      39100
a     207     206      39100
a     207     212      39100
a     207     202      39100
a     208     246       1413
a     208     209      39100
a     208     207      39100
a     208     213      39100
a     208     203      39100
a     209     248       1025
a     209     210      39100
a     209     208      39100
a     209     214      39100
a     209     204      39100
a     210     239        248
a     210     209      39100
a     210     215      39100
a     210     205      39100
a     211     241        849
a     211     212      39100
a     211     216      39100
a     211     206      39100
a     212     236        913
a     212     213      39100
a     212     211      39100
a     212     217      39100
a     212     207      39100
a     213     228        809
a     213     214      39100
a     213     212      39100
a     213     218      39100
a     213     208      39100
a     214     243       1524
a     214     215      39100
a     214     213      39100
a     214     219      39100
a     214     209      39100
a     215     238       1514
a     215     214      39100
a     215     220      39100
a     215     210      39100
a     216     233       1276
a     216     217      39100
a     216     221      39100
a     216     211      39100
a     217     227       1397
a     217     218      39100
a     217     216      39100
a     217     222      39100
a     217     212      39100
a     218     234        602
a     218     219      39100
a     218     217      39100
a     218     223      39100
a     218     213      39100
a     219     249        999
a     219     220      39100
a     219     218      39100
a     219     224      39100
a     219     214      39100
a     220     226        207
a     220     219      39100
a     220     225      39100
a     220     215      39100
a     221     250       1432
a     221     222      39100
a     221     216      39100
a     222     244       1349
a     222     223      39100
a     222     221      39100
a     222     217      39100
a     223     235       1471
a     223     224      39100
a     223     222      39100
a     223     218      39100
a     224     232       1026
a     224     225      39100
a     224     223      39100
a     224     219      39100
a     225     245       1116
a     225     224      39100
a     225     220      39100
a     226     227      39100
a     226     231      39100
a     227     228      39100
a     227     226      39100
a     227     232      39100
a     228     229      39100
a     228     227      39100
a     228     233      39100
a     229     230      39100
a     229     228      39100
a     229     234      39100
a     230     229      39100
a     230     235      39100
a     231     232      39100
a     231     236      39100
a     231     226      39100
a     232     233      39100
a     232     231      39100
a     232     237      39100
a     232     227      39100
a     233     234      39100
a     233     232      39100
a     233     238      39100
a     233     228      39100
a     234     235      39100
a     234     233      39100
a     234     239      39100
a     234     229      39100
a     235     234      39100
a     235     240      39100
a     235     230      39100
a     236     237      39100
a     236     241      39100
a     236     231      39100
a     237     238      39100
a     237     236      39100
a     237     242      39100
a     237     232      39100
a     238     239      39100
a     238     237      39100
a     238     243      39100
a     238     233      39100
a     239     240      39100
a     239     238      39100
a     239     244      39100
a     239     234      39100
a     240     239      39100
a     240     245      39100
a     240     235      39100
a     241     242      39100
a     241     246      39100
a     241     236      39100
a     242     243      39100
a     242     241      39100
a     242     247      39100
a     242     237      39100
a     243     244      39100
a     243     242      39100
a     243     248      39100
a     243     238      39100
a     244     245      39100
a     244     243      39100
a     244     249      39100
a     244     239      39100
a     245     244      39100
a     245     250      39100
a     245     240      39100
a     246     247      39100
a     246     241      39100
a     247     248      39100
a     247     246      39100
a     247     242      39100
a     248     249      39100
a     248     247      39100
a     248     243      39100
a     249     250      39100
a     249     248      39100
a     249     244      39100
a     250     249      39100
a     250     245      39100
