c This file was generated by genrmf.
c The parameters are: a: 7 b: 7 c1: 36 c2: 146 seed: 1666103673
p max     343       1470
n       1 s
n     343 t
a       1      54         76
a       1       2       7154
a       1       8       7154
a       2      59         85
a       2       3       7154
a       2       1       7154
a       2       9       7154
a       3      51         60
a       3       4       7154
a       3       2       7154
a       3      10       7154
a       4      89         55
a       4       5       7154
a       4       3       7154
a       4      11       7154
a       5      53         73
a       5       6       7154
a       5       4       7154
a       5      12       7154
a       6      82         82
a       6       7       7154
a       6       5       7154
a       6      13       7154
a       7      76        141
a       7       6       7154
a       7      14       7154
a       8      58        119
a       8       9       7154
a       8      15       7154
a       8       1       7154
a       9      91         96
a       9      10       7154
a       9       8       7154
a       9      16       7154
a       9       2       7154
a      10      72         42
a      10      11       7154
a      10       9       7154
a      10      17       7154
a      10       3       7154
a      11      57        115
a      11      12       7154
a      11      10       7154
a      11      18       7154
a      11       4       7154
a      12      74        103
a      12      13       7154
a      12      11       7154
a      12      19       7154
a      12       5       7154
a      13      73         85
a      13      14       7154
a      13      12       7154
a      13      20       7154
a      13       6       7154
a      14      92         40
a      14      13       7154
a      14      21       7154
a      14       7       7154
a      15      94         84
a      15      16       7154
a      15      22       7154
a      15       8       7154
a      16      65         46
a      16      17       7154
a      16      15       7154
a      16      23       7154
a      16       9       7154
a      17      56         80
a      17      18       7154
a      17      16       7154
a      17      24       7154
a      17      10       7154
a      18      96         50
a      18      19       7154
a      18      17       7154
a      18      25       7154
a      18      11       7154
a      19      83         52
a      19      20       7154
a      19      18       7154
a      19      26       7154
a      19      12       7154
a      20      61        134
a      20      21       7154
a      20      19       7154
a      20      27       7154
a      20      13       7154
a      21      62         69
a      21      20       7154
a      21      28       7154
a      21      14       7154
a      22      86         70
a      22      23       7154
a      22      29       7154
a      22      15       7154
a      23      85        115
a      23      24       7154
a      23      22       7154
a      23      30       7154
a      23      16       7154
a      24      75         74
a      24      25       7154
a      24      23       7154
a      24      31       7154
a      24      17       7154
a      25      98        112
a      25      26       7154
a      25      24       7154
a      25      32       7154
a      25      18       7154
a      26      90        142
a      26      27       7154
a      26      25       7154
a      26      33       7154
a      26      19       7154
a      27      52        124
a      27      28       7154
a      27      26       7154
a      27      34       7154
a      27      20       7154
a      28      80         99
a      28      27       7154
a      28      35       7154
a      28      21       7154
a      29      93        144
a      29      30       7154
a      29      36       7154
a      29      22       7154
a      30      55         40
a      30      31       7154
a      30      29       7154
a      30      37       7154
a      30      23       7154
a      31      71        144
a      31      32       7154
a      31      30       7154
a      31      38       7154
a      31      24       7154
a      32      95         43
a      32      33       7154
a      32      31       7154
a      32      39       7154
a      32      25       7154
a      33      63        117
a      33      34       7154
a      33      32       7154
a      33      40       7154
a      33      26       7154
a      34      77        100
a      34      35       7154
a      34      33       7154
a      34      41       7154
a      34      27       7154
a      35      87        146
a      35      34       7154
a      35      42       7154
a      35      28       7154
a      36      50         44
a      36      37       7154
a      36      43       7154
a      36      29       7154
a      37      68        105
a      37      38       7154
a      37      36       7154
a      37      44       7154
a      37      30       7154
a      38      97        108
a      38      39       7154
a      38      37       7154
a      38      45       7154
a      38      31       7154
a      39      60        138
a      39      40       7154
a      39      38       7154
a      39      46       7154
a      39      32       7154
a      40      64        138
a      40      41       7154
a      40      39       7154
a      40      47       7154
a      40      33       7154
a      41      84        124
a      41      42       7154
a      41      40       7154
a      41      48       7154
a      41      34       7154
a      42      88         73
a      42      41       7154
a      42      49       7154
a      42      35       7154
a      43      70         47
a      43      44       7154
a      43      36       7154
a      44      67         49
a      44      45       7154
a      44      43       7154
a      44      37       7154
a      45      66        106
a      45      46       7154
a      45      44       7154
a      45      38       7154
a      46      79         73
a      46      47       7154
a      46      45       7154
a      46      39       7154
a      47      81         64
a      47      48       7154
a      47      46       7154
a      47      40       7154
a      48      69         55
a      48      49       7154
a      48      47       7154
a      48      41       7154
a      49      78         67
a      49      48       7154
a      49      42       7154
a      50      99         97
a      50      51       7154
a      50      57       7154
a      51     146        103
a      51      52       7154
a      51      50       7154
a      51      58       7154
a      52     127         52
a      52      53       7154
a      52      51       7154
a      52      59       7154
a      53     104        139
a      53      54       7154
a      53      52       7154
a      53      60       7154
a      54     139         81
a      54      55       7154
a      54      53       7154
a      54      61       7154
a      55     133         61
a      55      56       7154
a      55      54       7154
a      55      62       7154
a      56     145        146
a      56      55       7154
a      56      63       7154
a      57     121         69
a      57      58       7154
a      57      64       7154
a      57      50       7154
a      58     125         67
a      58      59       7154
a      58      57       7154
a      58      65       7154
a      58      51       7154
a      59     142         79
a      59      60       7154
a      59      58       7154
a      59      66       7154
a      59      52       7154
a      60     115         77
a      60      61       7154
a      60      59       7154
a      60      67       7154
a      60      53       7154
a      61     126        122
a      61      62       7154
a      61      60       7154
a      61      68       7154
a      61      54       7154
a      62     129         46
a      62      63       7154
a      62      61       7154
a      62      69       7154
a      62      55       7154
a      63     111        115
a      63      62       7154
a      63      70       7154
a      63      56       7154
a      64     124         52
a      64      65       7154
a      64      71       7154
a      64      57       7154
a      65     136        140
a      65      66       7154
a      65      64       7154
a      65      72       7154
a      65      58       7154
a      66     118         82
a      66      67       7154
a      66      65       7154
a      66      73       7154
a      66      59       7154
a      67     107         50
a      67      68       7154
a      67      66       7154
a      67      74       7154
a      67      60       7154
a      68     112        117
a      68      69       7154
a      68      67       7154
a      68      75       7154
a      68      61       7154
a      69     105         69
a      69      70       7154
a      69      68       7154
a      69      76       7154
a      69      62       7154
a      70     114        127
a      70      69       7154
a      70      77       7154
a      70      63       7154
a      71     106        115
a      71      72       7154
a      71      78       7154
a      71      64       7154
a      72     119        117
a      72      73       7154
a      72      71       7154
a      72      79       7154
a      72      65       7154
a      73     109        112
a      73      74       7154
a      73      72       7154
a      73      80       7154
a      73      66       7154
a      74     100        139
a      74      75       7154
a      74      73       7154
a      74      81       7154
a      74      67       7154
a      75     141        133
a      75      76       7154
a      75      74       7154
a      75      82       7154
a      75      68       7154
a      76     110         67
a      76      77       7154
a      76      75       7154
a      76      83       7154
a      76      69       7154
a      77     117         99
a      77      76       7154
a      77      84       7154
a      77      70       7154
a      78     116        135
a      78      79       7154
a      78      85       7154
a      78      71       7154
a      79     134         93
a      79      80       7154
a      79      78       7154
a      79      86       7154
a      79      72       7154
a      80     144        105
a      80      81       7154
a      80      79       7154
a      80      87       7154
a      80      73       7154
a      81     123         70
a      81      82       7154
a      81      80       7154
a      81      88       7154
a      81      74       7154
a      82     103         67
a      82      83       7154
a      82      81       7154
a      82      89       7154
a      82      75       7154
a      83     135         81
a      83      84       7154
a      83      82       7154
a      83      90       7154
a      83      76       7154
a      84     137        129
a      84      83       7154
a      84      91       7154
a      84      77       7154
a      85     101         53
a      85      86       7154
a      85      92       7154
a      85      78       7154
a      86     130         68
a      86      87       7154
a      86      85       7154
a      86      93       7154
a      86      79       7154
a      87     108         75
a      87      88       7154
a      87      86       7154
a      87      94       7154
a      87      80       7154
a      88     102        145
a      88      89       7154
a      88      87       7154
a      88      95       7154
a      88      81       7154
a      89     128        102
a      89      90       7154
a      89      88       7154
a      89      96       7154
a      89      82       7154
a      90     138         81
a      90      91       7154
a      90      89       7154
a      90      97       7154
a      90      83       7154
a      91     122        106
a      91      90       7154
a      91      98       7154
a      91      84       7154
a      92     132         37
a      92      93       7154
a      92      85       7154
a      93     143         77
a      93      94       7154
a      93      92       7154
a      93      86       7154
a      94     131        105
a      94      95       7154
a      94      93       7154
a      94      87       7154
a      95     140         90
a      95      96       7154
a      95      94       7154
a      95      88       7154
a      96     147        116
a      96      97       7154
a      96      95       7154
a      96      89       7154
a      97     120         59
a      97      98       7154
a      97      96       7154
a      97      90       7154
a      98     113        133
a      98      97       7154
a      98      91       7154
a      99     195         73
a      99     100       7154
a      99     106       7154
a     100     152         48
a     100     101       7154
a     100      99       7154
a     100     107       7154
a     101     174         94
a     101     102       7154
a     101     100       7154
a     101     108       7154
a     102     179         38
a     102     103       7154
a     102     101       7154
a     102     109       7154
a     103     182        116
a     103     104       7154
a     103     102       7154
a     103     110       7154
a     104     175         83
a     104     105       7154
a     104     103       7154
a     104     111       7154
a     105     160         51
a     105     104       7154
a     105     112       7154
a     106     153         75
a     106     107       7154
a     106     113       7154
a     106      99       7154
a     107     191        122
a     107     108       7154
a     107     106       7154
a     107     114       7154
a     107     100       7154
a     108     184        124
a     108     109       7154
a     108     107       7154
a     108     115       7154
a     108     101       7154
a     109     154         85
a     109     110       7154
a     109     108       7154
a     109     116       7154
a     109     102       7154
a     110     187        109
a     110     111       7154
a     110     109       7154
a     110     117       7154
a     110     103       7154
a     111     161        109
a     111     112       7154
a     111     110       7154
a     111     118       7154
a     111     104       7154
a     112     167        128
a     112     111       7154
a     112     119       7154
a     112     105       7154
a     113     173        104
a     113     114       7154
a     113     120       7154
a     113     106       7154
a     114     150         73
a     114     115       7154
a     114     113       7154
a     114     121       7154
a     114     107       7154
a     115     185         77
a     115     116       7154
a     115     114       7154
a     115     122       7154
a     115     108       7154
a     116     158        135
a     116     117       7154
a     116     115       7154
a     116     123       7154
a     116     109       7154
a     117     189         78
a     117     118       7154
a     117     116       7154
a     117     124       7154
a     117     110       7154
a     118     196        145
a     118     119       7154
a     118     117       7154
a     118     125       7154
a     118     111       7154
a     119     176        113
a     119     118       7154
a     119     126       7154
a     119     112       7154
a     120     156         41
a     120     121       7154
a     120     127       7154
a     120     113       7154
a     121     190        116
a     121     122       7154
a     121     120       7154
a     121     128       7154
a     121     114       7154
a     122     192         58
a     122     123       7154
a     122     121       7154
a     122     129       7154
a     122     115       7154
a     123     171         54
a     123     124       7154
a     123     122       7154
a     123     130       7154
a     123     116       7154
a     124     151         71
a     124     125       7154
a     124     123       7154
a     124     131       7154
a     124     117       7154
a     125     163         54
a     125     126       7154
a     125     124       7154
a     125     132       7154
a     125     118       7154
a     126     180         78
a     126     125       7154
a     126     133       7154
a     126     119       7154
a     127     148        144
a     127     128       7154
a     127     134       7154
a     127     120       7154
a     128     157         79
a     128     129       7154
a     128     127       7154
a     128     135       7154
a     128     121       7154
a     129     186        129
a     129     130       7154
a     129     128       7154
a     129     136       7154
a     129     122       7154
a     130     193         61
a     130     131       7154
a     130     129       7154
a     130     137       7154
a     130     123       7154
a     131     169         96
a     131     132       7154
a     131     130       7154
a     131     138       7154
a     131     124       7154
a     132     159         65
a     132     133       7154
a     132     131       7154
a     132     139       7154
a     132     125       7154
a     133     178         93
a     133     132       7154
a     133     140       7154
a     133     126       7154
a     134     172        107
a     134     135       7154
a     134     141       7154
a     134     127       7154
a     135     181        107
a     135     136       7154
a     135     134       7154
a     135     142       7154
a     135     128       7154
a     136     162        125
a     136     137       7154
a     136     135       7154
a     136     143       7154
a     136     129       7154
a     137     149        122
a     137     138       7154
a     137     136       7154
a     137     144       7154
a     137     130       7154
a     138     155        124
a     138     139       7154
a     138     137       7154
a     138     145       7154
a     138     131       7154
a     139     188        139
a     139     140       7154
a     139     138       7154
a     139     146       7154
a     139     132       7154
a     140     194         73
a     140     139       7154
a     140     147       7154
a     140     133       7154
a     141     166         78
a     141     142       7154
a     141     134       7154
a     142     165        122
a     142     143       7154
a     142     141       7154
a     142     135       7154
a     143     183        111
a     143     144       7154
a     143     142       7154
a     143     136       7154
a     144     177        104
a     144     145       7154
a     144     143       7154
a     144     137       7154
a     145     168         91
a     145     146       7154
a     145     144       7154
a     145     138       7154
a     146     170         67
a     146     147       7154
a     146     145       7154
a     146     139       7154
a     147     164        111
a     147     146       7154
a     147     140       7154
a     148     205         83
a     148     149       7154
a     148     155       7154
a     149     229         93
a     149     150       7154
a     149     148       7154
a     149     156       7154
a     150     220         60
a     150     151       7154
a     150     149       7154
a     150     157       7154
a     151     225        129
a     151     152       7154
a     151     150       7154
a     151     158       7154
a     152     204        118
a     152     153       7154
a     152     151       7154
a     152     159       7154
a     153     232        133
a     153     154       7154
a     153     152       7154
a     153     160       7154
a     154     240         86
a     154     153       7154
a     154     161       7154
a     155     223        131
a     155     156       7154
a     155     162       7154
a     155     148       7154
a     156     217         46
a     156     157       7154
a     156     155       7154
a     156     163       7154
a     156     149       7154
a     157     230         91
a     157     158       7154
a     157     156       7154
a     157     164       7154
a     157     150       7154
a     158     200         57
a     158     159       7154
a     158     157       7154
a     158     165       7154
a     158     151       7154
a     159     218        138
a     159     160       7154
a     159     158       7154
a     159     166       7154
a     159     152       7154
a     160     207        121
a     160     161       7154
a     160     159       7154
a     160     167       7154
a     160     153       7154
a     161     197         38
a     161     160       7154
a     161     168       7154
a     161     154       7154
a     162     214         72
a     162     163       7154
a     162     169       7154
a     162     155       7154
a     163     231        137
a     163     164       7154
a     163     162       7154
a     163     170       7154
a     163     156       7154
a     164     213        127
a     164     165       7154
a     164     163       7154
a     164     171       7154
a     164     157       7154
a     165     209         37
a     165     166       7154
a     165     164       7154
a     165     172       7154
a     165     158       7154
a     166     244         91
a     166     167       7154
a     166     165       7154
a     166     173       7154
a     166     159       7154
a     167     212         84
a     167     168       7154
a     167     166       7154
a     167     174       7154
a     167     160       7154
a     168     216         90
a     168     167       7154
a     168     175       7154
a     168     161       7154
a     169     199        133
a     169     170       7154
a     169     176       7154
a     169     162       7154
a     170     222         60
a     170     171       7154
a     170     169       7154
a     170     177       7154
a     170     163       7154
a     171     227         62
a     171     172       7154
a     171     170       7154
a     171     178       7154
a     171     164       7154
a     172     236        118
a     172     173       7154
a     172     171       7154
a     172     179       7154
a     172     165       7154
a     173     202         74
a     173     174       7154
a     173     172       7154
a     173     180       7154
a     173     166       7154
a     174     239        133
a     174     175       7154
a     174     173       7154
a     174     181       7154
a     174     167       7154
a     175     206         80
a     175     174       7154
a     175     182       7154
a     175     168       7154
a     176     203        125
a     176     177       7154
a     176     183       7154
a     176     169       7154
a     177     242        134
a     177     178       7154
a     177     176       7154
a     177     184       7154
a     177     170       7154
a     178     243        111
a     178     179       7154
a     178     177       7154
a     178     185       7154
a     178     171       7154
a     179     237        120
a     179     180       7154
a     179     178       7154
a     179     186       7154
a     179     172       7154
a     180     224         36
a     180     181       7154
a     180     179       7154
a     180     187       7154
a     180     173       7154
a     181     245         91
a     181     182       7154
a     181     180       7154
a     181     188       7154
a     181     174       7154
a     182     233         49
a     182     181       7154
a     182     189       7154
a     182     175       7154
a     183     234         60
a     183     184       7154
a     183     190       7154
a     183     176       7154
a     184     238         52
a     184     185       7154
a     184     183       7154
a     184     191       7154
a     184     177       7154
a     185     201         80
a     185     186       7154
a     185     184       7154
a     185     192       7154
a     185     178       7154
a     186     210         77
a     186     187       7154
a     186     185       7154
a     186     193       7154
a     186     179       7154
a     187     228         76
a     187     188       7154
a     187     186       7154
a     187     194       7154
a     187     180       7154
a     188     226        100
a     188     189       7154
a     188     187       7154
a     188     195       7154
a     188     181       7154
a     189     208         74
a     189     188       7154
a     189     196       7154
a     189     182       7154
a     190     215         94
a     190     191       7154
a     190     183       7154
a     191     198         75
a     191     192       7154
a     191     190       7154
a     191     184       7154
a     192     241         38
a     192     193       7154
a     192     191       7154
a     192     185       7154
a     193     221        119
a     193     194       7154
a     193     192       7154
a     193     186       7154
a     194     211        125
a     194     195       7154
a     194     193       7154
a     194     187       7154
a     195     235        114
a     195     196       7154
a     195     194       7154
a     195     188       7154
a     196     219         61
a     196     195       7154
a     196     189       7154
a     197     281        136
a     197     198       7154
a     197     204       7154
a     198     294        129
a     198     199       7154
a     198     197       7154
a     198     205       7154
a     199     248        139
a     199     200       7154
a     199     198       7154
a     199     206       7154
a     200     283        103
a     200     201       7154
a     200     199       7154
a     200     207       7154
a     201     270        110
a     201     202       7154
a     201     200       7154
a     201     208       7154
a     202     293         85
a     202     203       7154
a     202     201       7154
a     202     209       7154
a     203     282        114
a     203     202       7154
a     203     210       7154
a     204     267         79
a     204     205       7154
a     204     211       7154
a     204     197       7154
a     205     264         42
a     205     206       7154
a     205     204       7154
a     205     212       7154
a     205     198       7154
a     206     255        100
a     206     207       7154
a     206     205       7154
a     206     213       7154
a     206     199       7154
a     207     286        127
a     207     208       7154
a     207     206       7154
a     207     214       7154
a     207     200       7154
a     208     272        128
a     208     209       7154
a     208     207       7154
a     208     215       7154
a     208     201       7154
a     209     278        106
a     209     210       7154
a     209     208       7154
a     209     216       7154
a     209     202       7154
a     210     263        119
a     210     209       7154
a     210     217       7154
a     210     203       7154
a     211     246         96
a     211     212       7154
a     211     218       7154
a     211     204       7154
a     212     254        121
a     212     213       7154
a     212     211       7154
a     212     219       7154
a     212     205       7154
a     213     257        101
a     213     214       7154
a     213     212       7154
a     213     220       7154
a     213     206       7154
a     214     291        122
a     214     215       7154
a     214     213       7154
a     214     221       7154
a     214     207       7154
a     215     266        132
a     215     216       7154
a     215     214       7154
a     215     222       7154
a     215     208       7154
a     216     253         52
a     216     217       7154
a     216     215       7154
a     216     223       7154
a     216     209       7154
a     217     290         53
a     217     216       7154
a     217     224       7154
a     217     210       7154
a     218     251        126
a     218     219       7154
a     218     225       7154
a     218     211       7154
a     219     250        119
a     219     220       7154
a     219     218       7154
a     219     226       7154
a     219     212       7154
a     220     265         49
a     220     221       7154
a     220     219       7154
a     220     227       7154
a     220     213       7154
a     221     274         78
a     221     222       7154
a     221     220       7154
a     221     228       7154
a     221     214       7154
a     222     268        101
a     222     223       7154
a     222     221       7154
a     222     229       7154
a     222     215       7154
a     223     262         99
a     223     224       7154
a     223     222       7154
a     223     230       7154
a     223     216       7154
a     224     279        115
a     224     223       7154
a     224     231       7154
a     224     217       7154
a     225     252        133
a     225     226       7154
a     225     232       7154
a     225     218       7154
a     226     261         67
a     226     227       7154
a     226     225       7154
a     226     233       7154
a     226     219       7154
a     227     276         50
a     227     228       7154
a     227     226       7154
a     227     234       7154
a     227     220       7154
a     228     287         75
a     228     229       7154
a     228     227       7154
a     228     235       7154
a     228     221       7154
a     229     249         77
a     229     230       7154
a     229     228       7154
a     229     236       7154
a     229     222       7154
a     230     280         76
a     230     231       7154
a     230     229       7154
a     230     237       7154
a     230     223       7154
a     231     260         85
a     231     230       7154
a     231     238       7154
a     231     224       7154
a     232     284         72
a     232     233       7154
a     232     239       7154
a     232     225       7154
a     233     247        117
a     233     234       7154
a     233     232       7154
a     233     240       7154
a     233     226       7154
a     234     271         95
a     234     235       7154
a     234     233       7154
a     234     241       7154
a     234     227       7154
a     235     273         72
a     235     236       7154
a     235     234       7154
a     235     242       7154
a     235     228       7154
a     236     292         80
a     236     237       7154
a     236     235       7154
a     236     243       7154
a     236     229       7154
a     237     277         81
a     237     238       7154
a     237     236       7154
a     237     244       7154
a     237     230       7154
a     238     269         61
a     238     237       7154
a     238     245       7154
a     238     231       7154
a     239     288        100
a     239     240       7154
a     239     232       7154
a     240     285         90
a     240     241       7154
a     240     239       7154
a     240     233       7154
a     241     256         79
a     241     242       7154
a     241     240       7154
a     241     234       7154
a     242     289        131
a     242     243       7154
a     242     241       7154
a     242     235       7154
a     243     259         87
a     243     244       7154
a     243     242       7154
a     243     236       7154
a     244     258         47
a     244     245       7154
a     244     243       7154
a     244     237       7154
a     245     275         72
a     245     244       7154
a     245     238       7154
a     246     312         55
a     246     247       7154
a     246     253       7154
a     247     330         46
a     247     248       7154
a     247     246       7154
a     247     254       7154
a     248     311         56
a     248     249       7154
a     248     247       7154
a     248     255       7154
a     249     320         59
a     249     250       7154
a     249     248       7154
a     249     256       7154
a     250     327         39
a     250     251       7154
a     250     249       7154
a     250     257       7154
a     251     335         92
a     251     252       7154
a     251     250       7154
a     251     258       7154
a     252     328        136
a     252     251       7154
a     252     259       7154
a     253     322         38
a     253     254       7154
a     253     260       7154
a     253     246       7154
a     254     336        105
a     254     255       7154
a     254     253       7154
a     254     261       7154
a     254     247       7154
a     255     316        107
a     255     256       7154
a     255     254       7154
a     255     262       7154
a     255     248       7154
a     256     329        107
a     256     257       7154
a     256     255       7154
a     256     263       7154
a     256     249       7154
a     257     334         55
a     257     258       7154
a     257     256       7154
a     257     264       7154
a     257     250       7154
a     258     313        139
a     258     259       7154
a     258     257       7154
a     258     265       7154
a     258     251       7154
a     259     304         96
a     259     258       7154
a     259     266       7154
a     259     252       7154
a     260     298        127
a     260     261       7154
a     260     267       7154
a     260     253       7154
a     261     321        101
a     261     262       7154
a     261     260       7154
a     261     268       7154
a     261     254       7154
a     262     343         47
a     262     263       7154
a     262     261       7154
a     262     269       7154
a     262     255       7154
a     263     302        135
a     263     264       7154
a     263     262       7154
a     263     270       7154
a     263     256       7154
a     264     324         54
a     264     265       7154
a     264     263       7154
a     264     271       7154
a     264     257       7154
a     265     297        107
a     265     266       7154
a     265     264       7154
a     265     272       7154
a     265     258       7154
a     266     325         87
a     266     265       7154
a     266     273       7154
a     266     259       7154
a     267     310         47
a     267     268       7154
a     267     274       7154
a     267     260       7154
a     268     307        106
a     268     269       7154
a     268     267       7154
a     268     275       7154
a     268     261       7154
a     269     318         60
a     269     270       7154
a     269     268       7154
a     269     276       7154
a     269     262       7154
a     270     338         62
a     270     271       7154
a     270     269       7154
a     270     277       7154
a     270     263       7154
a     271     337         64
a     271     272       7154
a     271     270       7154
a     271     278       7154
a     271     264       7154
a     272     332        121
a     272     273       7154
a     272     271       7154
a     272     279       7154
a     272     265       7154
a     273     319        114
a     273     272       7154
a     273     280       7154
a     273     266       7154
a     274     303        140
a     274     275       7154
a     274     281       7154
a     274     267       7154
a     275     306        119
a     275     276       7154
a     275     274       7154
a     275     282       7154
a     275     268       7154
a     276     309         98
a     276     277       7154
a     276     275       7154
a     276     283       7154
a     276     269       7154
a     277     300        129
a     277     278       7154
a     277     276       7154
a     277     284       7154
a     277     270       7154
a     278     333         74
a     278     279       7154
a     278     277       7154
a     278     285       7154
a     278     271       7154
a     279     299         64
a     279     280       7154
a     279     278       7154
a     279     286       7154
a     279     272       7154
a     280     317         86
a     280     279       7154
a     280     287       7154
a     280     273       7154
a     281     342         47
a     281     282       7154
a     281     288       7154
a     281     274       7154
a     282     301        144
a     282     283       7154
a     282     281       7154
a     282     289       7154
a     282     275       7154
a     283     341         88
a     283     284       7154
a     283     282       7154
a     283     290       7154
a     283     276       7154
a     284     314         58
a     284     285       7154
a     284     283       7154
a     284     291       7154
a     284     277       7154
a     285     305         76
a     285     286       7154
a     285     284       7154
a     285     292       7154
a     285     278       7154
a     286     296         64
a     286     287       7154
a     286     285       7154
a     286     293       7154
a     286     279       7154
a     287     295        146
a     287     286       7154
a     287     294       7154
a     287     280       7154
a     288     339        101
a     288     289       7154
a     288     281       7154
a     289     308         92
a     289     290       7154
a     289     288       7154
a     289     282       7154
a     290     331         97
a     290     291       7154
a     290     289       7154
a     290     283       7154
a     291     326         73
a     291     292       7154
a     291     290       7154
a     291     284       7154
a     292     340         63
a     292     293       7154
a     292     291       7154
a     292     285       7154
a     293     315         90
a     293     294       7154
a     293     292       7154
a     293     286       7154
a     294     323        112
a     294     293       7154
a     294     287       7154
a     295     296       7154
a     295     302       7154
a     296     297       7154
a     296     295       7154
a     296     303       7154
a     297     298       7154
a     297     296       7154
a     297     304       7154
a     298     299       7154
a     298     297       7154
a     298     305       7154
a     299     300       7154
a     299     298       7154
a     299     306       7154
a     300     301       7154
a     300     299       7154
a     300     307       7154
a     301     300       7154
a     301     308       7154
a     302     303       7154
a     302     309       7154
a     302     295       7154
a     303     304       7154
a     303     302       7154
a     303     310       7154
a     303     296       7154
a     304     305       7154
a     304     303       7154
a     304     311       7154
a     304     297       7154
a     305     306       7154
a     305     304       7154
a     305     312       7154
a     305     298       7154
a     306     307       7154
a     306     305       7154
a     306     313       7154
a     306     299       7154
a     307     308       7154
a     307     306       7154
a     307     314       7154
a     307     300       7154
a     308     307       7154
a     308     315       7154
a     308     301       7154
a     309     310       7154
a     309     316       7154
a     309     302       7154
a     310     311       7154
a     310     309       7154
a     310     317       7154
a     310     303       7154
a     311     312       7154
a     311     310       7154
a     311     318       7154
a     311     304       7154
a     312     313       7154
a     312     311       7154
a     312     319       7154
a     312     305       7154
a     313     314       7154
a     313     312       7154
a     313     320       7154
a     313     306       7154
a     314     315       7154
a     314     313       7154
a     314     321       7154
a     314     307       7154
a     315     314       7154
a     315     322       7154
a     315     308       7154
a     316     317       7154
a     316     323       7154
a     316     309       7154
a     317     318       7154
a     317     316       7154
a     317     324       7154
a     317     310       7154
a     318     319       7154
a     318     317       7154
a     318     325       7154
a     318     311       7154
a     319     320       7154
a     319     318       7154
a     319     326       7154
a     319     312       7154
a     320     321       7154
a     320     319       7154
a     320     327       7154
a     320     313       7154
a     321     322       7154
a     321     320       7154
a     321     328       7154
a     321     314       7154
a     322     321       7154
a     322     329       7154
a     322     315       7154
a     323     324       7154
a     323     330       7154
a     323     316       7154
a     324     325       7154
a     324     323       7154
a     324     331       7154
a     324     317       7154
a     325     326       7154
a     325     324       7154
a     325     332       7154
a     325     318       7154
a     326     327       7154
a     326     325       7154
a     326     333       7154
a     326     319       7154
a     327     328       7154
a     327     326       7154
a     327     334       7154
a     327     320       7154
a     328     329       7154
a     328     327       7154
a     328     335       7154
a     328     321       7154
a     329     328       7154
a     329     336       7154
a     329     322       7154
a     330     331       7154
a     330     337       7154
a     330     323       7154
a     331     332       7154
a     331     330       7154
a     331     338       7154
a     331     324       7154
a     332     333       7154
a     332     331       7154
a     332     339       7154
a     332     325       7154
a     333     334       7154
a     333     332       7154
a     333     340       7154
a     333     326       7154
a     334     335       7154
a     334     333       7154
a     334     341       7154
a     334     327       7154
a     335     336       7154
a     335     334       7154
a     335     342       7154
a     335     328       7154
a     336     335       7154
a     336     343       7154
a     336     329       7154
a     337     338       7154
a     337     330       7154
a     338     339       7154
a     338     337       7154
a     338     331       7154
a     339     340       7154
a     339     338       7154
a     339     332       7154
a     340     341       7154
a     340     339       7154
a     340     333       7154
a     341     342       7154
a     341     340       7154
a     341     334       7154
a     342     343       7154
a     342     341       7154
a     342     335       7154
a     343     342       7154
a     343     336       7154
