c This file was generated by genrmf.
c The parameters are: a: 5 b: 13 c1: 40 c2: 326 seed: 1666103673
p max     325       1340
n       1 s
n     325 t
a       1      28        321
a       1       2       8150
a       1       6       8150
a       2      31        226
a       2       3       8150
a       2       1       8150
a       2       7       8150
a       3      27        160
a       3       4       8150
a       3       2       8150
a       3       8       8150
a       4      46         82
a       4       5       8150
a       4       3       8150
a       4       9       8150
a       5      29        250
a       5       4       8150
a       5      10       8150
a       6      43         90
a       6       7       8150
a       6      11       8150
a       6       1       8150
a       7      41        132
a       7       8       8150
a       7       6       8150
a       7      12       8150
a       7       2       8150
a       8      33        272
a       8       9       8150
a       8       7       8150
a       8      13       8150
a       8       3       8150
a       9      47        216
a       9      10       8150
a       9       8       8150
a       9      14       8150
a       9       4       8150
a      10      40         93
a      10       9       8150
a      10      15       8150
a      10       5       8150
a      11      34         99
a      11      12       8150
a      11      16       8150
a      11       6       8150
a      12      42        133
a      12      13       8150
a      12      11       8150
a      12      17       8150
a      12       7       8150
a      13      32         58
a      13      14       8150
a      13      12       8150
a      13      18       8150
a      13       8       8150
a      14      48        289
a      14      15       8150
a      14      13       8150
a      14      19       8150
a      14       9       8150
a      15      49        134
a      15      14       8150
a      15      20       8150
a      15      10       8150
a      16      38        194
a      16      17       8150
a      16      21       8150
a      16      11       8150
a      17      44        273
a      17      18       8150
a      17      16       8150
a      17      22       8150
a      17      12       8150
a      18      50         50
a      18      19       8150
a      18      17       8150
a      18      23       8150
a      18      13       8150
a      19      36        248
a      19      20       8150
a      19      18       8150
a      19      24       8150
a      19      14       8150
a      20      30        220
a      20      19       8150
a      20      25       8150
a      20      15       8150
a      21      45         67
a      21      22       8150
a      21      16       8150
a      22      35        251
a      22      23       8150
a      22      21       8150
a      22      17       8150
a      23      37        143
a      23      24       8150
a      23      22       8150
a      23      18       8150
a      24      39        310
a      24      25       8150
a      24      23       8150
a      24      19       8150
a      25      26        145
a      25      24       8150
a      25      20       8150
a      26      67        314
a      26      27       8150
a      26      31       8150
a      27      66        269
a      27      28       8150
a      27      26       8150
a      27      32       8150
a      28      56        203
a      28      29       8150
a      28      27       8150
a      28      33       8150
a      29      59        320
a      29      30       8150
a      29      28       8150
a      29      34       8150
a      30      57         51
a      30      29       8150
a      30      35       8150
a      31      51        320
a      31      32       8150
a      31      36       8150
a      31      26       8150
a      32      70         58
a      32      33       8150
a      32      31       8150
a      32      37       8150
a      32      27       8150
a      33      69        251
a      33      34       8150
a      33      32       8150
a      33      38       8150
a      33      28       8150
a      34      72        205
a      34      35       8150
a      34      33       8150
a      34      39       8150
a      34      29       8150
a      35      52        324
a      35      34       8150
a      35      40       8150
a      35      30       8150
a      36      55         61
a      36      37       8150
a      36      41       8150
a      36      31       8150
a      37      75        220
a      37      38       8150
a      37      36       8150
a      37      42       8150
a      37      32       8150
a      38      54        228
a      38      39       8150
a      38      37       8150
a      38      43       8150
a      38      33       8150
a      39      61        304
a      39      40       8150
a      39      38       8150
a      39      44       8150
a      39      34       8150
a      40      63        306
a      40      39       8150
a      40      45       8150
a      40      35       8150
a      41      73        268
a      41      42       8150
a      41      46       8150
a      41      36       8150
a      42      53        135
a      42      43       8150
a      42      41       8150
a      42      47       8150
a      42      37       8150
a      43      74         70
a      43      44       8150
a      43      42       8150
a      43      48       8150
a      43      38       8150
a      44      68         74
a      44      45       8150
a      44      43       8150
a      44      49       8150
a      44      39       8150
a      45      65        221
a      45      44       8150
a      45      50       8150
a      45      40       8150
a      46      60        137
a      46      47       8150
a      46      41       8150
a      47      64        112
a      47      48       8150
a      47      46       8150
a      47      42       8150
a      48      71         91
a      48      49       8150
a      48      47       8150
a      48      43       8150
a      49      58        120
a      49      50       8150
a      49      48       8150
a      49      44       8150
a      50      62        250
a      50      49       8150
a      50      45       8150
a      51      93        152
a      51      52       8150
a      51      56       8150
a      52      87        308
a      52      53       8150
a      52      51       8150
a      52      57       8150
a      53      98        160
a      53      54       8150
a      53      52       8150
a      53      58       8150
a      54      86        257
a      54      55       8150
a      54      53       8150
a      54      59       8150
a      55      89        227
a      55      54       8150
a      55      60       8150
a      56      80         69
a      56      57       8150
a      56      61       8150
a      56      51       8150
a      57      95         87
a      57      58       8150
a      57      56       8150
a      57      62       8150
a      57      52       8150
a      58     100        100
a      58      59       8150
a      58      57       8150
a      58      63       8150
a      58      53       8150
a      59      78        240
a      59      60       8150
a      59      58       8150
a      59      64       8150
a      59      54       8150
a      60      83        186
a      60      59       8150
a      60      65       8150
a      60      55       8150
a      61      92        295
a      61      62       8150
a      61      66       8150
a      61      56       8150
a      62      97        262
a      62      63       8150
a      62      61       8150
a      62      67       8150
a      62      57       8150
a      63      88         56
a      63      64       8150
a      63      62       8150
a      63      68       8150
a      63      58       8150
a      64      94        143
a      64      65       8150
a      64      63       8150
a      64      69       8150
a      64      59       8150
a      65      85        213
a      65      64       8150
a      65      70       8150
a      65      60       8150
a      66      91        118
a      66      67       8150
a      66      71       8150
a      66      61       8150
a      67      90        235
a      67      68       8150
a      67      66       8150
a      67      72       8150
a      67      62       8150
a      68      79        254
a      68      69       8150
a      68      67       8150
a      68      73       8150
a      68      63       8150
a      69      81        218
a      69      70       8150
a      69      68       8150
a      69      74       8150
a      69      64       8150
a      70      82        255
a      70      69       8150
a      70      75       8150
a      70      65       8150
a      71      76        118
a      71      72       8150
a      71      66       8150
a      72      99        259
a      72      73       8150
a      72      71       8150
a      72      67       8150
a      73      77         83
a      73      74       8150
a      73      72       8150
a      73      68       8150
a      74      84        198
a      74      75       8150
a      74      73       8150
a      74      69       8150
a      75      96        213
a      75      74       8150
a      75      70       8150
a      76     111        122
a      76      77       8150
a      76      81       8150
a      77     109        203
a      77      78       8150
a      77      76       8150
a      77      82       8150
a      78     122        298
a      78      79       8150
a      78      77       8150
a      78      83       8150
a      79     103        188
a      79      80       8150
a      79      78       8150
a      79      84       8150
a      80     121        219
a      80      79       8150
a      80      85       8150
a      81     117        129
a      81      82       8150
a      81      86       8150
a      81      76       8150
a      82     123        122
a      82      83       8150
a      82      81       8150
a      82      87       8150
a      82      77       8150
a      83     110        158
a      83      84       8150
a      83      82       8150
a      83      88       8150
a      83      78       8150
a      84     125        280
a      84      85       8150
a      84      83       8150
a      84      89       8150
a      84      79       8150
a      85     124         84
a      85      84       8150
a      85      90       8150
a      85      80       8150
a      86     120        124
a      86      87       8150
a      86      91       8150
a      86      81       8150
a      87     108        140
a      87      88       8150
a      87      86       8150
a      87      92       8150
a      87      82       8150
a      88     119        322
a      88      89       8150
a      88      87       8150
a      88      93       8150
a      88      83       8150
a      89     114        212
a      89      90       8150
a      89      88       8150
a      89      94       8150
a      89      84       8150
a      90     106        156
a      90      89       8150
a      90      95       8150
a      90      85       8150
a      91     115        221
a      91      92       8150
a      91      96       8150
a      91      86       8150
a      92     102         43
a      92      93       8150
a      92      91       8150
a      92      97       8150
a      92      87       8150
a      93     107        147
a      93      94       8150
a      93      92       8150
a      93      98       8150
a      93      88       8150
a      94     112        218
a      94      95       8150
a      94      93       8150
a      94      99       8150
a      94      89       8150
a      95     118        181
a      95      94       8150
a      95     100       8150
a      95      90       8150
a      96     104        247
a      96      97       8150
a      96      91       8150
a      97     101         99
a      97      98       8150
a      97      96       8150
a      97      92       8150
a      98     113        291
a      98      99       8150
a      98      97       8150
a      98      93       8150
a      99     116         49
a      99     100       8150
a      99      98       8150
a      99      94       8150
a     100     105        227
a     100      99       8150
a     100      95       8150
a     101     128        135
a     101     102       8150
a     101     106       8150
a     102     137        265
a     102     103       8150
a     102     101       8150
a     102     107       8150
a     103     147        107
a     103     104       8150
a     103     102       8150
a     103     108       8150
a     104     148        159
a     104     105       8150
a     104     103       8150
a     104     109       8150
a     105     135        101
a     105     104       8150
a     105     110       8150
a     106     143         96
a     106     107       8150
a     106     111       8150
a     106     101       8150
a     107     136        309
a     107     108       8150
a     107     106       8150
a     107     112       8150
a     107     102       8150
a     108     132         56
a     108     109       8150
a     108     107       8150
a     108     113       8150
a     108     103       8150
a     109     133        259
a     109     110       8150
a     109     108       8150
a     109     114       8150
a     109     104       8150
a     110     126        253
a     110     109       8150
a     110     115       8150
a     110     105       8150
a     111     144        181
a     111     112       8150
a     111     116       8150
a     111     106       8150
a     112     145        321
a     112     113       8150
a     112     111       8150
a     112     117       8150
a     112     107       8150
a     113     150        119
a     113     114       8150
a     113     112       8150
a     113     118       8150
a     113     108       8150
a     114     129        180
a     114     115       8150
a     114     113       8150
a     114     119       8150
a     114     109       8150
a     115     139         68
a     115     114       8150
a     115     120       8150
a     115     110       8150
a     116     146        219
a     116     117       8150
a     116     121       8150
a     116     111       8150
a     117     141        149
a     117     118       8150
a     117     116       8150
a     117     122       8150
a     117     112       8150
a     118     130        257
a     118     119       8150
a     118     117       8150
a     118     123       8150
a     118     113       8150
a     119     149        277
a     119     120       8150
a     119     118       8150
a     119     124       8150
a     119     114       8150
a     120     142        208
a     120     119       8150
a     120     125       8150
a     120     115       8150
a     121     131        160
a     121     122       8150
a     121     116       8150
a     122     140        252
a     122     123       8150
a     122     121       8150
a     122     117       8150
a     123     134        136
a     123     124       8150
a     123     122       8150
a     123     118       8150
a     124     138         73
a     124     125       8150
a     124     123       8150
a     124     119       8150
a     125     127        190
a     125     124       8150
a     125     120       8150
a     126     153        149
a     126     127       8150
a     126     131       8150
a     127     174        320
a     127     128       8150
a     127     126       8150
a     127     132       8150
a     128     170        152
a     128     129       8150
a     128     127       8150
a     128     133       8150
a     129     168        281
a     129     130       8150
a     129     128       8150
a     129     134       8150
a     130     172        106
a     130     129       8150
a     130     135       8150
a     131     156        197
a     131     132       8150
a     131     136       8150
a     131     126       8150
a     132     165        115
a     132     133       8150
a     132     131       8150
a     132     137       8150
a     132     127       8150
a     133     171        187
a     133     134       8150
a     133     132       8150
a     133     138       8150
a     133     128       8150
a     134     167        225
a     134     135       8150
a     134     133       8150
a     134     139       8150
a     134     129       8150
a     135     158        224
a     135     134       8150
a     135     140       8150
a     135     130       8150
a     136     159        272
a     136     137       8150
a     136     141       8150
a     136     131       8150
a     137     151        263
a     137     138       8150
a     137     136       8150
a     137     142       8150
a     137     132       8150
a     138     166        268
a     138     139       8150
a     138     137       8150
a     138     143       8150
a     138     133       8150
a     139     155        306
a     139     140       8150
a     139     138       8150
a     139     144       8150
a     139     134       8150
a     140     163        136
a     140     139       8150
a     140     145       8150
a     140     135       8150
a     141     162        151
a     141     142       8150
a     141     146       8150
a     141     136       8150
a     142     152        263
a     142     143       8150
a     142     141       8150
a     142     147       8150
a     142     137       8150
a     143     169        235
a     143     144       8150
a     143     142       8150
a     143     148       8150
a     143     138       8150
a     144     157        216
a     144     145       8150
a     144     143       8150
a     144     149       8150
a     144     139       8150
a     145     164        183
a     145     144       8150
a     145     150       8150
a     145     140       8150
a     146     161        121
a     146     147       8150
a     146     141       8150
a     147     173        234
a     147     148       8150
a     147     146       8150
a     147     142       8150
a     148     154        167
a     148     149       8150
a     148     147       8150
a     148     143       8150
a     149     160        195
a     149     150       8150
a     149     148       8150
a     149     144       8150
a     150     175        175
a     150     149       8150
a     150     145       8150
a     151     183         75
a     151     152       8150
a     151     156       8150
a     152     186         95
a     152     153       8150
a     152     151       8150
a     152     157       8150
a     153     179         77
a     153     154       8150
a     153     152       8150
a     153     158       8150
a     154     197        212
a     154     155       8150
a     154     153       8150
a     154     159       8150
a     155     191        194
a     155     154       8150
a     155     160       8150
a     156     185        253
a     156     157       8150
a     156     161       8150
a     156     151       8150
a     157     189        225
a     157     158       8150
a     157     156       8150
a     157     162       8150
a     157     152       8150
a     158     188         91
a     158     159       8150
a     158     157       8150
a     158     163       8150
a     158     153       8150
a     159     194        324
a     159     160       8150
a     159     158       8150
a     159     164       8150
a     159     154       8150
a     160     176        115
a     160     159       8150
a     160     165       8150
a     160     155       8150
a     161     177        125
a     161     162       8150
a     161     166       8150
a     161     156       8150
a     162     195        256
a     162     163       8150
a     162     161       8150
a     162     167       8150
a     162     157       8150
a     163     198        204
a     163     164       8150
a     163     162       8150
a     163     168       8150
a     163     158       8150
a     164     200        210
a     164     165       8150
a     164     163       8150
a     164     169       8150
a     164     159       8150
a     165     180        144
a     165     164       8150
a     165     170       8150
a     165     160       8150
a     166     184         59
a     166     167       8150
a     166     171       8150
a     166     161       8150
a     167     182        202
a     167     168       8150
a     167     166       8150
a     167     172       8150
a     167     162       8150
a     168     190         65
a     168     169       8150
a     168     167       8150
a     168     173       8150
a     168     163       8150
a     169     178        257
a     169     170       8150
a     169     168       8150
a     169     174       8150
a     169     164       8150
a     170     181        281
a     170     169       8150
a     170     175       8150
a     170     165       8150
a     171     187        269
a     171     172       8150
a     171     166       8150
a     172     199        162
a     172     173       8150
a     172     171       8150
a     172     167       8150
a     173     193        187
a     173     174       8150
a     173     172       8150
a     173     168       8150
a     174     196        104
a     174     175       8150
a     174     173       8150
a     174     169       8150
a     175     192        282
a     175     174       8150
a     175     170       8150
a     176     203        271
a     176     177       8150
a     176     181       8150
a     177     218        295
a     177     178       8150
a     177     176       8150
a     177     182       8150
a     178     223        235
a     178     179       8150
a     178     177       8150
a     178     183       8150
a     179     224        257
a     179     180       8150
a     179     178       8150
a     179     184       8150
a     180     210         41
a     180     179       8150
a     180     185       8150
a     181     205        184
a     181     182       8150
a     181     186       8150
a     181     176       8150
a     182     201         75
a     182     183       8150
a     182     181       8150
a     182     187       8150
a     182     177       8150
a     183     221        103
a     183     184       8150
a     183     182       8150
a     183     188       8150
a     183     178       8150
a     184     222         83
a     184     185       8150
a     184     183       8150
a     184     189       8150
a     184     179       8150
a     185     214        155
a     185     184       8150
a     185     190       8150
a     185     180       8150
a     186     216        148
a     186     187       8150
a     186     191       8150
a     186     181       8150
a     187     213        144
a     187     188       8150
a     187     186       8150
a     187     192       8150
a     187     182       8150
a     188     211        205
a     188     189       8150
a     188     187       8150
a     188     193       8150
a     188     183       8150
a     189     225        140
a     189     190       8150
a     189     188       8150
a     189     194       8150
a     189     184       8150
a     190     206        191
a     190     189       8150
a     190     195       8150
a     190     185       8150
a     191     202        141
a     191     192       8150
a     191     196       8150
a     191     186       8150
a     192     212         46
a     192     193       8150
a     192     191       8150
a     192     197       8150
a     192     187       8150
a     193     217        255
a     193     194       8150
a     193     192       8150
a     193     198       8150
a     193     188       8150
a     194     209        271
a     194     195       8150
a     194     193       8150
a     194     199       8150
a     194     189       8150
a     195     207        243
a     195     194       8150
a     195     200       8150
a     195     190       8150
a     196     220        106
a     196     197       8150
a     196     191       8150
a     197     204         70
a     197     198       8150
a     197     196       8150
a     197     192       8150
a     198     215        232
a     198     199       8150
a     198     197       8150
a     198     193       8150
a     199     208        156
a     199     200       8150
a     199     198       8150
a     199     194       8150
a     200     219        243
a     200     199       8150
a     200     195       8150
a     201     240         53
a     201     202       8150
a     201     206       8150
a     202     247        280
a     202     203       8150
a     202     201       8150
a     202     207       8150
a     203     242        252
a     203     204       8150
a     203     202       8150
a     203     208       8150
a     204     230        126
a     204     205       8150
a     204     203       8150
a     204     209       8150
a     205     229        117
a     205     204       8150
a     205     210       8150
a     206     231        219
a     206     207       8150
a     206     211       8150
a     206     201       8150
a     207     237        273
a     207     208       8150
a     207     206       8150
a     207     212       8150
a     207     202       8150
a     208     246        295
a     208     209       8150
a     208     207       8150
a     208     213       8150
a     208     203       8150
a     209     248        213
a     209     210       8150
a     209     208       8150
a     209     214       8150
a     209     204       8150
a     210     239         51
a     210     209       8150
a     210     215       8150
a     210     205       8150
a     211     241        177
a     211     212       8150
a     211     216       8150
a     211     206       8150
a     212     236        190
a     212     213       8150
a     212     211       8150
a     212     217       8150
a     212     207       8150
a     213     228        168
a     213     214       8150
a     213     212       8150
a     213     218       8150
a     213     208       8150
a     214     243        318
a     214     215       8150
a     214     213       8150
a     214     219       8150
a     214     209       8150
a     215     238        316
a     215     214       8150
a     215     220       8150
a     215     210       8150
a     216     233        266
a     216     217       8150
a     216     221       8150
a     216     211       8150
a     217     227        291
a     217     218       8150
a     217     216       8150
a     217     222       8150
a     217     212       8150
a     218     234        125
a     218     219       8150
a     218     217       8150
a     218     223       8150
a     218     213       8150
a     219     249        208
a     219     220       8150
a     219     218       8150
a     219     224       8150
a     219     214       8150
a     220     226         42
a     220     219       8150
a     220     225       8150
a     220     215       8150
a     221     250        299
a     221     222       8150
a     221     216       8150
a     222     244        281
a     222     223       8150
a     222     221       8150
a     222     217       8150
a     223     235        307
a     223     224       8150
a     223     222       8150
a     223     218       8150
a     224     232        214
a     224     225       8150
a     224     223       8150
a     224     219       8150
a     225     245        233
a     225     224       8150
a     225     220       8150
a     226     261        120
a     226     227       8150
a     226     231       8150
a     227     259         78
a     227     228       8150
a     227     226       8150
a     227     232       8150
a     228     266        141
a     228     229       8150
a     228     227       8150
a     228     233       8150
a     229     254        147
a     229     230       8150
a     229     228       8150
a     229     234       8150
a     230     252        144
a     230     229       8150
a     230     235       8150
a     231     269        167
a     231     232       8150
a     231     236       8150
a     231     226       8150
a     232     256        134
a     232     233       8150
a     232     231       8150
a     232     237       8150
a     232     227       8150
a     233     274        250
a     233     234       8150
a     233     232       8150
a     233     238       8150
a     233     228       8150
a     234     275        193
a     234     235       8150
a     234     233       8150
a     234     239       8150
a     234     229       8150
a     235     272        133
a     235     234       8150
a     235     240       8150
a     235     230       8150
a     236     262        155
a     236     237       8150
a     236     241       8150
a     236     231       8150
a     237     251        156
a     237     238       8150
a     237     236       8150
a     237     242       8150
a     237     232       8150
a     238     260        106
a     238     239       8150
a     238     237       8150
a     238     243       8150
a     238     233       8150
a     239     257        207
a     239     240       8150
a     239     238       8150
a     239     244       8150
a     239     234       8150
a     240     258        181
a     240     239       8150
a     240     245       8150
a     240     235       8150
a     241     255        152
a     241     242       8150
a     241     246       8150
a     241     236       8150
a     242     268        287
a     242     243       8150
a     242     241       8150
a     242     247       8150
a     242     237       8150
a     243     263        172
a     243     244       8150
a     243     242       8150
a     243     248       8150
a     243     238       8150
a     244     271         70
a     244     245       8150
a     244     243       8150
a     244     249       8150
a     244     239       8150
a     245     267        134
a     245     244       8150
a     245     250       8150
a     245     240       8150
a     246     253        120
a     246     247       8150
a     246     241       8150
a     247     264        112
a     247     248       8150
a     247     246       8150
a     247     242       8150
a     248     270        191
a     248     249       8150
a     248     247       8150
a     248     243       8150
a     249     273        255
a     249     250       8150
a     249     248       8150
a     249     244       8150
a     250     265         94
a     250     249       8150
a     250     245       8150
a     251     291        182
a     251     252       8150
a     251     256       8150
a     252     282        100
a     252     253       8150
a     252     251       8150
a     252     257       8150
a     253     292        161
a     253     254       8150
a     253     252       8150
a     253     258       8150
a     254     280         94
a     254     255       8150
a     254     253       8150
a     254     259       8150
a     255     286        298
a     255     254       8150
a     255     260       8150
a     256     288        195
a     256     257       8150
a     256     261       8150
a     256     251       8150
a     257     295        294
a     257     258       8150
a     257     256       8150
a     257     262       8150
a     257     252       8150
a     258     293        201
a     258     259       8150
a     258     257       8150
a     258     263       8150
a     258     253       8150
a     259     277        102
a     259     260       8150
a     259     258       8150
a     259     264       8150
a     259     254       8150
a     260     294        128
a     260     259       8150
a     260     265       8150
a     260     255       8150
a     261     281        211
a     261     262       8150
a     261     266       8150
a     261     256       8150
a     262     278        136
a     262     263       8150
a     262     261       8150
a     262     267       8150
a     262     257       8150
a     263     285        259
a     263     264       8150
a     263     262       8150
a     263     268       8150
a     263     258       8150
a     264     290         65
a     264     265       8150
a     264     263       8150
a     264     269       8150
a     264     259       8150
a     265     299        186
a     265     264       8150
a     265     270       8150
a     265     260       8150
a     266     296        257
a     266     267       8150
a     266     271       8150
a     266     261       8150
a     267     279        158
a     267     268       8150
a     267     266       8150
a     267     272       8150
a     267     262       8150
a     268     284        217
a     268     269       8150
a     268     267       8150
a     268     273       8150
a     268     263       8150
a     269     298        210
a     269     270       8150
a     269     268       8150
a     269     274       8150
a     269     264       8150
a     270     297         90
a     270     269       8150
a     270     275       8150
a     270     265       8150
a     271     283         67
a     271     272       8150
a     271     266       8150
a     272     287         91
a     272     273       8150
a     272     271       8150
a     272     267       8150
a     273     289        101
a     273     274       8150
a     273     272       8150
a     273     268       8150
a     274     300         48
a     274     275       8150
a     274     273       8150
a     274     269       8150
a     275     276        186
a     275     274       8150
a     275     270       8150
a     276     314        200
a     276     277       8150
a     276     281       8150
a     277     307        281
a     277     278       8150
a     277     276       8150
a     277     282       8150
a     278     304        139
a     278     279       8150
a     278     277       8150
a     278     283       8150
a     279     309        113
a     279     280       8150
a     279     278       8150
a     279     284       8150
a     280     305        170
a     280     279       8150
a     280     285       8150
a     281     302         68
a     281     282       8150
a     281     286       8150
a     281     276       8150
a     282     325        320
a     282     283       8150
a     282     281       8150
a     282     287       8150
a     282     277       8150
a     283     317        176
a     283     284       8150
a     283     282       8150
a     283     288       8150
a     283     278       8150
a     284     316         98
a     284     285       8150
a     284     283       8150
a     284     289       8150
a     284     279       8150
a     285     323        143
a     285     284       8150
a     285     290       8150
a     285     280       8150
a     286     303        113
a     286     287       8150
a     286     291       8150
a     286     281       8150
a     287     320        324
a     287     288       8150
a     287     286       8150
a     287     292       8150
a     287     282       8150
a     288     324        210
a     288     289       8150
a     288     287       8150
a     288     293       8150
a     288     283       8150
a     289     308        187
a     289     290       8150
a     289     288       8150
a     289     294       8150
a     289     284       8150
a     290     322        199
a     290     289       8150
a     290     295       8150
a     290     285       8150
a     291     321        137
a     291     292       8150
a     291     296       8150
a     291     286       8150
a     292     312        111
a     292     293       8150
a     292     291       8150
a     292     297       8150
a     292     287       8150
a     293     319        181
a     293     294       8150
a     293     292       8150
a     293     298       8150
a     293     288       8150
a     294     310        238
a     294     295       8150
a     294     293       8150
a     294     299       8150
a     294     289       8150
a     295     315        326
a     295     294       8150
a     295     300       8150
a     295     290       8150
a     296     306        220
a     296     297       8150
a     296     291       8150
a     297     311        129
a     297     298       8150
a     297     296       8150
a     297     292       8150
a     298     301        262
a     298     299       8150
a     298     297       8150
a     298     293       8150
a     299     313         57
a     299     300       8150
a     299     298       8150
a     299     294       8150
a     300     318        309
a     300     299       8150
a     300     295       8150
a     301     302       8150
a     301     306       8150
a     302     303       8150
a     302     301       8150
a     302     307       8150
a     303     304       8150
a     303     302       8150
a     303     308       8150
a     304     305       8150
a     304     303       8150
a     304     309       8150
a     305     304       8150
a     305     310       8150
a     306     307       8150
a     306     311       8150
a     306     301       8150
a     307     308       8150
a     307     306       8150
a     307     312       8150
a     307     302       8150
a     308     309       8150
a     308     307       8150
a     308     313       8150
a     308     303       8150
a     309     310       8150
a     309     308       8150
a     309     314       8150
a     309     304       8150
a     310     309       8150
a     310     315       8150
a     310     305       8150
a     311     312       8150
a     311     316       8150
a     311     306       8150
a     312     313       8150
a     312     311       8150
a     312     317       8150
a     312     307       8150
a     313     314       8150
a     313     312       8150
a     313     318       8150
a     313     308       8150
a     314     315       8150
a     314     313       8150
a     314     319       8150
a     314     309       8150
a     315     314       8150
a     315     320       8150
a     315     310       8150
a     316     317       8150
a     316     321       8150
a     316     311       8150
a     317     318       8150
a     317     316       8150
a     317     322       8150
a     317     312       8150
a     318     319       8150
a     318     317       8150
a     318     323       8150
a     318     313       8150
a     319     320       8150
a     319     318       8150
a     319     324       8150
a     319     314       8150
a     320     319       8150
a     320     325       8150
a     320     315       8150
a     321     322       8150
a     321     316       8150
a     322     323       8150
a     322     321       8150
a     322     317       8150
a     323     324       8150
a     323     322       8150
a     323     318       8150
a     324     325       8150
a     324     323       8150
a     324     319       8150
a     325     324       8150
a     325     320       8150
