c This file was generated by genrmf.
c The parameters are: a: 7 b: 9 c1: 52 c2: 528 seed: 1666103673
p max     441       1904
n       1 s
n     441 t
a       1      54        227
a       1       2      25872
a       1       8      25872
a       2      59        264
a       2       3      25872
a       2       1      25872
a       2       9      25872
a       3      51        156
a       3       4      25872
a       3       2      25872
a       3      10      25872
a       4      89        135
a       4       5      25872
a       4       3      25872
a       4      11      25872
a       5      53        212
a       5       6      25872
a       5       4      25872
a       5      12      25872
a       6      82        253
a       6       7      25872
a       6       5      25872
a       6      13      25872
a       7      76        506
a       7       6      25872
a       7      14      25872
a       8      58        409
a       8       9      25872
a       8      15      25872
a       8       1      25872
a       9      91        311
a       9      10      25872
a       9       8      25872
a       9      16      25872
a       9       2      25872
a      10      72         79
a      10      11      25872
a      10       9      25872
a      10      17      25872
a      10       3      25872
a      11      57        394
a      11      12      25872
a      11      10      25872
a      11      18      25872
a      11       4      25872
a      12      74        341
a      12      13      25872
a      12      11      25872
a      12      19      25872
a      12       5      25872
a      13      73        262
a      13      14      25872
a      13      12      25872
a      13      20      25872
a      13       6      25872
a      14      92         71
a      14      13      25872
a      14      21      25872
a      14       7      25872
a      15      94        261
a      15      16      25872
a      15      22      25872
a      15       8      25872
a      16      65         98
a      16      17      25872
a      16      15      25872
a      16      23      25872
a      16       9      25872
a      17      56        241
a      17      18      25872
a      17      16      25872
a      17      24      25872
a      17      10      25872
a      18      96        114
a      18      19      25872
a      18      17      25872
a      18      25      25872
a      18      11      25872
a      19      83        121
a      19      20      25872
a      19      18      25872
a      19      26      25872
a      19      12      25872
a      20      61        477
a      20      21      25872
a      20      19      25872
a      20      27      25872
a      20      13      25872
a      21      62        197
a      21      20      25872
a      21      28      25872
a      21      14      25872
a      22      86        201
a      22      23      25872
a      22      29      25872
a      22      15      25872
a      23      85        394
a      23      24      25872
a      23      22      25872
a      23      30      25872
a      23      16      25872
a      24      75        217
a      24      25      25872
a      24      23      25872
a      24      31      25872
a      24      17      25872
a      25      98        381
a      25      26      25872
a      25      24      25872
a      25      32      25872
a      25      18      25872
a      26      90        508
a      26      27      25872
a      26      25      25872
a      26      33      25872
a      26      19      25872
a      27      52        434
a      27      28      25872
a      27      26      25872
a      27      34      25872
a      27      20      25872
a      28      80        324
a      28      27      25872
a      28      35      25872
a      28      21      25872
a      29      93        518
a      29      30      25872
a      29      36      25872
a      29      22      25872
a      30      55         71
a      30      31      25872
a      30      29      25872
a      30      37      25872
a      30      23      25872
a      31      71        518
a      31      32      25872
a      31      30      25872
a      31      38      25872
a      31      24      25872
a      32      95         83
a      32      33      25872
a      32      31      25872
a      32      39      25872
a      32      25      25872
a      33      63        403
a      33      34      25872
a      33      32      25872
a      33      40      25872
a      33      26      25872
a      34      77        327
a      34      35      25872
a      34      33      25872
a      34      41      25872
a      34      27      25872
a      35      87        525
a      35      34      25872
a      35      42      25872
a      35      28      25872
a      36      50         88
a      36      37      25872
a      36      43      25872
a      36      29      25872
a      37      68        352
a      37      38      25872
a      37      36      25872
a      37      44      25872
a      37      30      25872
a      38      97        365
a      38      39      25872
a      38      37      25872
a      38      45      25872
a      38      31      25872
a      39      60        491
a      39      40      25872
a      39      38      25872
a      39      46      25872
a      39      32      25872
a      40      64        494
a      40      41      25872
a      40      39      25872
a      40      47      25872
a      40      33      25872
a      41      84        431
a      41      42      25872
a      41      40      25872
a      41      48      25872
a      41      34      25872
a      42      88        211
a      42      41      25872
a      42      49      25872
a      42      35      25872
a      43      70        102
a      43      44      25872
a      43      36      25872
a      44      67        109
a      44      45      25872
a      44      43      25872
a      44      37      25872
a      45      66        354
a      45      46      25872
a      45      44      25872
a      45      38      25872
a      46      79        214
a      46      47      25872
a      46      45      25872
a      46      39      25872
a      47      81        172
a      47      48      25872
a      47      46      25872
a      47      40      25872
a      48      69        137
a      48      49      25872
a      48      47      25872
a      48      41      25872
a      49      78        185
a      49      48      25872
a      49      42      25872
a      50      99        314
a      50      51      25872
a      50      57      25872
a      51     146        340
a      51      52      25872
a      51      50      25872
a      51      58      25872
a      52     127        123
a      52      53      25872
a      52      51      25872
a      52      59      25872
a      53     104        497
a      53      54      25872
a      53      52      25872
a      53      60      25872
a      54     139        248
a      54      55      25872
a      54      53      25872
a      54      61      25872
a      55     133        161
a      55      56      25872
a      55      54      25872
a      55      62      25872
a      56     145        526
a      56      55      25872
a      56      63      25872
a      57     121        194
a      57      58      25872
a      57      64      25872
a      57      50      25872
a      58     125        188
a      58      59      25872
a      58      57      25872
a      58      65      25872
a      58      51      25872
a      59     142        240
a      59      60      25872
a      59      58      25872
a      59      66      25872
a      59      52      25872
a      60     115        229
a      60      61      25872
a      60      59      25872
a      60      67      25872
a      60      53      25872
a      61     126        422
a      61      62      25872
a      61      60      25872
a      61      68      25872
a      61      54      25872
a      62     129         95
a      62      63      25872
a      62      61      25872
a      62      69      25872
a      62      55      25872
a      63     111        394
a      63      62      25872
a      63      70      25872
a      63      56      25872
a      64     124        122
a      64      65      25872
a      64      71      25872
a      64      57      25872
a      65     136        502
a      65      66      25872
a      65      64      25872
a      65      72      25872
a      65      58      25872
a      66     118        250
a      66      67      25872
a      66      65      25872
a      66      73      25872
a      66      59      25872
a      67     107        112
a      67      68      25872
a      67      66      25872
a      67      74      25872
a      67      60      25872
a      68     112        401
a      68      69      25872
a      68      67      25872
a      68      75      25872
a      68      61      25872
a      69     105        198
a      69      70      25872
a      69      68      25872
a      69      76      25872
a      69      62      25872
a      70     114        446
a      70      69      25872
a      70      77      25872
a      70      63      25872
a      71     106        394
a      71      72      25872
a      71      78      25872
a      71      64      25872
a      72     119        403
a      72      73      25872
a      72      71      25872
a      72      79      25872
a      72      65      25872
a      73     109        380
a      73      74      25872
a      73      72      25872
a      73      80      25872
a      73      66      25872
a      74     100        494
a      74      75      25872
a      74      73      25872
a      74      81      25872
a      74      67      25872
a      75     141        472
a      75      76      25872
a      75      74      25872
a      75      82      25872
a      75      68      25872
a      76     110        189
a      76      77      25872
a      76      75      25872
a      76      83      25872
a      76      69      25872
a      77     117        323
a      77      76      25872
a      77      84      25872
a      77      70      25872
a      78     116        481
a      78      79      25872
a      78      85      25872
a      78      71      25872
a      79     134        298
a      79      80      25872
a      79      78      25872
a      79      86      25872
a      79      72      25872
a      80     144        350
a      80      81      25872
a      80      79      25872
a      80      87      25872
a      80      73      25872
a      81     123        201
a      81      82      25872
a      81      80      25872
a      81      88      25872
a      81      74      25872
a      82     103        189
a      82      83      25872
a      82      81      25872
a      82      89      25872
a      82      75      25872
a      83     135        249
a      83      84      25872
a      83      82      25872
a      83      90      25872
a      83      76      25872
a      84     137        452
a      84      83      25872
a      84      91      25872
a      84      77      25872
a      85     101        125
a      85      86      25872
a      85      92      25872
a      85      78      25872
a      86     130        192
a      86      87      25872
a      86      85      25872
a      86      93      25872
a      86      79      25872
a      87     108        219
a      87      88      25872
a      87      86      25872
a      87      94      25872
a      87      80      25872
a      88     102        522
a      88      89      25872
a      88      87      25872
a      88      95      25872
a      88      81      25872
a      89     128        338
a      89      90      25872
a      89      88      25872
a      89      96      25872
a      89      82      25872
a      90     138        245
a      90      91      25872
a      90      89      25872
a      90      97      25872
a      90      83      25872
a      91     122        353
a      91      90      25872
a      91      98      25872
a      91      84      25872
a      92     132         57
a      92      93      25872
a      92      85      25872
a      93     143        230
a      93      94      25872
a      93      92      25872
a      93      86      25872
a      94     131        349
a      94      95      25872
a      94      93      25872
a      94      87      25872
a      95     140        287
a      95      96      25872
a      95      94      25872
a      95      88      25872
a      96     147        396
a      96      97      25872
a      96      95      25872
a      96      89      25872
a      97     120        151
a      97      98      25872
a      97      96      25872
a      97      90      25872
a      98     113        470
a      98      97      25872
a      98      91      25872
a      99     195        212
a      99     100      25872
a      99     106      25872
a     100     152        107
a     100     101      25872
a     100      99      25872
a     100     107      25872
a     101     174        302
a     101     102      25872
a     101     100      25872
a     101     108      25872
a     102     179         62
a     102     103      25872
a     102     101      25872
a     102     109      25872
a     103     182        395
a     103     104      25872
a     103     102      25872
a     103     110      25872
a     104     175        255
a     104     105      25872
a     104     103      25872
a     104     111      25872
a     105     160        116
a     105     104      25872
a     105     112      25872
a     106     153        223
a     106     107      25872
a     106     113      25872
a     106      99      25872
a     107     191        421
a     107     108      25872
a     107     106      25872
a     107     114      25872
a     107     100      25872
a     108     184        433
a     108     109      25872
a     108     107      25872
a     108     115      25872
a     108     101      25872
a     109     154        265
a     109     110      25872
a     109     108      25872
a     109     116      25872
a     109     102      25872
a     110     187        367
a     110     111      25872
a     110     109      25872
a     110     117      25872
a     110     103      25872
a     111     161        366
a     111     112      25872
a     111     110      25872
a     111     118      25872
a     111     104      25872
a     112     167        449
a     112     111      25872
a     112     119      25872
a     112     105      25872
a     113     173        346
a     113     114      25872
a     113     120      25872
a     113     106      25872
a     114     150        211
a     114     115      25872
a     114     113      25872
a     114     121      25872
a     114     107      25872
a     115     185        232
a     115     116      25872
a     115     114      25872
a     115     122      25872
a     115     108      25872
a     116     158        478
a     116     117      25872
a     116     115      25872
a     116     123      25872
a     116     109      25872
a     117     189        232
a     117     118      25872
a     117     116      25872
a     117     124      25872
a     117     110      25872
a     118     196        522
a     118     119      25872
a     118     117      25872
a     118     125      25872
a     118     111      25872
a     119     176        385
a     119     118      25872
a     119     126      25872
a     119     112      25872
a     120     156         75
a     120     121      25872
a     120     127      25872
a     120     113      25872
a     121     190        399
a     121     122      25872
a     121     120      25872
a     121     128      25872
a     121     114      25872
a     122     192        147
a     122     123      25872
a     122     121      25872
a     122     129      25872
a     122     115      25872
a     123     171        130
a     123     124      25872
a     123     122      25872
a     123     130      25872
a     123     116      25872
a     124     151        202
a     124     125      25872
a     124     123      25872
a     124     131      25872
a     124     117      25872
a     125     163        130
a     125     126      25872
a     125     124      25872
a     125     132      25872
a     125     118      25872
a     126     180        234
a     126     125      25872
a     126     133      25872
a     126     119      25872
a     127     148        518
a     127     128      25872
a     127     134      25872
a     127     120      25872
a     128     157        238
a     128     129      25872
a     128     127      25872
a     128     135      25872
a     128     121      25872
a     129     186        452
a     129     130      25872
a     129     128      25872
a     129     136      25872
a     129     122      25872
a     130     193        162
a     130     131      25872
a     130     129      25872
a     130     137      25872
a     130     123      25872
a     131     169        314
a     131     132      25872
a     131     130      25872
a     131     138      25872
a     131     124      25872
a     132     159        178
a     132     133      25872
a     132     131      25872
a     132     139      25872
a     132     125      25872
a     133     178        297
a     133     132      25872
a     133     140      25872
a     133     126      25872
a     134     172        360
a     134     135      25872
a     134     141      25872
a     134     127      25872
a     135     181        359
a     135     136      25872
a     135     134      25872
a     135     142      25872
a     135     128      25872
a     136     162        438
a     136     137      25872
a     136     135      25872
a     136     143      25872
a     136     129      25872
a     137     149        423
a     137     138      25872
a     137     136      25872
a     137     144      25872
a     137     130      25872
a     138     155        431
a     138     139      25872
a     138     137      25872
a     138     145      25872
a     138     131      25872
a     139     188        494
a     139     140      25872
a     139     138      25872
a     139     146      25872
a     139     132      25872
a     140     194        212
a     140     139      25872
a     140     147      25872
a     140     133      25872
a     141     166        236
a     141     142      25872
a     141     134      25872
a     142     165        423
a     142     143      25872
a     142     141      25872
a     142     135      25872
a     143     183        377
a     143     144      25872
a     143     142      25872
a     143     136      25872
a     144     177        345
a     144     145      25872
a     144     143      25872
a     144     137      25872
a     145     168        290
a     145     146      25872
a     145     144      25872
a     145     138      25872
a     146     170        187
a     146     147      25872
a     146     145      25872
a     146     139      25872
a     147     164        375
a     147     146      25872
a     147     140      25872
a     148     205        255
a     148     149      25872
a     148     155      25872
a     149     229        297
a     149     150      25872
a     149     148      25872
a     149     156      25872
a     150     220        158
a     150     151      25872
a     150     149      25872
a     150     157      25872
a     151     225        454
a     151     152      25872
a     151     150      25872
a     151     158      25872
a     152     204        404
a     152     153      25872
a     152     151      25872
a     152     159      25872
a     153     232        472
a     153     154      25872
a     153     152      25872
a     153     160      25872
a     154     240        269
a     154     153      25872
a     154     161      25872
a     155     223        460
a     155     156      25872
a     155     162      25872
a     155     148      25872
a     156     217         95
a     156     157      25872
a     156     155      25872
a     156     163      25872
a     156     149      25872
a     157     230        288
a     157     158      25872
a     157     156      25872
a     157     164      25872
a     157     150      25872
a     158     200        146
a     158     159      25872
a     158     157      25872
a     158     165      25872
a     158     151      25872
a     159     218        493
a     159     160      25872
a     159     158      25872
a     159     166      25872
a     159     152      25872
a     160     207        420
a     160     161      25872
a     160     159      25872
a     160     167      25872
a     160     153      25872
a     161     197         62
a     161     160      25872
a     161     168      25872
a     161     154      25872
a     162     214        208
a     162     163      25872
a     162     169      25872
a     162     155      25872
a     163     231        488
a     163     164      25872
a     163     162      25872
a     163     170      25872
a     163     156      25872
a     164     213        446
a     164     165      25872
a     164     163      25872
a     164     171      25872
a     164     157      25872
a     165     209         58
a     165     166      25872
a     165     164      25872
a     165     172      25872
a     165     158      25872
a     166     244        290
a     166     167      25872
a     166     165      25872
a     166     173      25872
a     166     159      25872
a     167     212        261
a     167     168      25872
a     167     166      25872
a     167     174      25872
a     167     160      25872
a     168     216        286
a     168     167      25872
a     168     175      25872
a     168     161      25872
a     169     199        472
a     169     170      25872
a     169     176      25872
a     169     162      25872
a     170     222        158
a     170     171      25872
a     170     169      25872
a     170     177      25872
a     170     163      25872
a     171     227        167
a     171     172      25872
a     171     170      25872
a     171     178      25872
a     171     164      25872
a     172     236        405
a     172     173      25872
a     172     171      25872
a     172     179      25872
a     172     165      25872
a     173     202        217
a     173     174      25872
a     173     172      25872
a     173     180      25872
a     173     166      25872
a     174     239        471
a     174     175      25872
a     174     173      25872
a     174     181      25872
a     174     167      25872
a     175     206        244
a     175     174      25872
a     175     182      25872
a     175     168      25872
a     176     203        436
a     176     177      25872
a     176     183      25872
a     176     169      25872
a     177     242        476
a     177     178      25872
a     177     176      25872
a     177     184      25872
a     177     170      25872
a     178     243        376
a     178     179      25872
a     178     177      25872
a     178     185      25872
a     178     171      25872
a     179     237        413
a     179     180      25872
a     179     178      25872
a     179     186      25872
a     179     172      25872
a     180     224         53
a     180     181      25872
a     180     179      25872
a     180     187      25872
a     180     173      25872
a     181     245        291
a     181     182      25872
a     181     180      25872
a     181     188      25872
a     181     174      25872
a     182     233        111
a     182     181      25872
a     182     189      25872
a     182     175      25872
a     183     234        157
a     183     184      25872
a     183     190      25872
a     183     176      25872
a     184     238        124
a     184     185      25872
a     184     183      25872
a     184     191      25872
a     184     177      25872
a     185     201        243
a     185     186      25872
a     185     184      25872
a     185     192      25872
a     185     178      25872
a     186     210        232
a     186     187      25872
a     186     185      25872
a     186     193      25872
a     186     179      25872
a     187     228        225
a     187     188      25872
a     187     186      25872
a     187     194      25872
a     187     180      25872
a     188     226        327
a     188     189      25872
a     188     187      25872
a     188     195      25872
a     188     181      25872
a     189     208        219
a     189     188      25872
a     189     196      25872
a     189     182      25872
a     190     215        304
a     190     191      25872
a     190     183      25872
a     191     198        220
a     191     192      25872
a     191     190      25872
a     191     184      25872
a     192     241         62
a     192     193      25872
a     192     191      25872
a     192     185      25872
a     193     221        410
a     193     194      25872
a     193     192      25872
a     193     186      25872
a     194     211        436
a     194     195      25872
a     194     193      25872
a     194     187      25872
a     195     235        389
a     195     196      25872
a     195     194      25872
a     195     188      25872
a     196     219        163
a     196     195      25872
a     196     189      25872
a     197     281        483
a     197     198      25872
a     197     204      25872
a     198     294        454
a     198     199      25872
a     198     197      25872
a     198     205      25872
a     199     248        496
a     199     200      25872
a     199     198      25872
a     199     206      25872
a     200     283        341
a     200     201      25872
a     200     199      25872
a     200     207      25872
a     201     270        372
a     201     202      25872
a     201     200      25872
a     201     208      25872
a     202     293        266
a     202     203      25872
a     202     201      25872
a     202     209      25872
a     203     282        388
a     203     202      25872
a     203     210      25872
a     204     267        237
a     204     205      25872
a     204     211      25872
a     204     197      25872
a     205     264         79
a     205     206      25872
a     205     204      25872
a     205     212      25872
a     205     198      25872
a     206     255        330
a     206     207      25872
a     206     205      25872
a     206     213      25872
a     206     199      25872
a     207     286        443
a     207     208      25872
a     207     206      25872
a     207     214      25872
a     207     200      25872
a     208     272        447
a     208     209      25872
a     208     207      25872
a     208     215      25872
a     208     201      25872
a     209     278        356
a     209     210      25872
a     209     208      25872
a     209     216      25872
a     209     202      25872
a     210     263        412
a     210     209      25872
a     210     217      25872
a     210     203      25872
a     211     246        313
a     211     212      25872
a     211     218      25872
a     211     204      25872
a     212     254        417
a     212     213      25872
a     212     211      25872
a     212     219      25872
a     212     205      25872
a     213     257        334
a     213     214      25872
a     213     212      25872
a     213     220      25872
a     213     206      25872
a     214     291        422
a     214     215      25872
a     214     213      25872
a     214     221      25872
a     214     207      25872
a     215     266        466
a     215     216      25872
a     215     214      25872
a     215     222      25872
a     215     208      25872
a     216     253        124
a     216     217      25872
a     216     215      25872
a     216     223      25872
a     216     209      25872
a     217     290        126
a     217     216      25872
a     217     224      25872
a     217     210      25872
a     218     251        441
a     218     219      25872
a     218     225      25872
a     218     211      25872
a     219     250        410
a     219     220      25872
a     219     218      25872
a     219     226      25872
a     219     212      25872
a     220     265        109
a     220     221      25872
a     220     219      25872
a     220     227      25872
a     220     213      25872
a     221     274        235
a     221     222      25872
a     221     220      25872
a     221     228      25872
a     221     214      25872
a     222     268        331
a     222     223      25872
a     222     221      25872
a     222     229      25872
a     222     215      25872
a     223     262        325
a     223     224      25872
a     223     222      25872
a     223     230      25872
a     223     216      25872
a     224     279        393
a     224     223      25872
a     224     231      25872
a     224     217      25872
a     225     252        470
a     225     226      25872
a     225     232      25872
a     225     218      25872
a     226     261        185
a     226     227      25872
a     226     225      25872
a     226     233      25872
a     226     219      25872
a     227     276        115
a     227     228      25872
a     227     226      25872
a     227     234      25872
a     227     220      25872
a     228     287        221
a     228     229      25872
a     228     227      25872
a     228     235      25872
a     228     221      25872
a     229     249        229
a     229     230      25872
a     229     228      25872
a     229     236      25872
a     229     222      25872
a     230     280        225
a     230     231      25872
a     230     229      25872
a     230     237      25872
a     230     223      25872
a     231     260        263
a     231     230      25872
a     231     238      25872
a     231     224      25872
a     232     284        208
a     232     233      25872
a     232     239      25872
a     232     225      25872
a     233     247        401
a     233     234      25872
a     233     232      25872
a     233     240      25872
a     233     226      25872
a     234     271        307
a     234     235      25872
a     234     233      25872
a     234     241      25872
a     234     227      25872
a     235     273        207
a     235     236      25872
a     235     234      25872
a     235     242      25872
a     235     228      25872
a     236     292        243
a     236     237      25872
a     236     235      25872
a     236     243      25872
a     236     229      25872
a     237     277        245
a     237     238      25872
a     237     236      25872
a     237     244      25872
a     237     230      25872
a     238     269        163
a     238     237      25872
a     238     245      25872
a     238     231      25872
a     239     288        329
a     239     240      25872
a     239     232      25872
a     240     285        286
a     240     241      25872
a     240     239      25872
a     240     233      25872
a     241     256        239
a     241     242      25872
a     241     240      25872
a     241     234      25872
a     242     289        463
a     242     243      25872
a     242     241      25872
a     242     235      25872
a     243     259        272
a     243     244      25872
a     243     242      25872
a     243     236      25872
a     244     258        102
a     244     245      25872
a     244     243      25872
a     244     237      25872
a     245     275        209
a     245     244      25872
a     245     238      25872
a     246     312        136
a     246     247      25872
a     246     253      25872
a     247     330         98
a     247     248      25872
a     247     246      25872
a     247     254      25872
a     248     311        138
a     248     249      25872
a     248     247      25872
a     248     255      25872
a     249     320        154
a     249     250      25872
a     249     248      25872
a     249     256      25872
a     250     327         66
a     250     251      25872
a     250     249      25872
a     250     257      25872
a     251     335        296
a     251     252      25872
a     251     250      25872
a     251     258      25872
a     252     328        485
a     252     251      25872
a     252     259      25872
a     253     322         61
a     253     254      25872
a     253     260      25872
a     253     246      25872
a     254     336        352
a     254     255      25872
a     254     253      25872
a     254     261      25872
a     254     247      25872
a     255     316        360
a     255     256      25872
a     255     254      25872
a     255     262      25872
a     255     248      25872
a     256     329        359
a     256     257      25872
a     256     255      25872
a     256     263      25872
a     256     249      25872
a     257     334        134
a     257     258      25872
a     257     256      25872
a     257     264      25872
a     257     250      25872
a     258     313        495
a     258     259      25872
a     258     257      25872
a     258     265      25872
a     258     251      25872
a     259     304        309
a     259     258      25872
a     259     266      25872
a     259     252      25872
a     260     298        445
a     260     261      25872
a     260     267      25872
a     260     253      25872
a     261     321        332
a     261     262      25872
a     261     260      25872
a     261     268      25872
a     261     254      25872
a     262     343         99
a     262     263      25872
a     262     261      25872
a     262     269      25872
a     262     255      25872
a     263     302        479
a     263     264      25872
a     263     262      25872
a     263     270      25872
a     263     256      25872
a     264     324        132
a     264     265      25872
a     264     263      25872
a     264     271      25872
a     264     257      25872
a     265     297        359
a     265     266      25872
a     265     264      25872
a     265     272      25872
a     265     258      25872
a     266     325        274
a     266     265      25872
a     266     273      25872
a     266     259      25872
a     267     310         99
a     267     268      25872
a     267     274      25872
a     267     260      25872
a     268     307        353
a     268     269      25872
a     268     267      25872
a     268     275      25872
a     268     261      25872
a     269     318        156
a     269     270      25872
a     269     268      25872
a     269     276      25872
a     269     262      25872
a     270     338        164
a     270     271      25872
a     270     269      25872
a     270     277      25872
a     270     263      25872
a     271     337        175
a     271     272      25872
a     271     270      25872
a     271     278      25872
a     271     264      25872
a     272     332        420
a     272     273      25872
a     272     271      25872
a     272     279      25872
a     272     265      25872
a     273     319        391
a     273     272      25872
a     273     280      25872
a     273     266      25872
a     274     303        499
a     274     275      25872
a     274     281      25872
a     274     267      25872
a     275     306        412
a     275     276      25872
a     275     274      25872
a     275     282      25872
a     275     268      25872
a     276     309        318
a     276     277      25872
a     276     275      25872
a     276     283      25872
a     276     269      25872
a     277     300        453
a     277     278      25872
a     277     276      25872
a     277     284      25872
a     277     270      25872
a     278     333        216
a     278     279      25872
a     278     277      25872
a     278     285      25872
a     278     271      25872
a     279     299        174
a     279     280      25872
a     279     278      25872
a     279     286      25872
a     279     272      25872
a     280     317        268
a     280     279      25872
a     280     287      25872
a     280     273      25872
a     281     342         99
a     281     282      25872
a     281     288      25872
a     281     274      25872
a     282     301        518
a     282     283      25872
a     282     281      25872
a     282     289      25872
a     282     275      25872
a     283     341        279
a     283     284      25872
a     283     282      25872
a     283     290      25872
a     283     276      25872
a     284     314        149
a     284     285      25872
a     284     283      25872
a     284     291      25872
a     284     277      25872
a     285     305        224
a     285     286      25872
a     285     284      25872
a     285     292      25872
a     285     278      25872
a     286     296        174
a     286     287      25872
a     286     285      25872
a     286     293      25872
a     286     279      25872
a     287     295        525
a     287     286      25872
a     287     294      25872
a     287     280      25872
a     288     339        335
a     288     289      25872
a     288     281      25872
a     289     308        296
a     289     290      25872
a     289     288      25872
a     289     282      25872
a     290     331        317
a     290     291      25872
a     290     289      25872
a     290     283      25872
a     291     326        213
a     291     292      25872
a     291     290      25872
a     291     284      25872
a     292     340        171
a     292     293      25872
a     292     291      25872
a     292     285      25872
a     293     315        287
a     293     294      25872
a     293     292      25872
a     293     286      25872
a     294     323        382
a     294     293      25872
a     294     287      25872
a     295     372        492
a     295     296      25872
a     295     302      25872
a     296     349        181
a     296     297      25872
a     296     295      25872
a     296     303      25872
a     297     392        247
a     297     298      25872
a     297     296      25872
a     297     304      25872
a     298     363        263
a     298     299      25872
a     298     297      25872
a     298     305      25872
a     299     377        423
a     299     300      25872
a     299     298      25872
a     299     306      25872
a     300     389        446
a     300     301      25872
a     300     299      25872
a     300     307      25872
a     301     385        454
a     301     300      25872
a     301     308      25872
a     302     370        384
a     302     303      25872
a     302     309      25872
a     302     295      25872
a     303     366        295
a     303     304      25872
a     303     302      25872
a     303     310      25872
a     303     296      25872
a     304     374        522
a     304     305      25872
a     304     303      25872
a     304     311      25872
a     304     297      25872
a     305     346        468
a     305     306      25872
a     305     304      25872
a     305     312      25872
a     305     298      25872
a     306     355        469
a     306     307      25872
a     306     305      25872
a     306     313      25872
a     306     299      25872
a     307     375         60
a     307     308      25872
a     307     306      25872
a     307     314      25872
a     307     300      25872
a     308     382        510
a     308     307      25872
a     308     315      25872
a     308     301      25872
a     309     352        332
a     309     310      25872
a     309     316      25872
a     309     302      25872
a     310     391         99
a     310     311      25872
a     310     309      25872
a     310     317      25872
a     310     303      25872
a     311     379        190
a     311     312      25872
a     311     310      25872
a     311     318      25872
a     311     304      25872
a     312     345        452
a     312     313      25872
a     312     311      25872
a     312     319      25872
a     312     305      25872
a     313     378        173
a     313     314      25872
a     313     312      25872
a     313     320      25872
a     313     306      25872
a     314     358        266
a     314     315      25872
a     314     313      25872
a     314     321      25872
a     314     307      25872
a     315     365        324
a     315     314      25872
a     315     322      25872
a     315     308      25872
a     316     353        163
a     316     317      25872
a     316     323      25872
a     316     309      25872
a     317     381        475
a     317     318      25872
a     317     316      25872
a     317     324      25872
a     317     310      25872
a     318     360        169
a     318     319      25872
a     318     317      25872
a     318     325      25872
a     318     311      25872
a     319     357        130
a     319     320      25872
a     319     318      25872
a     319     326      25872
a     319     312      25872
a     320     354        480
a     320     321      25872
a     320     319      25872
a     320     327      25872
a     320     313      25872
a     321     380        375
a     321     322      25872
a     321     320      25872
a     321     328      25872
a     321     314      25872
a     322     367        380
a     322     321      25872
a     322     329      25872
a     322     315      25872
a     323     356        515
a     323     324      25872
a     323     330      25872
a     323     316      25872
a     324     384        164
a     324     325      25872
a     324     323      25872
a     324     331      25872
a     324     317      25872
a     325     386        109
a     325     326      25872
a     325     324      25872
a     325     332      25872
a     325     318      25872
a     326     347         83
a     326     327      25872
a     326     325      25872
a     326     333      25872
a     326     319      25872
a     327     350        131
a     327     328      25872
a     327     326      25872
a     327     334      25872
a     327     320      25872
a     328     344        456
a     328     329      25872
a     328     327      25872
a     328     335      25872
a     328     321      25872
a     329     361        365
a     329     328      25872
a     329     336      25872
a     329     322      25872
a     330     348        370
a     330     331      25872
a     330     337      25872
a     330     323      25872
a     331     371        374
a     331     332      25872
a     331     330      25872
a     331     338      25872
a     331     324      25872
a     332     383        484
a     332     333      25872
a     332     331      25872
a     332     339      25872
a     332     325      25872
a     333     376        329
a     333     334      25872
a     333     332      25872
a     333     340      25872
a     333     326      25872
a     334     351        526
a     334     335      25872
a     334     333      25872
a     334     341      25872
a     334     327      25872
a     335     368        397
a     335     336      25872
a     335     334      25872
a     335     342      25872
a     335     328      25872
a     336     369        476
a     336     335      25872
a     336     343      25872
a     336     329      25872
a     337     388        142
a     337     338      25872
a     337     330      25872
a     338     387         55
a     338     339      25872
a     338     337      25872
a     338     331      25872
a     339     390        432
a     339     340      25872
a     339     338      25872
a     339     332      25872
a     340     364        157
a     340     341      25872
a     340     339      25872
a     340     333      25872
a     341     373        343
a     341     342      25872
a     341     340      25872
a     341     334      25872
a     342     359        526
a     342     343      25872
a     342     341      25872
a     342     335      25872
a     343     362        319
a     343     342      25872
a     343     336      25872
a     344     424        398
a     344     345      25872
a     344     351      25872
a     345     403        454
a     345     346      25872
a     345     344      25872
a     345     352      25872
a     346     399        194
a     346     347      25872
a     346     345      25872
a     346     353      25872
a     347     407        131
a     347     348      25872
a     347     346      25872
a     347     354      25872
a     348     416        245
a     348     349      25872
a     348     347      25872
a     348     355      25872
a     349     401         79
a     349     350      25872
a     349     348      25872
a     349     356      25872
a     350     419         56
a     350     349      25872
a     350     357      25872
a     351     432        101
a     351     352      25872
a     351     358      25872
a     351     344      25872
a     352     418        255
a     352     353      25872
a     352     351      25872
a     352     359      25872
a     352     345      25872
a     353     437        219
a     353     354      25872
a     353     352      25872
a     353     360      25872
a     353     346      25872
a     354     404        204
a     354     355      25872
a     354     353      25872
a     354     361      25872
a     354     347      25872
a     355     409        368
a     355     356      25872
a     355     354      25872
a     355     362      25872
a     355     348      25872
a     356     426        212
a     356     357      25872
a     356     355      25872
a     356     363      25872
a     356     349      25872
a     357     433        335
a     357     356      25872
a     357     364      25872
a     357     350      25872
a     358     434         56
a     358     359      25872
a     358     365      25872
a     358     351      25872
a     359     429        131
a     359     360      25872
a     359     358      25872
a     359     366      25872
a     359     352      25872
a     360     405        143
a     360     361      25872
a     360     359      25872
a     360     367      25872
a     360     353      25872
a     361     417        333
a     361     362      25872
a     361     360      25872
a     361     368      25872
a     361     354      25872
a     362     406        213
a     362     363      25872
a     362     361      25872
a     362     369      25872
a     362     355      25872
a     363     428        212
a     363     364      25872
a     363     362      25872
a     363     370      25872
a     363     356      25872
a     364     427        202
a     364     363      25872
a     364     371      25872
a     364     357      25872
a     365     435        459
a     365     366      25872
a     365     372      25872
a     365     358      25872
a     366     398        420
a     366     367      25872
a     366     365      25872
a     366     373      25872
a     366     359      25872
a     367     400         93
a     367     368      25872
a     367     366      25872
a     367     374      25872
a     367     360      25872
a     368     395        203
a     368     369      25872
a     368     367      25872
a     368     375      25872
a     368     361      25872
a     369     423         88
a     369     370      25872
a     369     368      25872
a     369     376      25872
a     369     362      25872
a     370     436         60
a     370     371      25872
a     370     369      25872
a     370     377      25872
a     370     363      25872
a     371     430        143
a     371     370      25872
a     371     378      25872
a     371     364      25872
a     372     421        260
a     372     373      25872
a     372     379      25872
a     372     365      25872
a     373     411        293
a     373     374      25872
a     373     372      25872
a     373     380      25872
a     373     366      25872
a     374     425        163
a     374     375      25872
a     374     373      25872
a     374     381      25872
a     374     367      25872
a     375     402         66
a     375     376      25872
a     375     374      25872
a     375     382      25872
a     375     368      25872
a     376     396        123
a     376     377      25872
a     376     375      25872
a     376     383      25872
a     376     369      25872
a     377     440        280
a     377     378      25872
a     377     376      25872
a     377     384      25872
a     377     370      25872
a     378     394        220
a     378     377      25872
a     378     385      25872
a     378     371      25872
a     379     414         64
a     379     380      25872
a     379     386      25872
a     379     372      25872
a     380     431        298
a     380     381      25872
a     380     379      25872
a     380     387      25872
a     380     373      25872
a     381     415         71
a     381     382      25872
a     381     380      25872
a     381     388      25872
a     381     374      25872
a     382     438         76
a     382     383      25872
a     382     381      25872
a     382     389      25872
a     382     375      25872
a     383     420        457
a     383     384      25872
a     383     382      25872
a     383     390      25872
a     383     376      25872
a     384     412        382
a     384     385      25872
a     384     383      25872
a     384     391      25872
a     384     377      25872
a     385     413        430
a     385     384      25872
a     385     392      25872
a     385     378      25872
a     386     439        248
a     386     387      25872
a     386     379      25872
a     387     410        125
a     387     388      25872
a     387     386      25872
a     387     380      25872
a     388     422         90
a     388     389      25872
a     388     387      25872
a     388     381      25872
a     389     441        136
a     389     390      25872
a     389     388      25872
a     389     382      25872
a     390     397        269
a     390     391      25872
a     390     389      25872
a     390     383      25872
a     391     408        393
a     391     392      25872
a     391     390      25872
a     391     384      25872
a     392     393        314
a     392     391      25872
a     392     385      25872
a     393     394      25872
a     393     400      25872
a     394     395      25872
a     394     393      25872
a     394     401      25872
a     395     396      25872
a     395     394      25872
a     395     402      25872
a     396     397      25872
a     396     395      25872
a     396     403      25872
a     397     398      25872
a     397     396      25872
a     397     404      25872
a     398     399      25872
a     398     397      25872
a     398     405      25872
a     399     398      25872
a     399     406      25872
a     400     401      25872
a     400     407      25872
a     400     393      25872
a     401     402      25872
a     401     400      25872
a     401     408      25872
a     401     394      25872
a     402     403      25872
a     402     401      25872
a     402     409      25872
a     402     395      25872
a     403     404      25872
a     403     402      25872
a     403     410      25872
a     403     396      25872
a     404     405      25872
a     404     403      25872
a     404     411      25872
a     404     397      25872
a     405     406      25872
a     405     404      25872
a     405     412      25872
a     405     398      25872
a     406     405      25872
a     406     413      25872
a     406     399      25872
a     407     408      25872
a     407     414      25872
a     407     400      25872
a     408     409      25872
a     408     407      25872
a     408     415      25872
a     408     401      25872
a     409     410      25872
a     409     408      25872
a     409     416      25872
a     409     402      25872
a     410     411      25872
a     410     409      25872
a     410     417      25872
a     410     403      25872
a     411     412      25872
a     411     410      25872
a     411     418      25872
a     411     404      25872
a     412     413      25872
a     412     411      25872
a     412     419      25872
a     412     405      25872
a     413     412      25872
a     413     420      25872
a     413     406      25872
a     414     415      25872
a     414     421      25872
a     414     407      25872
a     415     416      25872
a     415     414      25872
a     415     422      25872
a     415     408      25872
a     416     417      25872
a     416     415      25872
a     416     423      25872
a     416     409      25872
a     417     418      25872
a     417     416      25872
a     417     424      25872
a     417     410      25872
a     418     419      25872
a     418     417      25872
a     418     425      25872
a     418     411      25872
a     419     420      25872
a     419     418      25872
a     419     426      25872
a     419     412      25872
a     420     419      25872
a     420     427      25872
a     420     413      25872
a     421     422      25872
a     421     428      25872
a     421     414      25872
a     422     423      25872
a     422     421      25872
a     422     429      25872
a     422     415      25872
a     423     424      25872
a     423     422      25872
a     423     430      25872
a     423     416      25872
a     424     425      25872
a     424     423      25872
a     424     431      25872
a     424     417      25872
a     425     426      25872
a     425     424      25872
a     425     432      25872
a     425     418      25872
a     426     427      25872
a     426     425      25872
a     426     433      25872
a     426     419      25872
a     427     426      25872
a     427     434      25872
a     427     420      25872
a     428     429      25872
a     428     435      25872
a     428     421      25872
a     429     430      25872
a     429     428      25872
a     429     436      25872
a     429     422      25872
a     430     431      25872
a     430     429      25872
a     430     437      25872
a     430     423      25872
a     431     432      25872
a     431     430      25872
a     431     438      25872
a     431     424      25872
a     432     433      25872
a     432     431      25872
a     432     439      25872
a     432     425      25872
a     433     434      25872
a     433     432      25872
a     433     440      25872
a     433     426      25872
a     434     433      25872
a     434     441      25872
a     434     427      25872
a     435     436      25872
a     435     428      25872
a     436     437      25872
a     436     435      25872
a     436     429      25872
a     437     438      25872
a     437     436      25872
a     437     430      25872
a     438     439      25872
a     438     437      25872
a     438     431      25872
a     439     440      25872
a     439     438      25872
a     439     432      25872
a     440     441      25872
a     440     439      25872
a     440     433      25872
a     441     440      25872
a     441     434      25872
