c This file was generated by genrmf.
c The parameters are: a: 7 b: 8 c1: 55 c2: 335 seed: 1666103673
p max     392       1687
n       1 s
n     392 t
a       1      54        158
a       1       2      16415
a       1       8      16415
a       2      59        179
a       2       3      16415
a       2       1      16415
a       2       9      16415
a       3      51        116
a       3       4      16415
a       3       2      16415
a       3      10      16415
a       4      89        104
a       4       5      16415
a       4       3      16415
a       4      11      16415
a       5      53        149
a       5       6      16415
a       5       4      16415
a       5      12      16415
a       6      82        173
a       6       7      16415
a       6       5      16415
a       6      13      16415
a       7      76        322
a       7       6      16415
a       7      14      16415
a       8      58        265
a       8       9      16415
a       8      15      16415
a       8       1      16415
a       9      91        207
a       9      10      16415
a       9       8      16415
a       9      16      16415
a       9       2      16415
a      10      72         71
a      10      11      16415
a      10       9      16415
a      10      17      16415
a      10       3      16415
a      11      57        257
a      11      12      16415
a      11      10      16415
a      11      18      16415
a      11       4      16415
a      12      74        225
a      12      13      16415
a      12      11      16415
a      12      19      16415
a      12       5      16415
a      13      73        179
a      13      14      16415
a      13      12      16415
a      13      20      16415
a      13       6      16415
a      14      92         66
a      14      13      16415
a      14      21      16415
a      14       7      16415
a      15      94        178
a      15      16      16415
a      15      22      16415
a      15       8      16415
a      16      65         82
a      16      17      16415
a      16      15      16415
a      16      23      16415
a      16       9      16415
a      17      56        166
a      17      18      16415
a      17      16      16415
a      17      24      16415
a      17      10      16415
a      18      96         91
a      18      19      16415
a      18      17      16415
a      18      25      16415
a      18      11      16415
a      19      83         95
a      19      20      16415
a      19      18      16415
a      19      26      16415
a      19      12      16415
a      20      61        305
a      20      21      16415
a      20      19      16415
a      20      27      16415
a      20      13      16415
a      21      62        140
a      21      20      16415
a      21      28      16415
a      21      14      16415
a      22      86        143
a      22      23      16415
a      22      29      16415
a      22      15      16415
a      23      85        256
a      23      24      16415
a      23      22      16415
a      23      30      16415
a      23      16      16415
a      24      75        152
a      24      25      16415
a      24      23      16415
a      24      31      16415
a      24      17      16415
a      25      98        249
a      25      26      16415
a      25      24      16415
a      25      32      16415
a      25      18      16415
a      26      90        324
a      26      27      16415
a      26      25      16415
a      26      33      16415
a      26      19      16415
a      27      52        280
a      27      28      16415
a      27      26      16415
a      27      34      16415
a      27      20      16415
a      28      80        215
a      28      27      16415
a      28      35      16415
a      28      21      16415
a      29      93        330
a      29      30      16415
a      29      36      16415
a      29      22      16415
a      30      55         66
a      30      31      16415
a      30      29      16415
a      30      37      16415
a      30      23      16415
a      31      71        330
a      31      32      16415
a      31      30      16415
a      31      38      16415
a      31      24      16415
a      32      95         73
a      32      33      16415
a      32      31      16415
a      32      39      16415
a      32      25      16415
a      33      63        261
a      33      34      16415
a      33      32      16415
a      33      40      16415
a      33      26      16415
a      34      77        217
a      34      35      16415
a      34      33      16415
a      34      41      16415
a      34      27      16415
a      35      87        333
a      35      34      16415
a      35      42      16415
a      35      28      16415
a      36      50         76
a      36      37      16415
a      36      43      16415
a      36      29      16415
a      37      68        231
a      37      38      16415
a      37      36      16415
a      37      44      16415
a      37      30      16415
a      38      97        239
a      38      39      16415
a      38      37      16415
a      38      45      16415
a      38      31      16415
a      39      60        313
a      39      40      16415
a      39      38      16415
a      39      46      16415
a      39      32      16415
a      40      64        315
a      40      41      16415
a      40      39      16415
a      40      47      16415
a      40      33      16415
a      41      84        278
a      41      42      16415
a      41      40      16415
a      41      48      16415
a      41      34      16415
a      42      88        148
a      42      41      16415
a      42      49      16415
a      42      35      16415
a      43      70         84
a      43      44      16415
a      43      36      16415
a      44      67         89
a      44      45      16415
a      44      43      16415
a      44      37      16415
a      45      66        233
a      45      46      16415
a      45      44      16415
a      45      38      16415
a      46      79        150
a      46      47      16415
a      46      45      16415
a      46      39      16415
a      47      81        126
a      47      48      16415
a      47      46      16415
a      47      40      16415
a      48      69        105
a      48      49      16415
a      48      47      16415
a      48      41      16415
a      49      78        133
a      49      48      16415
a      49      42      16415
a      50      99        209
a      50      51      16415
a      50      57      16415
a      51     146        225
a      51      52      16415
a      51      50      16415
a      51      58      16415
a      52     127         97
a      52      53      16415
a      52      51      16415
a      52      59      16415
a      53     104        317
a      53      54      16415
a      53      52      16415
a      53      60      16415
a      54     139        170
a      54      55      16415
a      54      53      16415
a      54      61      16415
a      55     133        119
a      55      56      16415
a      55      54      16415
a      55      62      16415
a      56     145        334
a      56      55      16415
a      56      63      16415
a      57     121        138
a      57      58      16415
a      57      64      16415
a      57      50      16415
a      58     125        135
a      58      59      16415
a      58      57      16415
a      58      65      16415
a      58      51      16415
a      59     142        165
a      59      60      16415
a      59      58      16415
a      59      66      16415
a      59      52      16415
a      60     115        159
a      60      61      16415
a      60      59      16415
a      60      67      16415
a      60      53      16415
a      61     126        273
a      61      62      16415
a      61      60      16415
a      61      68      16415
a      61      54      16415
a      62     129         80
a      62      63      16415
a      62      61      16415
a      62      69      16415
a      62      55      16415
a      63     111        256
a      63      62      16415
a      63      70      16415
a      63      56      16415
a      64     124         96
a      64      65      16415
a      64      71      16415
a      64      57      16415
a      65     136        320
a      65      66      16415
a      65      64      16415
a      65      72      16415
a      65      58      16415
a      66     118        171
a      66      67      16415
a      66      65      16415
a      66      73      16415
a      66      59      16415
a      67     107         90
a      67      68      16415
a      67      66      16415
a      67      74      16415
a      67      60      16415
a      68     112        261
a      68      69      16415
a      68      67      16415
a      68      75      16415
a      68      61      16415
a      69     105        141
a      69      70      16415
a      69      68      16415
a      69      76      16415
a      69      62      16415
a      70     114        287
a      70      69      16415
a      70      77      16415
a      70      63      16415
a      71     106        257
a      71      72      16415
a      71      78      16415
a      71      64      16415
a      72     119        262
a      72      73      16415
a      72      71      16415
a      72      79      16415
a      72      65      16415
a      73     109        248
a      73      74      16415
a      73      72      16415
a      73      80      16415
a      73      66      16415
a      74     100        315
a      74      75      16415
a      74      73      16415
a      74      81      16415
a      74      67      16415
a      75     141        302
a      75      76      16415
a      75      74      16415
a      75      82      16415
a      75      68      16415
a      76     110        135
a      76      77      16415
a      76      75      16415
a      76      83      16415
a      76      69      16415
a      77     117        214
a      77      76      16415
a      77      84      16415
a      77      70      16415
a      78     116        307
a      78      79      16415
a      78      85      16415
a      78      71      16415
a      79     134        200
a      79      80      16415
a      79      78      16415
a      79      86      16415
a      79      72      16415
a      80     144        230
a      80      81      16415
a      80      79      16415
a      80      87      16415
a      80      73      16415
a      81     123        142
a      81      82      16415
a      81      80      16415
a      81      88      16415
a      81      74      16415
a      82     103        135
a      82      83      16415
a      82      81      16415
a      82      89      16415
a      82      75      16415
a      83     135        171
a      83      84      16415
a      83      82      16415
a      83      90      16415
a      83      76      16415
a      84     137        290
a      84      83      16415
a      84      91      16415
a      84      77      16415
a      85     101         98
a      85      86      16415
a      85      92      16415
a      85      78      16415
a      86     130        137
a      86      87      16415
a      86      85      16415
a      86      93      16415
a      86      79      16415
a      87     108        153
a      87      88      16415
a      87      86      16415
a      87      94      16415
a      87      80      16415
a      88     102        331
a      88      89      16415
a      88      87      16415
a      88      95      16415
a      88      81      16415
a      89     128        223
a      89      90      16415
a      89      88      16415
a      89      96      16415
a      89      82      16415
a      90     138        168
a      90      91      16415
a      90      89      16415
a      90      97      16415
a      90      83      16415
a      91     122        232
a      91      90      16415
a      91      98      16415
a      91      84      16415
a      92     132         58
a      92      93      16415
a      92      85      16415
a      93     143        160
a      93      94      16415
a      93      92      16415
a      93      86      16415
a      94     131        230
a      94      95      16415
a      94      93      16415
a      94      87      16415
a      95     140        193
a      95      96      16415
a      95      94      16415
a      95      88      16415
a      96     147        257
a      96      97      16415
a      96      95      16415
a      96      89      16415
a      97     120        113
a      97      98      16415
a      97      96      16415
a      97      90      16415
a      98     113        301
a      98      97      16415
a      98      91      16415
a      99     195        149
a      99     100      16415
a      99     106      16415
a     100     152         87
a     100     101      16415
a     100      99      16415
a     100     107      16415
a     101     174        202
a     101     102      16415
a     101     100      16415
a     101     108      16415
a     102     179         61
a     102     103      16415
a     102     101      16415
a     102     109      16415
a     103     182        257
a     103     104      16415
a     103     102      16415
a     103     110      16415
a     104     175        175
a     104     105      16415
a     104     103      16415
a     104     111      16415
a     105     160         93
a     105     104      16415
a     105     112      16415
a     106     153        155
a     106     107      16415
a     106     113      16415
a     106      99      16415
a     107     191        272
a     107     108      16415
a     107     106      16415
a     107     114      16415
a     107     100      16415
a     108     184        279
a     108     109      16415
a     108     107      16415
a     108     115      16415
a     108     101      16415
a     109     154        180
a     109     110      16415
a     109     108      16415
a     109     116      16415
a     109     102      16415
a     110     187        240
a     110     111      16415
a     110     109      16415
a     110     117      16415
a     110     103      16415
a     111     161        240
a     111     112      16415
a     111     110      16415
a     111     118      16415
a     111     104      16415
a     112     167        289
a     112     111      16415
a     112     119      16415
a     112     105      16415
a     113     173        228
a     113     114      16415
a     113     120      16415
a     113     106      16415
a     114     150        149
a     114     115      16415
a     114     113      16415
a     114     121      16415
a     114     107      16415
a     115     185        161
a     115     116      16415
a     115     114      16415
a     115     122      16415
a     115     108      16415
a     116     158        306
a     116     117      16415
a     116     115      16415
a     116     123      16415
a     116     109      16415
a     117     189        161
a     117     118      16415
a     117     116      16415
a     117     124      16415
a     117     110      16415
a     118     196        331
a     118     119      16415
a     118     117      16415
a     118     125      16415
a     118     111      16415
a     119     176        251
a     119     118      16415
a     119     126      16415
a     119     112      16415
a     120     156         68
a     120     121      16415
a     120     127      16415
a     120     113      16415
a     121     190        259
a     121     122      16415
a     121     120      16415
a     121     128      16415
a     121     114      16415
a     122     192        111
a     122     123      16415
a     122     121      16415
a     122     129      16415
a     122     115      16415
a     123     171        101
a     123     124      16415
a     123     122      16415
a     123     130      16415
a     123     116      16415
a     124     151        143
a     124     125      16415
a     124     123      16415
a     124     131      16415
a     124     117      16415
a     125     163        101
a     125     126      16415
a     125     124      16415
a     125     132      16415
a     125     118      16415
a     126     180        162
a     126     125      16415
a     126     133      16415
a     126     119      16415
a     127     148        330
a     127     128      16415
a     127     134      16415
a     127     120      16415
a     128     157        164
a     128     129      16415
a     128     127      16415
a     128     135      16415
a     128     121      16415
a     129     186        291
a     129     130      16415
a     129     128      16415
a     129     136      16415
a     129     122      16415
a     130     193        120
a     130     131      16415
a     130     129      16415
a     130     137      16415
a     130     123      16415
a     131     169        209
a     131     132      16415
a     131     130      16415
a     131     138      16415
a     131     124      16415
a     132     159        129
a     132     133      16415
a     132     131      16415
a     132     139      16415
a     132     125      16415
a     133     178        199
a     133     132      16415
a     133     140      16415
a     133     126      16415
a     134     172        236
a     134     135      16415
a     134     141      16415
a     134     127      16415
a     135     181        236
a     135     136      16415
a     135     134      16415
a     135     142      16415
a     135     128      16415
a     136     162        282
a     136     137      16415
a     136     135      16415
a     136     143      16415
a     136     129      16415
a     137     149        273
a     137     138      16415
a     137     136      16415
a     137     144      16415
a     137     130      16415
a     138     155        278
a     138     139      16415
a     138     137      16415
a     138     145      16415
a     138     131      16415
a     139     188        315
a     139     140      16415
a     139     138      16415
a     139     146      16415
a     139     132      16415
a     140     194        149
a     140     139      16415
a     140     147      16415
a     140     133      16415
a     141     166        163
a     141     142      16415
a     141     134      16415
a     142     165        273
a     142     143      16415
a     142     141      16415
a     142     135      16415
a     143     183        246
a     143     144      16415
a     143     142      16415
a     143     136      16415
a     144     177        227
a     144     145      16415
a     144     143      16415
a     144     137      16415
a     145     168        195
a     145     146      16415
a     145     144      16415
a     145     138      16415
a     146     170        134
a     146     147      16415
a     146     145      16415
a     146     139      16415
a     147     164        245
a     147     146      16415
a     147     140      16415
a     148     205        175
a     148     149      16415
a     148     155      16415
a     149     229        199
a     149     150      16415
a     149     148      16415
a     149     156      16415
a     150     220        117
a     150     151      16415
a     150     149      16415
a     150     157      16415
a     151     225        291
a     151     152      16415
a     151     150      16415
a     151     158      16415
a     152     204        262
a     152     153      16415
a     152     151      16415
a     152     159      16415
a     153     232        302
a     153     154      16415
a     153     152      16415
a     153     160      16415
a     154     240        183
a     154     153      16415
a     154     161      16415
a     155     223        295
a     155     156      16415
a     155     162      16415
a     155     148      16415
a     156     217         80
a     156     157      16415
a     156     155      16415
a     156     163      16415
a     156     149      16415
a     157     230        194
a     157     158      16415
a     157     156      16415
a     157     164      16415
a     157     150      16415
a     158     200        110
a     158     159      16415
a     158     157      16415
a     158     165      16415
a     158     151      16415
a     159     218        315
a     159     160      16415
a     159     158      16415
a     159     166      16415
a     159     152      16415
a     160     207        272
a     160     161      16415
a     160     159      16415
a     160     167      16415
a     160     153      16415
a     161     197         61
a     161     160      16415
a     161     168      16415
a     161     154      16415
a     162     214        147
a     162     163      16415
a     162     169      16415
a     162     155      16415
a     163     231        312
a     163     164      16415
a     163     162      16415
a     163     170      16415
a     163     156      16415
a     164     213        287
a     164     165      16415
a     164     163      16415
a     164     171      16415
a     164     157      16415
a     165     209         59
a     165     166      16415
a     165     164      16415
a     165     172      16415
a     165     158      16415
a     166     244        195
a     166     167      16415
a     166     165      16415
a     166     173      16415
a     166     159      16415
a     167     212        178
a     167     168      16415
a     167     166      16415
a     167     174      16415
a     167     160      16415
a     168     216        193
a     168     167      16415
a     168     175      16415
a     168     161      16415
a     169     199        302
a     169     170      16415
a     169     176      16415
a     169     162      16415
a     170     222        117
a     170     171      16415
a     170     169      16415
a     170     177      16415
a     170     163      16415
a     171     227        122
a     171     172      16415
a     171     170      16415
a     171     178      16415
a     171     164      16415
a     172     236        263
a     172     173      16415
a     172     171      16415
a     172     179      16415
a     172     165      16415
a     173     202        152
a     173     174      16415
a     173     172      16415
a     173     180      16415
a     173     166      16415
a     174     239        302
a     174     175      16415
a     174     173      16415
a     174     181      16415
a     174     167      16415
a     175     206        168
a     175     174      16415
a     175     182      16415
a     175     168      16415
a     176     203        281
a     176     177      16415
a     176     183      16415
a     176     169      16415
a     177     242        305
a     177     178      16415
a     177     176      16415
a     177     184      16415
a     177     170      16415
a     178     243        246
a     178     179      16415
a     178     177      16415
a     178     185      16415
a     178     171      16415
a     179     237        268
a     179     180      16415
a     179     178      16415
a     179     186      16415
a     179     172      16415
a     180     224         56
a     180     181      16415
a     180     179      16415
a     180     187      16415
a     180     173      16415
a     181     245        196
a     181     182      16415
a     181     180      16415
a     181     188      16415
a     181     174      16415
a     182     233         90
a     182     181      16415
a     182     189      16415
a     182     175      16415
a     183     234        116
a     183     184      16415
a     183     190      16415
a     183     176      16415
a     184     238         97
a     184     185      16415
a     184     183      16415
a     184     191      16415
a     184     177      16415
a     185     201        167
a     185     186      16415
a     185     184      16415
a     185     192      16415
a     185     178      16415
a     186     210        161
a     186     187      16415
a     186     185      16415
a     186     193      16415
a     186     179      16415
a     187     228        157
a     187     188      16415
a     187     186      16415
a     187     194      16415
a     187     180      16415
a     188     226        217
a     188     189      16415
a     188     187      16415
a     188     195      16415
a     188     181      16415
a     189     208        153
a     189     188      16415
a     189     196      16415
a     189     182      16415
a     190     215        203
a     190     191      16415
a     190     183      16415
a     191     198        154
a     191     192      16415
a     191     190      16415
a     191     184      16415
a     192     241         61
a     192     193      16415
a     192     191      16415
a     192     185      16415
a     193     221        266
a     193     194      16415
a     193     192      16415
a     193     186      16415
a     194     211        281
a     194     195      16415
a     194     193      16415
a     194     187      16415
a     195     235        254
a     195     196      16415
a     195     194      16415
a     195     188      16415
a     196     219        120
a     196     195      16415
a     196     189      16415
a     197     281        308
a     197     198      16415
a     197     204      16415
a     198     294        291
a     198     199      16415
a     198     197      16415
a     198     205      16415
a     199     248        316
a     199     200      16415
a     199     198      16415
a     199     206      16415
a     200     283        225
a     200     201      16415
a     200     199      16415
a     200     207      16415
a     201     270        244
a     201     202      16415
a     201     200      16415
a     201     208      16415
a     202     293        181
a     202     203      16415
a     202     201      16415
a     202     209      16415
a     203     282        253
a     203     202      16415
a     203     210      16415
a     204     267        164
a     204     205      16415
a     204     211      16415
a     204     197      16415
a     205     264         71
a     205     206      16415
a     205     204      16415
a     205     212      16415
a     205     198      16415
a     206     255        219
a     206     207      16415
a     206     205      16415
a     206     213      16415
a     206     199      16415
a     207     286        285
a     207     208      16415
a     207     206      16415
a     207     214      16415
a     207     200      16415
a     208     272        288
a     208     209      16415
a     208     207      16415
a     208     215      16415
a     208     201      16415
a     209     278        234
a     209     210      16415
a     209     208      16415
a     209     216      16415
a     209     202      16415
a     210     263        267
a     210     209      16415
a     210     217      16415
a     210     203      16415
a     211     246        209
a     211     212      16415
a     211     218      16415
a     211     204      16415
a     212     254        270
a     212     213      16415
a     212     211      16415
a     212     219      16415
a     212     205      16415
a     213     257        221
a     213     214      16415
a     213     212      16415
a     213     220      16415
a     213     206      16415
a     214     291        273
a     214     215      16415
a     214     213      16415
a     214     221      16415
a     214     207      16415
a     215     266        299
a     215     216      16415
a     215     214      16415
a     215     222      16415
a     215     208      16415
a     216     253         97
a     216     217      16415
a     216     215      16415
a     216     223      16415
a     216     209      16415
a     217     290         99
a     217     216      16415
a     217     224      16415
a     217     210      16415
a     218     251        284
a     218     219      16415
a     218     225      16415
a     218     211      16415
a     219     250        266
a     219     220      16415
a     219     218      16415
a     219     226      16415
a     219     212      16415
a     220     265         88
a     220     221      16415
a     220     219      16415
a     220     227      16415
a     220     213      16415
a     221     274        162
a     221     222      16415
a     221     220      16415
a     221     228      16415
a     221     214      16415
a     222     268        219
a     222     223      16415
a     222     221      16415
a     222     229      16415
a     222     215      16415
a     223     262        215
a     223     224      16415
a     223     222      16415
a     223     230      16415
a     223     216      16415
a     224     279        256
a     224     223      16415
a     224     231      16415
a     224     217      16415
a     225     252        301
a     225     226      16415
a     225     232      16415
a     225     218      16415
a     226     261        133
a     226     227      16415
a     226     225      16415
a     226     233      16415
a     226     219      16415
a     227     276         92
a     227     228      16415
a     227     226      16415
a     227     234      16415
a     227     220      16415
a     228     287        154
a     228     229      16415
a     228     227      16415
a     228     235      16415
a     228     221      16415
a     229     249        159
a     229     230      16415
a     229     228      16415
a     229     236      16415
a     229     222      16415
a     230     280        157
a     230     231      16415
a     230     229      16415
a     230     237      16415
a     230     223      16415
a     231     260        179
a     231     230      16415
a     231     238      16415
a     231     224      16415
a     232     284        147
a     232     233      16415
a     232     239      16415
a     232     225      16415
a     233     247        260
a     233     234      16415
a     233     232      16415
a     233     240      16415
a     233     226      16415
a     234     271        205
a     234     235      16415
a     234     233      16415
a     234     241      16415
a     234     227      16415
a     235     273        146
a     235     236      16415
a     235     234      16415
a     235     242      16415
a     235     228      16415
a     236     292        167
a     236     237      16415
a     236     235      16415
a     236     243      16415
a     236     229      16415
a     237     277        168
a     237     238      16415
a     237     236      16415
a     237     244      16415
a     237     230      16415
a     238     269        120
a     238     237      16415
a     238     245      16415
a     238     231      16415
a     239     288        218
a     239     240      16415
a     239     232      16415
a     240     285        193
a     240     241      16415
a     240     239      16415
a     240     233      16415
a     241     256        165
a     241     242      16415
a     241     240      16415
a     241     234      16415
a     242     289        297
a     242     243      16415
a     242     241      16415
a     242     235      16415
a     243     259        185
a     243     244      16415
a     243     242      16415
a     243     236      16415
a     244     258         84
a     244     245      16415
a     244     243      16415
a     244     237      16415
a     245     275        147
a     245     244      16415
a     245     238      16415
a     246     312        104
a     246     247      16415
a     246     253      16415
a     247     330         82
a     247     248      16415
a     247     246      16415
a     247     254      16415
a     248     311        105
a     248     249      16415
a     248     247      16415
a     248     255      16415
a     249     320        115
a     249     250      16415
a     249     248      16415
a     249     256      16415
a     250     327         63
a     250     251      16415
a     250     249      16415
a     250     257      16415
a     251     335        198
a     251     252      16415
a     251     250      16415
a     251     258      16415
a     252     328        310
a     252     251      16415
a     252     259      16415
a     253     322         60
a     253     254      16415
a     253     260      16415
a     253     246      16415
a     254     336        231
a     254     255      16415
a     254     253      16415
a     254     261      16415
a     254     247      16415
a     255     316        236
a     255     256      16415
a     255     254      16415
a     255     262      16415
a     255     248      16415
a     256     329        236
a     256     257      16415
a     256     255      16415
a     256     263      16415
a     256     249      16415
a     257     334        103
a     257     258      16415
a     257     256      16415
a     257     264      16415
a     257     250      16415
a     258     313        316
a     258     259      16415
a     258     257      16415
a     258     265      16415
a     258     251      16415
a     259     304        206
a     259     258      16415
a     259     266      16415
a     259     252      16415
a     260     298        286
a     260     261      16415
a     260     267      16415
a     260     253      16415
a     261     321        220
a     261     262      16415
a     261     260      16415
a     261     268      16415
a     261     254      16415
a     262     343         83
a     262     263      16415
a     262     261      16415
a     262     269      16415
a     262     255      16415
a     263     302        306
a     263     264      16415
a     263     262      16415
a     263     270      16415
a     263     256      16415
a     264     324        102
a     264     265      16415
a     264     263      16415
a     264     271      16415
a     264     257      16415
a     265     297        235
a     265     266      16415
a     265     264      16415
a     265     272      16415
a     265     258      16415
a     266     325        185
a     266     265      16415
a     266     273      16415
a     266     259      16415
a     267     310         82
a     267     268      16415
a     267     274      16415
a     267     260      16415
a     268     307        232
a     268     269      16415
a     268     267      16415
a     268     275      16415
a     268     261      16415
a     269     318        116
a     269     270      16415
a     269     268      16415
a     269     276      16415
a     269     262      16415
a     270     338        121
a     270     271      16415
a     270     269      16415
a     270     277      16415
a     270     263      16415
a     271     337        127
a     271     272      16415
a     271     270      16415
a     271     278      16415
a     271     264      16415
a     272     332        272
a     272     273      16415
a     272     271      16415
a     272     279      16415
a     272     265      16415
a     273     319        254
a     273     272      16415
a     273     280      16415
a     273     266      16415
a     274     303        318
a     274     275      16415
a     274     281      16415
a     274     267      16415
a     275     306        267
a     275     276      16415
a     275     274      16415
a     275     282      16415
a     275     268      16415
a     276     309        211
a     276     277      16415
a     276     275      16415
a     276     283      16415
a     276     269      16415
a     277     300        291
a     277     278      16415
a     277     276      16415
a     277     284      16415
a     277     270      16415
a     278     333        151
a     278     279      16415
a     278     277      16415
a     278     285      16415
a     278     271      16415
a     279     299        127
a     279     280      16415
a     279     278      16415
a     279     286      16415
a     279     272      16415
a     280     317        182
a     280     279      16415
a     280     287      16415
a     280     273      16415
a     281     342         83
a     281     282      16415
a     281     288      16415
a     281     274      16415
a     282     301        329
a     282     283      16415
a     282     281      16415
a     282     289      16415
a     282     275      16415
a     283     341        188
a     283     284      16415
a     283     282      16415
a     283     290      16415
a     283     276      16415
a     284     314        112
a     284     285      16415
a     284     283      16415
a     284     291      16415
a     284     277      16415
a     285     305        156
a     285     286      16415
a     285     284      16415
a     285     292      16415
a     285     278      16415
a     286     296        127
a     286     287      16415
a     286     285      16415
a     286     293      16415
a     286     279      16415
a     287     295        334
a     287     286      16415
a     287     294      16415
a     287     280      16415
a     288     339        221
a     288     289      16415
a     288     281      16415
a     289     308        199
a     289     290      16415
a     289     288      16415
a     289     282      16415
a     290     331        211
a     290     291      16415
a     290     289      16415
a     290     283      16415
a     291     326        150
a     291     292      16415
a     291     290      16415
a     291     284      16415
a     292     340        125
a     292     293      16415
a     292     291      16415
a     292     285      16415
a     293     315        193
a     293     294      16415
a     293     292      16415
a     293     286      16415
a     294     323        249
a     294     293      16415
a     294     287      16415
a     295     372        314
a     295     296      16415
a     295     302      16415
a     296     349        131
a     296     297      16415
a     296     295      16415
a     296     303      16415
a     297     392        170
a     297     298      16415
a     297     296      16415
a     297     304      16415
a     298     363        179
a     298     299      16415
a     298     297      16415
a     298     305      16415
a     299     377        273
a     299     300      16415
a     299     298      16415
a     299     306      16415
a     300     389        287
a     300     301      16415
a     300     299      16415
a     300     307      16415
a     301     385        292
a     301     300      16415
a     301     308      16415
a     302     370        251
a     302     303      16415
a     302     309      16415
a     302     295      16415
a     303     366        198
a     303     304      16415
a     303     302      16415
a     303     310      16415
a     303     296      16415
a     304     374        332
a     304     305      16415
a     304     303      16415
a     304     311      16415
a     304     297      16415
a     305     346        300
a     305     306      16415
a     305     304      16415
a     305     312      16415
a     305     298      16415
a     306     355        301
a     306     307      16415
a     306     305      16415
a     306     313      16415
a     306     299      16415
a     307     375         59
a     307     308      16415
a     307     306      16415
a     307     314      16415
a     307     300      16415
a     308     382        325
a     308     307      16415
a     308     315      16415
a     308     301      16415
a     309     352        220
a     309     310      16415
a     309     316      16415
a     309     302      16415
a     310     391         83
a     310     311      16415
a     310     309      16415
a     310     317      16415
a     310     303      16415
a     311     379        136
a     311     312      16415
a     311     310      16415
a     311     318      16415
a     311     304      16415
a     312     345        291
a     312     313      16415
a     312     311      16415
a     312     319      16415
a     312     305      16415
a     313     378        126
a     313     314      16415
a     313     312      16415
a     313     320      16415
a     313     306      16415
a     314     358        181
a     314     315      16415
a     314     313      16415
a     314     321      16415
a     314     307      16415
a     315     365        215
a     315     314      16415
a     315     322      16415
a     315     308      16415
a     316     353        120
a     316     317      16415
a     316     323      16415
a     316     309      16415
a     317     381        304
a     317     318      16415
a     317     316      16415
a     317     324      16415
a     317     310      16415
a     318     360        124
a     318     319      16415
a     318     317      16415
a     318     325      16415
a     318     311      16415
a     319     357        100
a     319     320      16415
a     319     318      16415
a     319     326      16415
a     319     312      16415
a     320     354        307
a     320     321      16415
a     320     319      16415
a     320     327      16415
a     320     313      16415
a     321     380        245
a     321     322      16415
a     321     320      16415
a     321     328      16415
a     321     314      16415
a     322     367        248
a     322     321      16415
a     322     329      16415
a     322     315      16415
a     323     356        328
a     323     324      16415
a     323     330      16415
a     323     316      16415
a     324     384        121
a     324     325      16415
a     324     323      16415
a     324     331      16415
a     324     317      16415
a     325     386         88
a     325     326      16415
a     325     324      16415
a     325     332      16415
a     325     318      16415
a     326     347         73
a     326     327      16415
a     326     325      16415
a     326     333      16415
a     326     319      16415
a     327     350        101
a     327     328      16415
a     327     326      16415
a     327     334      16415
a     327     320      16415
a     328     344        293
a     328     329      16415
a     328     327      16415
a     328     335      16415
a     328     321      16415
a     329     361        239
a     329     328      16415
a     329     336      16415
a     329     322      16415
a     330     348        242
a     330     331      16415
a     330     337      16415
a     330     323      16415
a     331     371        245
a     331     332      16415
a     331     330      16415
a     331     338      16415
a     331     324      16415
a     332     383        309
a     332     333      16415
a     332     331      16415
a     332     339      16415
a     332     325      16415
a     333     376        218
a     333     334      16415
a     333     332      16415
a     333     340      16415
a     333     326      16415
a     334     351        334
a     334     335      16415
a     334     333      16415
a     334     341      16415
a     334     327      16415
a     335     368        258
a     335     336      16415
a     335     334      16415
a     335     342      16415
a     335     328      16415
a     336     369        304
a     336     335      16415
a     336     343      16415
a     336     329      16415
a     337     388        108
a     337     338      16415
a     337     330      16415
a     338     387         57
a     338     339      16415
a     338     337      16415
a     338     331      16415
a     339     390        279
a     339     340      16415
a     339     338      16415
a     339     332      16415
a     340     364        116
a     340     341      16415
a     340     339      16415
a     340     333      16415
a     341     373        226
a     341     342      16415
a     341     340      16415
a     341     334      16415
a     342     359        334
a     342     343      16415
a     342     341      16415
a     342     335      16415
a     343     362        212
a     343     342      16415
a     343     336      16415
a     344     345      16415
a     344     351      16415
a     345     346      16415
a     345     344      16415
a     345     352      16415
a     346     347      16415
a     346     345      16415
a     346     353      16415
a     347     348      16415
a     347     346      16415
a     347     354      16415
a     348     349      16415
a     348     347      16415
a     348     355      16415
a     349     350      16415
a     349     348      16415
a     349     356      16415
a     350     349      16415
a     350     357      16415
a     351     352      16415
a     351     358      16415
a     351     344      16415
a     352     353      16415
a     352     351      16415
a     352     359      16415
a     352     345      16415
a     353     354      16415
a     353     352      16415
a     353     360      16415
a     353     346      16415
a     354     355      16415
a     354     353      16415
a     354     361      16415
a     354     347      16415
a     355     356      16415
a     355     354      16415
a     355     362      16415
a     355     348      16415
a     356     357      16415
a     356     355      16415
a     356     363      16415
a     356     349      16415
a     357     356      16415
a     357     364      16415
a     357     350      16415
a     358     359      16415
a     358     365      16415
a     358     351      16415
a     359     360      16415
a     359     358      16415
a     359     366      16415
a     359     352      16415
a     360     361      16415
a     360     359      16415
a     360     367      16415
a     360     353      16415
a     361     362      16415
a     361     360      16415
a     361     368      16415
a     361     354      16415
a     362     363      16415
a     362     361      16415
a     362     369      16415
a     362     355      16415
a     363     364      16415
a     363     362      16415
a     363     370      16415
a     363     356      16415
a     364     363      16415
a     364     371      16415
a     364     357      16415
a     365     366      16415
a     365     372      16415
a     365     358      16415
a     366     367      16415
a     366     365      16415
a     366     373      16415
a     366     359      16415
a     367     368      16415
a     367     366      16415
a     367     374      16415
a     367     360      16415
a     368     369      16415
a     368     367      16415
a     368     375      16415
a     368     361      16415
a     369     370      16415
a     369     368      16415
a     369     376      16415
a     369     362      16415
a     370     371      16415
a     370     369      16415
a     370     377      16415
a     370     363      16415
a     371     370      16415
a     371     378      16415
a     371     364      16415
a     372     373      16415
a     372     379      16415
a     372     365      16415
a     373     374      16415
a     373     372      16415
a     373     380      16415
a     373     366      16415
a     374     375      16415
a     374     373      16415
a     374     381      16415
a     374     367      16415
a     375     376      16415
a     375     374      16415
a     375     382      16415
a     375     368      16415
a     376     377      16415
a     376     375      16415
a     376     383      16415
a     376     369      16415
a     377     378      16415
a     377     376      16415
a     377     384      16415
a     377     370      16415
a     378     377      16415
a     378     385      16415
a     378     371      16415
a     379     380      16415
a     379     386      16415
a     379     372      16415
a     380     381      16415
a     380     379      16415
a     380     387      16415
a     380     373      16415
a     381     382      16415
a     381     380      16415
a     381     388      16415
a     381     374      16415
a     382     383      16415
a     382     381      16415
a     382     389      16415
a     382     375      16415
a     383     384      16415
a     383     382      16415
a     383     390      16415
a     383     376      16415
a     384     385      16415
a     384     383      16415
a     384     391      16415
a     384     377      16415
a     385     384      16415
a     385     392      16415
a     385     378      16415
a     386     387      16415
a     386     379      16415
a     387     388      16415
a     387     386      16415
a     387     380      16415
a     388     389      16415
a     388     387      16415
a     388     381      16415
a     389     390      16415
a     389     388      16415
a     389     382      16415
a     390     391      16415
a     390     389      16415
a     390     383      16415
a     391     392      16415
a     391     390      16415
a     391     384      16415
a     392     391      16415
a     392     385      16415
