c This file was generated by genrmf.
c The parameters are: a: 5 b: 11 c1: 322 c2: 644 seed: 1666103673
p max     275       1130
n       1 s
n     275 t
a       1      28        638
a       1       2      16100
a       1       6      16100
a       2      31        531
a       2       3      16100
a       2       1      16100
a       2       7      16100
a       3      27        457
a       3       4      16100
a       3       2      16100
a       3       8      16100
a       4      46        370
a       4       5      16100
a       4       3      16100
a       4       9      16100
a       5      29        559
a       5       4      16100
a       5      10      16100
a       6      43        378
a       6       7      16100
a       6      11      16100
a       6       1      16100
a       7      41        426
a       7       8      16100
a       7       6      16100
a       7      12      16100
a       7       2      16100
a       8      33        584
a       8       9      16100
a       8       7      16100
a       8      13      16100
a       8       3      16100
a       9      47        520
a       9      10      16100
a       9       8      16100
a       9      14      16100
a       9       4      16100
a      10      40        382
a      10       9      16100
a      10      15      16100
a      10       5      16100
a      11      34        389
a      11      12      16100
a      11      16      16100
a      11       6      16100
a      12      42        427
a      12      13      16100
a      12      11      16100
a      12      17      16100
a      12       7      16100
a      13      32        342
a      13      14      16100
a      13      12      16100
a      13      18      16100
a      13       8      16100
a      14      48        603
a      14      15      16100
a      14      13      16100
a      14      19      16100
a      14       9      16100
a      15      49        427
a      15      14      16100
a      15      20      16100
a      15      10      16100
a      16      38        495
a      16      17      16100
a      16      21      16100
a      16      11      16100
a      17      44        584
a      17      18      16100
a      17      16      16100
a      17      22      16100
a      17      12      16100
a      18      50        334
a      18      19      16100
a      18      17      16100
a      18      23      16100
a      18      13      16100
a      19      36        557
a      19      20      16100
a      19      18      16100
a      19      24      16100
a      19      14      16100
a      20      30        525
a      20      19      16100
a      20      25      16100
a      20      15      16100
a      21      45        352
a      21      22      16100
a      21      16      16100
a      22      35        559
a      22      23      16100
a      22      21      16100
a      22      17      16100
a      23      37        438
a      23      24      16100
a      23      22      16100
a      23      18      16100
a      24      39        626
a      24      25      16100
a      24      23      16100
a      24      19      16100
a      25      26        441
a      25      24      16100
a      25      20      16100
a      26      67        631
a      26      27      16100
a      26      31      16100
a      27      66        580
a      27      28      16100
a      27      26      16100
a      27      32      16100
a      28      56        506
a      28      29      16100
a      28      27      16100
a      28      33      16100
a      29      59        638
a      29      30      16100
a      29      28      16100
a      29      34      16100
a      30      57        335
a      30      29      16100
a      30      35      16100
a      31      51        638
a      31      32      16100
a      31      36      16100
a      31      26      16100
a      32      70        343
a      32      33      16100
a      32      31      16100
a      32      37      16100
a      32      27      16100
a      33      69        559
a      33      34      16100
a      33      32      16100
a      33      38      16100
a      33      28      16100
a      34      72        508
a      34      35      16100
a      34      33      16100
a      34      39      16100
a      34      29      16100
a      35      52        642
a      35      34      16100
a      35      40      16100
a      35      30      16100
a      36      55        346
a      36      37      16100
a      36      41      16100
a      36      31      16100
a      37      75        525
a      37      38      16100
a      37      36      16100
a      37      42      16100
a      37      32      16100
a      38      54        534
a      38      39      16100
a      38      37      16100
a      38      43      16100
a      38      33      16100
a      39      61        619
a      39      40      16100
a      39      38      16100
a      39      44      16100
a      39      34      16100
a      40      63        621
a      40      39      16100
a      40      45      16100
a      40      35      16100
a      41      73        579
a      41      42      16100
a      41      46      16100
a      41      36      16100
a      42      53        429
a      42      43      16100
a      42      41      16100
a      42      47      16100
a      42      37      16100
a      43      74        356
a      43      44      16100
a      43      42      16100
a      43      48      16100
a      43      38      16100
a      44      68        361
a      44      45      16100
a      44      43      16100
a      44      49      16100
a      44      39      16100
a      45      65        526
a      45      44      16100
a      45      50      16100
a      45      40      16100
a      46      60        431
a      46      47      16100
a      46      41      16100
a      47      64        403
a      47      48      16100
a      47      46      16100
a      47      42      16100
a      48      71        380
a      48      49      16100
a      48      47      16100
a      48      43      16100
a      49      58        412
a      49      50      16100
a      49      48      16100
a      49      44      16100
a      50      62        559
a      50      49      16100
a      50      45      16100
a      51      93        448
a      51      52      16100
a      51      56      16100
a      52      87        624
a      52      53      16100
a      52      51      16100
a      52      57      16100
a      53      98        457
a      53      54      16100
a      53      52      16100
a      53      58      16100
a      54      86        566
a      54      55      16100
a      54      53      16100
a      54      59      16100
a      55      89        532
a      55      54      16100
a      55      60      16100
a      56      80        354
a      56      57      16100
a      56      61      16100
a      56      51      16100
a      57      95        375
a      57      58      16100
a      57      56      16100
a      57      62      16100
a      57      52      16100
a      58     100        390
a      58      59      16100
a      58      57      16100
a      58      63      16100
a      58      53      16100
a      59      78        547
a      59      60      16100
a      59      58      16100
a      59      64      16100
a      59      54      16100
a      60      83        486
a      60      59      16100
a      60      65      16100
a      60      55      16100
a      61      92        609
a      61      62      16100
a      61      66      16100
a      61      56      16100
a      62      97        572
a      62      63      16100
a      62      61      16100
a      62      67      16100
a      62      57      16100
a      63      88        340
a      63      64      16100
a      63      62      16100
a      63      68      16100
a      63      58      16100
a      64      94        438
a      64      65      16100
a      64      63      16100
a      64      69      16100
a      64      59      16100
a      65      85        517
a      65      64      16100
a      65      70      16100
a      65      60      16100
a      66      91        410
a      66      67      16100
a      66      71      16100
a      66      61      16100
a      67      90        541
a      67      68      16100
a      67      66      16100
a      67      72      16100
a      67      62      16100
a      68      79        563
a      68      69      16100
a      68      67      16100
a      68      73      16100
a      68      63      16100
a      69      81        522
a      69      70      16100
a      69      68      16100
a      69      74      16100
a      69      64      16100
a      70      82        564
a      70      69      16100
a      70      75      16100
a      70      65      16100
a      71      76        410
a      71      72      16100
a      71      66      16100
a      72      99        568
a      72      73      16100
a      72      71      16100
a      72      67      16100
a      73      77        371
a      73      74      16100
a      73      72      16100
a      73      68      16100
a      74      84        499
a      74      75      16100
a      74      73      16100
a      74      69      16100
a      75      96        517
a      75      74      16100
a      75      70      16100
a      76     111        414
a      76      77      16100
a      76      81      16100
a      77     109        505
a      77      78      16100
a      77      76      16100
a      77      82      16100
a      78     122        612
a      78      79      16100
a      78      77      16100
a      78      83      16100
a      79     103        489
a      79      80      16100
a      79      78      16100
a      79      84      16100
a      80     121        524
a      80      79      16100
a      80      85      16100
a      81     117        422
a      81      82      16100
a      81      86      16100
a      81      76      16100
a      82     123        414
a      82      83      16100
a      82      81      16100
a      82      87      16100
a      82      77      16100
a      83     110        455
a      83      84      16100
a      83      82      16100
a      83      88      16100
a      83      78      16100
a      84     125        592
a      84      85      16100
a      84      83      16100
a      84      89      16100
a      84      79      16100
a      85     124        371
a      85      84      16100
a      85      90      16100
a      85      80      16100
a      86     120        417
a      86      87      16100
a      86      91      16100
a      86      81      16100
a      87     108        435
a      87      88      16100
a      87      86      16100
a      87      92      16100
a      87      82      16100
a      88     119        640
a      88      89      16100
a      88      87      16100
a      88      93      16100
a      88      83      16100
a      89     114        515
a      89      90      16100
a      89      88      16100
a      89      94      16100
a      89      84      16100
a      90     106        453
a      90      89      16100
a      90      95      16100
a      90      85      16100
a      91     115        525
a      91      92      16100
a      91      96      16100
a      91      86      16100
a      92     102        325
a      92      93      16100
a      92      91      16100
a      92      97      16100
a      92      87      16100
a      93     107        442
a      93      94      16100
a      93      92      16100
a      93      98      16100
a      93      88      16100
a      94     112        523
a      94      95      16100
a      94      93      16100
a      94      99      16100
a      94      89      16100
a      95     118        481
a      95      94      16100
a      95     100      16100
a      95      90      16100
a      96     104        555
a      96      97      16100
a      96      91      16100
a      97     101        389
a      97      98      16100
a      97      96      16100
a      97      92      16100
a      98     113        605
a      98      99      16100
a      98      97      16100
a      98      93      16100
a      99     116        332
a      99     100      16100
a      99      98      16100
a      99      94      16100
a     100     105        532
a     100      99      16100
a     100      95      16100
a     101     128        429
a     101     102      16100
a     101     106      16100
a     102     137        576
a     102     103      16100
a     102     101      16100
a     102     107      16100
a     103     147        397
a     103     104      16100
a     103     102      16100
a     103     108      16100
a     104     148        456
a     104     105      16100
a     104     103      16100
a     104     109      16100
a     105     135        390
a     105     104      16100
a     105     110      16100
a     106     143        385
a     106     107      16100
a     106     111      16100
a     106     101      16100
a     107     136        625
a     107     108      16100
a     107     106      16100
a     107     112      16100
a     107     102      16100
a     108     132        340
a     108     109      16100
a     108     107      16100
a     108     113      16100
a     108     103      16100
a     109     133        568
a     109     110      16100
a     109     108      16100
a     109     114      16100
a     109     104      16100
a     110     126        562
a     110     109      16100
a     110     115      16100
a     110     105      16100
a     111     144        481
a     111     112      16100
a     111     116      16100
a     111     106      16100
a     112     145        638
a     112     113      16100
a     112     111      16100
a     112     117      16100
a     112     107      16100
a     113     150        411
a     113     114      16100
a     113     112      16100
a     113     118      16100
a     113     108      16100
a     114     129        480
a     114     115      16100
a     114     113      16100
a     114     119      16100
a     114     109      16100
a     115     139        354
a     115     114      16100
a     115     120      16100
a     115     110      16100
a     116     146        523
a     116     117      16100
a     116     121      16100
a     116     111      16100
a     117     141        445
a     117     118      16100
a     117     116      16100
a     117     122      16100
a     117     112      16100
a     118     130        567
a     118     119      16100
a     118     117      16100
a     118     123      16100
a     118     113      16100
a     119     149        589
a     119     120      16100
a     119     118      16100
a     119     124      16100
a     119     114      16100
a     120     142        511
a     120     119      16100
a     120     125      16100
a     120     115      16100
a     121     131        457
a     121     122      16100
a     121     116      16100
a     122     140        561
a     122     123      16100
a     122     121      16100
a     122     117      16100
a     123     134        430
a     123     124      16100
a     123     122      16100
a     123     118      16100
a     124     138        359
a     124     125      16100
a     124     123      16100
a     124     119      16100
a     125     127        491
a     125     124      16100
a     125     120      16100
a     126     153        445
a     126     127      16100
a     126     131      16100
a     127     174        638
a     127     128      16100
a     127     126      16100
a     127     132      16100
a     128     170        448
a     128     129      16100
a     128     127      16100
a     128     133      16100
a     129     168        593
a     129     130      16100
a     129     128      16100
a     129     134      16100
a     130     172        396
a     130     129      16100
a     130     135      16100
a     131     156        499
a     131     132      16100
a     131     136      16100
a     131     126      16100
a     132     165        407
a     132     133      16100
a     132     131      16100
a     132     137      16100
a     132     127      16100
a     133     171        488
a     133     134      16100
a     133     132      16100
a     133     138      16100
a     133     128      16100
a     134     167        531
a     134     135      16100
a     134     133      16100
a     134     139      16100
a     134     129      16100
a     135     158        530
a     135     134      16100
a     135     140      16100
a     135     130      16100
a     136     159        583
a     136     137      16100
a     136     141      16100
a     136     131      16100
a     137     151        573
a     137     138      16100
a     137     136      16100
a     137     142      16100
a     137     132      16100
a     138     166        578
a     138     139      16100
a     138     137      16100
a     138     143      16100
a     138     133      16100
a     139     155        621
a     139     140      16100
a     139     138      16100
a     139     144      16100
a     139     134      16100
a     140     163        430
a     140     139      16100
a     140     145      16100
a     140     135      16100
a     141     162        447
a     141     142      16100
a     141     146      16100
a     141     136      16100
a     142     152        573
a     142     143      16100
a     142     141      16100
a     142     147      16100
a     142     137      16100
a     143     169        542
a     143     144      16100
a     143     142      16100
a     143     148      16100
a     143     138      16100
a     144     157        520
a     144     145      16100
a     144     143      16100
a     144     149      16100
a     144     139      16100
a     145     164        483
a     145     144      16100
a     145     150      16100
a     145     140      16100
a     146     161        413
a     146     147      16100
a     146     141      16100
a     147     173        540
a     147     148      16100
a     147     146      16100
a     147     142      16100
a     148     154        465
a     148     149      16100
a     148     147      16100
a     148     143      16100
a     149     160        497
a     149     150      16100
a     149     148      16100
a     149     144      16100
a     150     175        474
a     150     149      16100
a     150     145      16100
a     151     183        361
a     151     152      16100
a     151     156      16100
a     152     186        384
a     152     153      16100
a     152     151      16100
a     152     157      16100
a     153     179        363
a     153     154      16100
a     153     152      16100
a     153     158      16100
a     154     197        515
a     154     155      16100
a     154     153      16100
a     154     159      16100
a     155     191        495
a     155     154      16100
a     155     160      16100
a     156     185        562
a     156     157      16100
a     156     161      16100
a     156     151      16100
a     157     189        530
a     157     158      16100
a     157     156      16100
a     157     162      16100
a     157     152      16100
a     158     188        379
a     158     159      16100
a     158     157      16100
a     158     163      16100
a     158     153      16100
a     159     194        642
a     159     160      16100
a     159     158      16100
a     159     164      16100
a     159     154      16100
a     160     176        406
a     160     159      16100
a     160     165      16100
a     160     155      16100
a     161     177        417
a     161     162      16100
a     161     166      16100
a     161     156      16100
a     162     195        565
a     162     163      16100
a     162     161      16100
a     162     167      16100
a     162     157      16100
a     163     198        507
a     163     164      16100
a     163     162      16100
a     163     168      16100
a     163     158      16100
a     164     200        513
a     164     165      16100
a     164     163      16100
a     164     169      16100
a     164     159      16100
a     165     180        439
a     165     164      16100
a     165     170      16100
a     165     160      16100
a     166     184        344
a     166     167      16100
a     166     171      16100
a     166     161      16100
a     167     182        505
a     167     168      16100
a     167     166      16100
a     167     172      16100
a     167     162      16100
a     168     190        350
a     168     169      16100
a     168     167      16100
a     168     173      16100
a     168     163      16100
a     169     178        567
a     169     170      16100
a     169     168      16100
a     169     174      16100
a     169     164      16100
a     170     181        593
a     170     169      16100
a     170     175      16100
a     170     165      16100
a     171     187        580
a     171     172      16100
a     171     166      16100
a     172     199        460
a     172     173      16100
a     172     171      16100
a     172     167      16100
a     173     193        488
a     173     174      16100
a     173     172      16100
a     173     168      16100
a     174     196        394
a     174     175      16100
a     174     173      16100
a     174     169      16100
a     175     192        594
a     175     174      16100
a     175     170      16100
a     176     203        582
a     176     177      16100
a     176     181      16100
a     177     218        609
a     177     178      16100
a     177     176      16100
a     177     182      16100
a     178     223        541
a     178     179      16100
a     178     177      16100
a     178     183      16100
a     179     224        566
a     179     180      16100
a     179     178      16100
a     179     184      16100
a     180     210        323
a     180     179      16100
a     180     185      16100
a     181     205        484
a     181     182      16100
a     181     186      16100
a     181     176      16100
a     182     201        362
a     182     183      16100
a     182     181      16100
a     182     187      16100
a     182     177      16100
a     183     221        393
a     183     184      16100
a     183     182      16100
a     183     188      16100
a     183     178      16100
a     184     222        370
a     184     185      16100
a     184     183      16100
a     184     189      16100
a     184     179      16100
a     185     214        451
a     185     184      16100
a     185     190      16100
a     185     180      16100
a     186     216        444
a     186     187      16100
a     186     191      16100
a     186     181      16100
a     187     213        439
a     187     188      16100
a     187     186      16100
a     187     192      16100
a     187     182      16100
a     188     211        508
a     188     189      16100
a     188     187      16100
a     188     193      16100
a     188     183      16100
a     189     225        435
a     189     190      16100
a     189     188      16100
a     189     194      16100
a     189     184      16100
a     190     206        492
a     190     189      16100
a     190     195      16100
a     190     185      16100
a     191     202        436
a     191     192      16100
a     191     196      16100
a     191     186      16100
a     192     212        329
a     192     193      16100
a     192     191      16100
a     192     197      16100
a     192     187      16100
a     193     217        564
a     193     194      16100
a     193     192      16100
a     193     198      16100
a     193     188      16100
a     194     209        582
a     194     195      16100
a     194     193      16100
a     194     199      16100
a     194     189      16100
a     195     207        550
a     195     194      16100
a     195     200      16100
a     195     190      16100
a     196     220        397
a     196     197      16100
a     196     191      16100
a     197     204        356
a     197     198      16100
a     197     196      16100
a     197     192      16100
a     198     215        539
a     198     199      16100
a     198     197      16100
a     198     193      16100
a     199     208        452
a     199     200      16100
a     199     198      16100
a     199     194      16100
a     200     219        551
a     200     199      16100
a     200     195      16100
a     201     240        337
a     201     202      16100
a     201     206      16100
a     202     247        592
a     202     203      16100
a     202     201      16100
a     202     207      16100
a     203     242        561
a     203     204      16100
a     203     202      16100
a     203     208      16100
a     204     230        419
a     204     205      16100
a     204     203      16100
a     204     209      16100
a     205     229        409
a     205     204      16100
a     205     210      16100
a     206     231        523
a     206     207      16100
a     206     211      16100
a     206     201      16100
a     207     237        584
a     207     208      16100
a     207     206      16100
a     207     212      16100
a     207     202      16100
a     208     246        609
a     208     209      16100
a     208     207      16100
a     208     213      16100
a     208     203      16100
a     209     248        517
a     209     210      16100
a     209     208      16100
a     209     214      16100
a     209     204      16100
a     210     239        334
a     210     209      16100
a     210     215      16100
a     210     205      16100
a     211     241        476
a     211     212      16100
a     211     216      16100
a     211     206      16100
a     212     236        491
a     212     213      16100
a     212     211      16100
a     212     217      16100
a     212     207      16100
a     213     228        466
a     213     214      16100
a     213     212      16100
a     213     218      16100
a     213     208      16100
a     214     243        635
a     214     215      16100
a     214     213      16100
a     214     219      16100
a     214     209      16100
a     215     238        633
a     215     214      16100
a     215     220      16100
a     215     210      16100
a     216     233        577
a     216     217      16100
a     216     221      16100
a     216     211      16100
a     217     227        605
a     217     218      16100
a     217     216      16100
a     217     222      16100
a     217     212      16100
a     218     234        418
a     218     219      16100
a     218     217      16100
a     218     223      16100
a     218     213      16100
a     219     249        511
a     219     220      16100
a     219     218      16100
a     219     224      16100
a     219     214      16100
a     220     226        324
a     220     219      16100
a     220     225      16100
a     220     215      16100
a     221     250        613
a     221     222      16100
a     221     216      16100
a     222     244        594
a     222     223      16100
a     222     221      16100
a     222     217      16100
a     223     235        623
a     223     224      16100
a     223     222      16100
a     223     218      16100
a     224     232        518
a     224     225      16100
a     224     223      16100
a     224     219      16100
a     225     245        539
a     225     224      16100
a     225     220      16100
a     226     261        412
a     226     227      16100
a     226     231      16100
a     227     259        365
a     227     228      16100
a     227     226      16100
a     227     232      16100
a     228     266        436
a     228     229      16100
a     228     227      16100
a     228     233      16100
a     229     254        442
a     229     230      16100
a     229     228      16100
a     229     234      16100
a     230     252        439
a     230     229      16100
a     230     235      16100
a     231     269        465
a     231     232      16100
a     231     236      16100
a     231     226      16100
a     232     256        428
a     232     233      16100
a     232     231      16100
a     232     237      16100
a     232     227      16100
a     233     274        558
a     233     234      16100
a     233     232      16100
a     233     238      16100
a     233     228      16100
a     234     275        494
a     234     235      16100
a     234     233      16100
a     234     239      16100
a     234     229      16100
a     235     272        427
a     235     234      16100
a     235     240      16100
a     235     230      16100
a     236     262        451
a     236     237      16100
a     236     241      16100
a     236     231      16100
a     237     251        452
a     237     238      16100
a     237     236      16100
a     237     242      16100
a     237     232      16100
a     238     260        397
a     238     239      16100
a     238     237      16100
a     238     243      16100
a     238     233      16100
a     239     257        510
a     239     240      16100
a     239     238      16100
a     239     244      16100
a     239     234      16100
a     240     258        480
a     240     239      16100
a     240     245      16100
a     240     235      16100
a     241     255        449
a     241     242      16100
a     241     246      16100
a     241     236      16100
a     242     268        600
a     242     243      16100
a     242     241      16100
a     242     247      16100
a     242     237      16100
a     243     263        471
a     243     244      16100
a     243     242      16100
a     243     248      16100
a     243     238      16100
a     244     271        356
a     244     245      16100
a     244     243      16100
a     244     249      16100
a     244     239      16100
a     245     267        428
a     245     244      16100
a     245     250      16100
a     245     240      16100
a     246     253        412
a     246     247      16100
a     246     241      16100
a     247     264        404
a     247     248      16100
a     247     246      16100
a     247     242      16100
a     248     270        492
a     248     249      16100
a     248     247      16100
a     248     243      16100
a     249     273        564
a     249     250      16100
a     249     248      16100
a     249     244      16100
a     250     265        382
a     250     249      16100
a     250     245      16100
a     251     252      16100
a     251     256      16100
a     252     253      16100
a     252     251      16100
a     252     257      16100
a     253     254      16100
a     253     252      16100
a     253     258      16100
a     254     255      16100
a     254     253      16100
a     254     259      16100
a     255     254      16100
a     255     260      16100
a     256     257      16100
a     256     261      16100
a     256     251      16100
a     257     258      16100
a     257     256      16100
a     257     262      16100
a     257     252      16100
a     258     259      16100
a     258     257      16100
a     258     263      16100
a     258     253      16100
a     259     260      16100
a     259     258      16100
a     259     264      16100
a     259     254      16100
a     260     259      16100
a     260     265      16100
a     260     255      16100
a     261     262      16100
a     261     266      16100
a     261     256      16100
a     262     263      16100
a     262     261      16100
a     262     267      16100
a     262     257      16100
a     263     264      16100
a     263     262      16100
a     263     268      16100
a     263     258      16100
a     264     265      16100
a     264     263      16100
a     264     269      16100
a     264     259      16100
a     265     264      16100
a     265     270      16100
a     265     260      16100
a     266     267      16100
a     266     271      16100
a     266     261      16100
a     267     268      16100
a     267     266      16100
a     267     272      16100
a     267     262      16100
a     268     269      16100
a     268     267      16100
a     268     273      16100
a     268     263      16100
a     269     270      16100
a     269     268      16100
a     269     274      16100
a     269     264      16100
a     270     269      16100
a     270     275      16100
a     270     265      16100
a     271     272      16100
a     271     266      16100
a     272     273      16100
a     272     271      16100
a     272     267      16100
a     273     274      16100
a     273     272      16100
a     273     268      16100
a     274     275      16100
a     274     273      16100
a     274     269      16100
a     275     274      16100
a     275     270      16100
