c This file was generated by genrmf.
c The parameters are: a: 11 b: 3 c1: 119 c2: 359 seed: 1666103673
p max     363       1562
n       1 s
n     363 t
a       1     133        263
a       1       2      43439
a       1      12      43439
a       2     145        356
a       2       3      43439
a       2       1      43439
a       2      13      43439
a       3     143        213
a       3       4      43439
a       3       2      43439
a       3      14      43439
a       4     219        344
a       4       5      43439
a       4       3      43439
a       4      15      43439
a       5     218        219
a       5       6      43439
a       5       4      43439
a       5      16      43439
a       6     198        301
a       6       7      43439
a       6       5      43439
a       6      17      43439
a       7     182        276
a       7       8      43439
a       7       6      43439
a       7      18      43439
a       8     131        143
a       8       9      43439
a       8       7      43439
a       8      19      43439
a       9     222        158
a       9      10      43439
a       9       8      43439
a       9      20      43439
a      10     168        169
a      10      11      43439
a      10       9      43439
a      10      21      43439
a      11     220        287
a      11      10      43439
a      11      22      43439
a      12     173        242
a      12      13      43439
a      12      23      43439
a      12       1      43439
a      13     166        333
a      13      14      43439
a      13      12      43439
a      13      24      43439
a      13       2      43439
a      14     130        305
a      14      15      43439
a      14      13      43439
a      14      25      43439
a      14       3      43439
a      15     229        132
a      15      16      43439
a      15      14      43439
a      15      26      43439
a      15       4      43439
a      16     139        206
a      16      17      43439
a      16      15      43439
a      16      27      43439
a      16       5      43439
a      17     169        264
a      17      18      43439
a      17      16      43439
a      17      28      43439
a      17       6      43439
a      18     233        184
a      18      19      43439
a      18      17      43439
a      18      29      43439
a      18       7      43439
a      19     191        283
a      19      20      43439
a      19      18      43439
a      19      30      43439
a      19       8      43439
a      20     161        299
a      20      21      43439
a      20      19      43439
a      20      31      43439
a      20       9      43439
a      21     154        268
a      21      22      43439
a      21      20      43439
a      21      32      43439
a      21      10      43439
a      22     197        299
a      22      21      43439
a      22      33      43439
a      22      11      43439
a      23     192        185
a      23      24      43439
a      23      34      43439
a      23      12      43439
a      24     155        303
a      24      25      43439
a      24      23      43439
a      24      35      43439
a      24      13      43439
a      25     241        155
a      25      26      43439
a      25      24      43439
a      25      36      43439
a      25      14      43439
a      26     209        251
a      26      27      43439
a      26      25      43439
a      26      37      43439
a      26      15      43439
a      27     187        264
a      27      28      43439
a      27      26      43439
a      27      38      43439
a      27      16      43439
a      28     163        155
a      28      29      43439
a      28      27      43439
a      28      39      43439
a      28      17      43439
a      29     126        344
a      29      30      43439
a      29      28      43439
a      29      40      43439
a      29      18      43439
a      30     167        218
a      30      31      43439
a      30      29      43439
a      30      41      43439
a      30      19      43439
a      31     181        174
a      31      32      43439
a      31      30      43439
a      31      42      43439
a      31      20      43439
a      32     226        358
a      32      33      43439
a      32      31      43439
a      32      43      43439
a      32      21      43439
a      33     208        191
a      33      32      43439
a      33      44      43439
a      33      22      43439
a      34     171        187
a      34      35      43439
a      34      45      43439
a      34      23      43439
a      35     174        214
a      35      36      43439
a      35      34      43439
a      35      46      43439
a      35      24      43439
a      36     185        208
a      36      37      43439
a      36      35      43439
a      36      47      43439
a      36      25      43439
a      37     149        306
a      37      38      43439
a      37      36      43439
a      37      48      43439
a      37      26      43439
a      38     232        140
a      38      39      43439
a      38      37      43439
a      38      49      43439
a      38      27      43439
a      39     148        292
a      39      40      43439
a      39      38      43439
a      39      50      43439
a      39      28      43439
a      40     205        154
a      40      41      43439
a      40      39      43439
a      40      51      43439
a      40      29      43439
a      41     227        346
a      41      42      43439
a      41      40      43439
a      41      52      43439
a      41      30      43439
a      42     134        219
a      42      43      43439
a      42      41      43439
a      42      53      43439
a      42      31      43439
a      43     221        149
a      43      44      43439
a      43      42      43439
a      43      54      43439
a      43      32      43439
a      44     214        295
a      44      43      43439
a      44      55      43439
a      44      33      43439
a      45     122        192
a      45      46      43439
a      45      56      43439
a      45      34      43439
a      46     135        318
a      46      47      43439
a      46      45      43439
a      46      57      43439
a      46      35      43439
a      47     194        292
a      47      48      43439
a      47      46      43439
a      47      58      43439
a      47      36      43439
a      48     238        296
a      48      49      43439
a      48      47      43439
a      48      59      43439
a      48      37      43439
a      49     196        285
a      49      50      43439
a      49      48      43439
a      49      60      43439
a      49      38      43439
a      50     203        342
a      50      51      43439
a      50      49      43439
a      50      61      43439
a      50      39      43439
a      51     160        331
a      51      52      43439
a      51      50      43439
a      51      62      43439
a      51      40      43439
a      52     157        188
a      52      53      43439
a      52      51      43439
a      52      63      43439
a      52      41      43439
a      53     124        256
a      53      54      43439
a      53      52      43439
a      53      64      43439
a      53      42      43439
a      54     123        335
a      54      55      43439
a      54      53      43439
a      54      65      43439
a      54      43      43439
a      55     239        243
a      55      54      43439
a      55      66      43439
a      55      44      43439
a      56     153        269
a      56      57      43439
a      56      67      43439
a      56      45      43439
a      57     213        194
a      57      58      43439
a      57      56      43439
a      57      68      43439
a      57      46      43439
a      58     128        188
a      58      59      43439
a      58      57      43439
a      58      69      43439
a      58      47      43439
a      59     225        218
a      59      60      43439
a      59      58      43439
a      59      70      43439
a      59      48      43439
a      60     150        321
a      60      61      43439
a      60      59      43439
a      60      71      43439
a      60      49      43439
a      61     142        156
a      61      62      43439
a      61      60      43439
a      61      72      43439
a      61      50      43439
a      62     158        190
a      62      63      43439
a      62      61      43439
a      62      73      43439
a      62      51      43439
a      63     147        203
a      63      64      43439
a      63      62      43439
a      63      74      43439
a      63      52      43439
a      64     190        356
a      64      65      43439
a      64      63      43439
a      64      75      43439
a      64      53      43439
a      65     179        263
a      65      66      43439
a      65      64      43439
a      65      76      43439
a      65      54      43439
a      66     129        216
a      66      65      43439
a      66      77      43439
a      66      55      43439
a      67     170        271
a      67      68      43439
a      67      78      43439
a      67      56      43439
a      68     237        121
a      68      69      43439
a      68      67      43439
a      68      79      43439
a      68      57      43439
a      69     206        209
a      69      70      43439
a      69      68      43439
a      69      80      43439
a      69      58      43439
a      70     207        269
a      70      71      43439
a      70      69      43439
a      70      81      43439
a      70      59      43439
a      71     228        237
a      71      72      43439
a      71      70      43439
a      71      82      43439
a      71      60      43439
a      72     210        292
a      72      73      43439
a      72      71      43439
a      72      83      43439
a      72      61      43439
a      73     162        169
a      73      74      43439
a      73      72      43439
a      73      84      43439
a      73      62      43439
a      74     240        330
a      74      75      43439
a      74      73      43439
a      74      85      43439
a      74      63      43439
a      75     137        126
a      75      76      43439
a      75      74      43439
a      75      86      43439
a      75      64      43439
a      76     223        276
a      76      77      43439
a      76      75      43439
a      76      87      43439
a      76      65      43439
a      77     242        154
a      77      76      43439
a      77      88      43439
a      77      66      43439
a      78     200        293
a      78      79      43439
a      78      89      43439
a      78      67      43439
a      79     127        127
a      79      80      43439
a      79      78      43439
a      79      90      43439
a      79      68      43439
a      80     175        155
a      80      81      43439
a      80      79      43439
a      80      91      43439
a      80      69      43439
a      81     159        161
a      81      82      43439
a      81      80      43439
a      81      92      43439
a      81      70      43439
a      82     177        290
a      82      83      43439
a      82      81      43439
a      82      93      43439
a      82      71      43439
a      83     199        126
a      83      84      43439
a      83      82      43439
a      83      94      43439
a      83      72      43439
a      84     140        266
a      84      85      43439
a      84      83      43439
a      84      95      43439
a      84      73      43439
a      85     136        174
a      85      86      43439
a      85      84      43439
a      85      96      43439
a      85      74      43439
a      86     230        303
a      86      87      43439
a      86      85      43439
a      86      97      43439
a      86      75      43439
a      87     195        163
a      87      88      43439
a      87      86      43439
a      87      98      43439
a      87      76      43439
a      88     186        145
a      88      87      43439
a      88      99      43439
a      88      77      43439
a      89     236        125
a      89      90      43439
a      89     100      43439
a      89      78      43439
a      90     164        262
a      90      91      43439
a      90      89      43439
a      90     101      43439
a      90      79      43439
a      91     215        261
a      91      92      43439
a      91      90      43439
a      91     102      43439
a      91      80      43439
a      92     216        170
a      92      93      43439
a      92      91      43439
a      92     103      43439
a      92      81      43439
a      93     202        330
a      93      94      43439
a      93      92      43439
a      93     104      43439
a      93      82      43439
a      94     224        339
a      94      95      43439
a      94      93      43439
a      94     105      43439
a      94      83      43439
a      95     151        234
a      95      96      43439
a      95      94      43439
a      95     106      43439
a      95      84      43439
a      96     211        140
a      96      97      43439
a      96      95      43439
a      96     107      43439
a      96      85      43439
a      97     180        151
a      97      98      43439
a      97      96      43439
a      97     108      43439
a      97      86      43439
a      98     193        312
a      98      99      43439
a      98      97      43439
a      98     109      43439
a      98      87      43439
a      99     189        285
a      99      98      43439
a      99     110      43439
a      99      88      43439
a     100     204        252
a     100     101      43439
a     100     111      43439
a     100      89      43439
a     101     234        198
a     101     102      43439
a     101     100      43439
a     101     112      43439
a     101      90      43439
a     102     165        308
a     102     103      43439
a     102     101      43439
a     102     113      43439
a     102      91      43439
a     103     176        175
a     103     104      43439
a     103     102      43439
a     103     114      43439
a     103      92      43439
a     104     183        219
a     104     105      43439
a     104     103      43439
a     104     115      43439
a     104      93      43439
a     105     201        170
a     105     106      43439
a     105     104      43439
a     105     116      43439
a     105      94      43439
a     106     141        166
a     106     107      43439
a     106     105      43439
a     106     117      43439
a     106      95      43439
a     107     235        345
a     107     108      43439
a     107     106      43439
a     107     118      43439
a     107      96      43439
a     108     146        132
a     108     109      43439
a     108     107      43439
a     108     119      43439
a     108      97      43439
a     109     132        302
a     109     110      43439
a     109     108      43439
a     109     120      43439
a     109      98      43439
a     110     125        298
a     110     109      43439
a     110     121      43439
a     110      99      43439
a     111     178        238
a     111     112      43439
a     111     100      43439
a     112     144        354
a     112     113      43439
a     112     111      43439
a     112     101      43439
a     113     212        185
a     113     114      43439
a     113     112      43439
a     113     102      43439
a     114     217        237
a     114     115      43439
a     114     113      43439
a     114     103      43439
a     115     138        143
a     115     116      43439
a     115     114      43439
a     115     104      43439
a     116     156        269
a     116     117      43439
a     116     115      43439
a     116     105      43439
a     117     188        210
a     117     118      43439
a     117     116      43439
a     117     106      43439
a     118     184        301
a     118     119      43439
a     118     117      43439
a     118     107      43439
a     119     231        318
a     119     120      43439
a     119     118      43439
a     119     108      43439
a     120     172        260
a     120     121      43439
a     120     119      43439
a     120     109      43439
a     121     152        220
a     121     120      43439
a     121     110      43439
a     122     285        172
a     122     123      43439
a     122     133      43439
a     123     255        177
a     123     124      43439
a     123     122      43439
a     123     134      43439
a     124     260        297
a     124     125      43439
a     124     123      43439
a     124     135      43439
a     125     300        202
a     125     126      43439
a     125     124      43439
a     125     136      43439
a     126     303        331
a     126     127      43439
a     126     125      43439
a     126     137      43439
a     127     357        216
a     127     128      43439
a     127     126      43439
a     127     138      43439
a     128     274        313
a     128     129      43439
a     128     127      43439
a     128     139      43439
a     129     313        333
a     129     130      43439
a     129     128      43439
a     129     140      43439
a     130     317        283
a     130     131      43439
a     130     129      43439
a     130     141      43439
a     131     332        301
a     131     132      43439
a     131     130      43439
a     131     142      43439
a     132     310        119
a     132     131      43439
a     132     143      43439
a     133     263        240
a     133     134      43439
a     133     144      43439
a     133     122      43439
a     134     257        149
a     134     135      43439
a     134     133      43439
a     134     145      43439
a     134     123      43439
a     135     287        172
a     135     136      43439
a     135     134      43439
a     135     146      43439
a     135     124      43439
a     136     304        155
a     136     137      43439
a     136     135      43439
a     136     147      43439
a     136     125      43439
a     137     280        215
a     137     138      43439
a     137     136      43439
a     137     148      43439
a     137     126      43439
a     138     278        210
a     138     139      43439
a     138     137      43439
a     138     149      43439
a     138     127      43439
a     139     334        206
a     139     140      43439
a     139     138      43439
a     139     150      43439
a     139     128      43439
a     140     299        258
a     140     141      43439
a     140     139      43439
a     140     151      43439
a     140     129      43439
a     141     249        203
a     141     142      43439
a     141     140      43439
a     141     152      43439
a     141     130      43439
a     142     293        246
a     142     143      43439
a     142     141      43439
a     142     153      43439
a     142     131      43439
a     143     337        204
a     143     142      43439
a     143     154      43439
a     143     132      43439
a     144     308        124
a     144     145      43439
a     144     155      43439
a     144     133      43439
a     145     272        300
a     145     146      43439
a     145     144      43439
a     145     156      43439
a     145     134      43439
a     146     335        313
a     146     147      43439
a     146     145      43439
a     146     157      43439
a     146     135      43439
a     147     348        289
a     147     148      43439
a     147     146      43439
a     147     158      43439
a     147     136      43439
a     148     354        175
a     148     149      43439
a     148     147      43439
a     148     159      43439
a     148     137      43439
a     149     342        144
a     149     150      43439
a     149     148      43439
a     149     160      43439
a     149     138      43439
a     150     311        281
a     150     151      43439
a     150     149      43439
a     150     161      43439
a     150     139      43439
a     151     275        216
a     151     152      43439
a     151     150      43439
a     151     162      43439
a     151     140      43439
a     152     250        290
a     152     153      43439
a     152     151      43439
a     152     163      43439
a     152     141      43439
a     153     356        340
a     153     154      43439
a     153     152      43439
a     153     164      43439
a     153     142      43439
a     154     245        194
a     154     153      43439
a     154     165      43439
a     154     143      43439
a     155     298        280
a     155     156      43439
a     155     166      43439
a     155     144      43439
a     156     252        146
a     156     157      43439
a     156     155      43439
a     156     167      43439
a     156     145      43439
a     157     296        319
a     157     158      43439
a     157     156      43439
a     157     168      43439
a     157     146      43439
a     158     318        230
a     158     159      43439
a     158     157      43439
a     158     169      43439
a     158     147      43439
a     159     270        254
a     159     160      43439
a     159     158      43439
a     159     170      43439
a     159     148      43439
a     160     262        123
a     160     161      43439
a     160     159      43439
a     160     171      43439
a     160     149      43439
a     161     297        257
a     161     162      43439
a     161     160      43439
a     161     172      43439
a     161     150      43439
a     162     322        127
a     162     163      43439
a     162     161      43439
a     162     173      43439
a     162     151      43439
a     163     277        124
a     163     164      43439
a     163     162      43439
a     163     174      43439
a     163     152      43439
a     164     327        142
a     164     165      43439
a     164     163      43439
a     164     175      43439
a     164     153      43439
a     165     361        308
a     165     164      43439
a     165     176      43439
a     165     154      43439
a     166     350        216
a     166     167      43439
a     166     177      43439
a     166     155      43439
a     167     301        306
a     167     168      43439
a     167     166      43439
a     167     178      43439
a     167     156      43439
a     168     323        331
a     168     169      43439
a     168     167      43439
a     168     179      43439
a     168     157      43439
a     169     261        326
a     169     170      43439
a     169     168      43439
a     169     180      43439
a     169     158      43439
a     170     284        153
a     170     171      43439
a     170     169      43439
a     170     181      43439
a     170     159      43439
a     171     314        258
a     171     172      43439
a     171     170      43439
a     171     182      43439
a     171     160      43439
a     172     292        319
a     172     173      43439
a     172     171      43439
a     172     183      43439
a     172     161      43439
a     173     254        231
a     173     174      43439
a     173     172      43439
a     173     184      43439
a     173     162      43439
a     174     251        358
a     174     175      43439
a     174     173      43439
a     174     185      43439
a     174     163      43439
a     175     248        280
a     175     176      43439
a     175     174      43439
a     175     186      43439
a     175     164      43439
a     176     267        120
a     176     175      43439
a     176     187      43439
a     176     165      43439
a     177     259        130
a     177     178      43439
a     177     188      43439
a     177     166      43439
a     178     271        320
a     178     179      43439
a     178     177      43439
a     178     189      43439
a     178     167      43439
a     179     359        297
a     179     180      43439
a     179     178      43439
a     179     190      43439
a     179     168      43439
a     180     305        192
a     180     181      43439
a     180     179      43439
a     180     191      43439
a     180     169      43439
a     181     326        184
a     181     182      43439
a     181     180      43439
a     181     192      43439
a     181     170      43439
a     182     329        269
a     182     183      43439
a     182     181      43439
a     182     193      43439
a     182     171      43439
a     183     276        314
a     183     184      43439
a     183     182      43439
a     183     194      43439
a     183     172      43439
a     184     349        333
a     184     185      43439
a     184     183      43439
a     184     195      43439
a     184     173      43439
a     185     319        265
a     185     186      43439
a     185     184      43439
a     185     196      43439
a     185     174      43439
a     186     333        128
a     186     187      43439
a     186     185      43439
a     186     197      43439
a     186     175      43439
a     187     330        234
a     187     186      43439
a     187     198      43439
a     187     176      43439
a     188     288        245
a     188     189      43439
a     188     199      43439
a     188     177      43439
a     189     346        227
a     189     190      43439
a     189     188      43439
a     189     200      43439
a     189     178      43439
a     190     258        352
a     190     191      43439
a     190     189      43439
a     190     201      43439
a     190     179      43439
a     191     320        351
a     191     192      43439
a     191     190      43439
a     191     202      43439
a     191     180      43439
a     192     294        309
a     192     193      43439
a     192     191      43439
a     192     203      43439
a     192     181      43439
a     193     243        330
a     193     194      43439
a     193     192      43439
a     193     204      43439
a     193     182      43439
a     194     265        190
a     194     195      43439
a     194     193      43439
a     194     205      43439
a     194     183      43439
a     195     345        260
a     195     196      43439
a     195     194      43439
a     195     206      43439
a     195     184      43439
a     196     336        121
a     196     197      43439
a     196     195      43439
a     196     207      43439
a     196     185      43439
a     197     290        336
a     197     198      43439
a     197     196      43439
a     197     208      43439
a     197     186      43439
a     198     246        322
a     198     197      43439
a     198     209      43439
a     198     187      43439
a     199     328        343
a     199     200      43439
a     199     210      43439
a     199     188      43439
a     200     316        265
a     200     201      43439
a     200     199      43439
a     200     211      43439
a     200     189      43439
a     201     268        281
a     201     202      43439
a     201     200      43439
a     201     212      43439
a     201     190      43439
a     202     302        227
a     202     203      43439
a     202     201      43439
a     202     213      43439
a     202     191      43439
a     203     295        289
a     203     204      43439
a     203     202      43439
a     203     214      43439
a     203     192      43439
a     204     312        212
a     204     205      43439
a     204     203      43439
a     204     215      43439
a     204     193      43439
a     205     360        132
a     205     206      43439
a     205     204      43439
a     205     216      43439
a     205     194      43439
a     206     343        259
a     206     207      43439
a     206     205      43439
a     206     217      43439
a     206     195      43439
a     207     273        316
a     207     208      43439
a     207     206      43439
a     207     218      43439
a     207     196      43439
a     208     289        318
a     208     209      43439
a     208     207      43439
a     208     219      43439
a     208     197      43439
a     209     324        272
a     209     208      43439
a     209     220      43439
a     209     198      43439
a     210     340        301
a     210     211      43439
a     210     221      43439
a     210     199      43439
a     211     282        251
a     211     212      43439
a     211     210      43439
a     211     222      43439
a     211     200      43439
a     212     253        303
a     212     213      43439
a     212     211      43439
a     212     223      43439
a     212     201      43439
a     213     286        261
a     213     214      43439
a     213     212      43439
a     213     224      43439
a     213     202      43439
a     214     362        306
a     214     215      43439
a     214     213      43439
a     214     225      43439
a     214     203      43439
a     215     306        328
a     215     216      43439
a     215     214      43439
a     215     226      43439
a     215     204      43439
a     216     256        155
a     216     217      43439
a     216     215      43439
a     216     227      43439
a     216     205      43439
a     217     339        156
a     217     218      43439
a     217     216      43439
a     217     228      43439
a     217     206      43439
a     218     358        315
a     218     219      43439
a     218     217      43439
a     218     229      43439
a     218     207      43439
a     219     309        300
a     219     220      43439
a     219     218      43439
a     219     230      43439
a     219     208      43439
a     220     344        147
a     220     219      43439
a     220     231      43439
a     220     209      43439
a     221     321        211
a     221     222      43439
a     221     232      43439
a     221     210      43439
a     222     264        260
a     222     223      43439
a     222     221      43439
a     222     233      43439
a     222     211      43439
a     223     279        257
a     223     224      43439
a     223     222      43439
a     223     234      43439
a     223     212      43439
a     224     307        291
a     224     225      43439
a     224     223      43439
a     224     235      43439
a     224     213      43439
a     225     352        330
a     225     226      43439
a     225     224      43439
a     225     236      43439
a     225     214      43439
a     226     283        186
a     226     227      43439
a     226     225      43439
a     226     237      43439
a     226     215      43439
a     227     331        151
a     227     228      43439
a     227     226      43439
a     227     238      43439
a     227     216      43439
a     228     341        204
a     228     229      43439
a     228     227      43439
a     228     239      43439
a     228     217      43439
a     229     338        208
a     229     230      43439
a     229     228      43439
a     229     240      43439
a     229     218      43439
a     230     325        206
a     230     231      43439
a     230     229      43439
a     230     241      43439
a     230     219      43439
a     231     351        225
a     231     230      43439
a     231     242      43439
a     231     220      43439
a     232     269        198
a     232     233      43439
a     232     221      43439
a     233     355        295
a     233     234      43439
a     233     232      43439
a     233     222      43439
a     234     244        248
a     234     235      43439
a     234     233      43439
a     234     223      43439
a     235     363        197
a     235     236      43439
a     235     234      43439
a     235     224      43439
a     236     291        215
a     236     237      43439
a     236     235      43439
a     236     225      43439
a     237     266        216
a     237     238      43439
a     237     236      43439
a     237     226      43439
a     238     315        175
a     238     239      43439
a     238     237      43439
a     238     227      43439
a     239     281        259
a     239     240      43439
a     239     238      43439
a     239     228      43439
a     240     247        237
a     240     241      43439
a     240     239      43439
a     240     229      43439
a     241     347        213
a     241     242      43439
a     241     240      43439
a     241     230      43439
a     242     353        326
a     242     241      43439
a     242     231      43439
a     243     244      43439
a     243     254      43439
a     244     245      43439
a     244     243      43439
a     244     255      43439
a     245     246      43439
a     245     244      43439
a     245     256      43439
a     246     247      43439
a     246     245      43439
a     246     257      43439
a     247     248      43439
a     247     246      43439
a     247     258      43439
a     248     249      43439
a     248     247      43439
a     248     259      43439
a     249     250      43439
a     249     248      43439
a     249     260      43439
a     250     251      43439
a     250     249      43439
a     250     261      43439
a     251     252      43439
a     251     250      43439
a     251     262      43439
a     252     253      43439
a     252     251      43439
a     252     263      43439
a     253     252      43439
a     253     264      43439
a     254     255      43439
a     254     265      43439
a     254     243      43439
a     255     256      43439
a     255     254      43439
a     255     266      43439
a     255     244      43439
a     256     257      43439
a     256     255      43439
a     256     267      43439
a     256     245      43439
a     257     258      43439
a     257     256      43439
a     257     268      43439
a     257     246      43439
a     258     259      43439
a     258     257      43439
a     258     269      43439
a     258     247      43439
a     259     260      43439
a     259     258      43439
a     259     270      43439
a     259     248      43439
a     260     261      43439
a     260     259      43439
a     260     271      43439
a     260     249      43439
a     261     262      43439
a     261     260      43439
a     261     272      43439
a     261     250      43439
a     262     263      43439
a     262     261      43439
a     262     273      43439
a     262     251      43439
a     263     264      43439
a     263     262      43439
a     263     274      43439
a     263     252      43439
a     264     263      43439
a     264     275      43439
a     264     253      43439
a     265     266      43439
a     265     276      43439
a     265     254      43439
a     266     267      43439
a     266     265      43439
a     266     277      43439
a     266     255      43439
a     267     268      43439
a     267     266      43439
a     267     278      43439
a     267     256      43439
a     268     269      43439
a     268     267      43439
a     268     279      43439
a     268     257      43439
a     269     270      43439
a     269     268      43439
a     269     280      43439
a     269     258      43439
a     270     271      43439
a     270     269      43439
a     270     281      43439
a     270     259      43439
a     271     272      43439
a     271     270      43439
a     271     282      43439
a     271     260      43439
a     272     273      43439
a     272     271      43439
a     272     283      43439
a     272     261      43439
a     273     274      43439
a     273     272      43439
a     273     284      43439
a     273     262      43439
a     274     275      43439
a     274     273      43439
a     274     285      43439
a     274     263      43439
a     275     274      43439
a     275     286      43439
a     275     264      43439
a     276     277      43439
a     276     287      43439
a     276     265      43439
a     277     278      43439
a     277     276      43439
a     277     288      43439
a     277     266      43439
a     278     279      43439
a     278     277      43439
a     278     289      43439
a     278     267      43439
a     279     280      43439
a     279     278      43439
a     279     290      43439
a     279     268      43439
a     280     281      43439
a     280     279      43439
a     280     291      43439
a     280     269      43439
a     281     282      43439
a     281     280      43439
a     281     292      43439
a     281     270      43439
a     282     283      43439
a     282     281      43439
a     282     293      43439
a     282     271      43439
a     283     284      43439
a     283     282      43439
a     283     294      43439
a     283     272      43439
a     284     285      43439
a     284     283      43439
a     284     295      43439
a     284     273      43439
a     285     286      43439
a     285     284      43439
a     285     296      43439
a     285     274      43439
a     286     285      43439
a     286     297      43439
a     286     275      43439
a     287     288      43439
a     287     298      43439
a     287     276      43439
a     288     289      43439
a     288     287      43439
a     288     299      43439
a     288     277      43439
a     289     290      43439
a     289     288      43439
a     289     300      43439
a     289     278      43439
a     290     291      43439
a     290     289      43439
a     290     301      43439
a     290     279      43439
a     291     292      43439
a     291     290      43439
a     291     302      43439
a     291     280      43439
a     292     293      43439
a     292     291      43439
a     292     303      43439
a     292     281      43439
a     293     294      43439
a     293     292      43439
a     293     304      43439
a     293     282      43439
a     294     295      43439
a     294     293      43439
a     294     305      43439
a     294     283      43439
a     295     296      43439
a     295     294      43439
a     295     306      43439
a     295     284      43439
a     296     297      43439
a     296     295      43439
a     296     307      43439
a     296     285      43439
a     297     296      43439
a     297     308      43439
a     297     286      43439
a     298     299      43439
a     298     309      43439
a     298     287      43439
a     299     300      43439
a     299     298      43439
a     299     310      43439
a     299     288      43439
a     300     301      43439
a     300     299      43439
a     300     311      43439
a     300     289      43439
a     301     302      43439
a     301     300      43439
a     301     312      43439
a     301     290      43439
a     302     303      43439
a     302     301      43439
a     302     313      43439
a     302     291      43439
a     303     304      43439
a     303     302      43439
a     303     314      43439
a     303     292      43439
a     304     305      43439
a     304     303      43439
a     304     315      43439
a     304     293      43439
a     305     306      43439
a     305     304      43439
a     305     316      43439
a     305     294      43439
a     306     307      43439
a     306     305      43439
a     306     317      43439
a     306     295      43439
a     307     308      43439
a     307     306      43439
a     307     318      43439
a     307     296      43439
a     308     307      43439
a     308     319      43439
a     308     297      43439
a     309     310      43439
a     309     320      43439
a     309     298      43439
a     310     311      43439
a     310     309      43439
a     310     321      43439
a     310     299      43439
a     311     312      43439
a     311     310      43439
a     311     322      43439
a     311     300      43439
a     312     313      43439
a     312     311      43439
a     312     323      43439
a     312     301      43439
a     313     314      43439
a     313     312      43439
a     313     324      43439
a     313     302      43439
a     314     315      43439
a     314     313      43439
a     314     325      43439
a     314     303      43439
a     315     316      43439
a     315     314      43439
a     315     326      43439
a     315     304      43439
a     316     317      43439
a     316     315      43439
a     316     327      43439
a     316     305      43439
a     317     318      43439
a     317     316      43439
a     317     328      43439
a     317     306      43439
a     318     319      43439
a     318     317      43439
a     318     329      43439
a     318     307      43439
a     319     318      43439
a     319     330      43439
a     319     308      43439
a     320     321      43439
a     320     331      43439
a     320     309      43439
a     321     322      43439
a     321     320      43439
a     321     332      43439
a     321     310      43439
a     322     323      43439
a     322     321      43439
a     322     333      43439
a     322     311      43439
a     323     324      43439
a     323     322      43439
a     323     334      43439
a     323     312      43439
a     324     325      43439
a     324     323      43439
a     324     335      43439
a     324     313      43439
a     325     326      43439
a     325     324      43439
a     325     336      43439
a     325     314      43439
a     326     327      43439
a     326     325      43439
a     326     337      43439
a     326     315      43439
a     327     328      43439
a     327     326      43439
a     327     338      43439
a     327     316      43439
a     328     329      43439
a     328     327      43439
a     328     339      43439
a     328     317      43439
a     329     330      43439
a     329     328      43439
a     329     340      43439
a     329     318      43439
a     330     329      43439
a     330     341      43439
a     330     319      43439
a     331     332      43439
a     331     342      43439
a     331     320      43439
a     332     333      43439
a     332     331      43439
a     332     343      43439
a     332     321      43439
a     333     334      43439
a     333     332      43439
a     333     344      43439
a     333     322      43439
a     334     335      43439
a     334     333      43439
a     334     345      43439
a     334     323      43439
a     335     336      43439
a     335     334      43439
a     335     346      43439
a     335     324      43439
a     336     337      43439
a     336     335      43439
a     336     347      43439
a     336     325      43439
a     337     338      43439
a     337     336      43439
a     337     348      43439
a     337     326      43439
a     338     339      43439
a     338     337      43439
a     338     349      43439
a     338     327      43439
a     339     340      43439
a     339     338      43439
a     339     350      43439
a     339     328      43439
a     340     341      43439
a     340     339      43439
a     340     351      43439
a     340     329      43439
a     341     340      43439
a     341     352      43439
a     341     330      43439
a     342     343      43439
a     342     353      43439
a     342     331      43439
a     343     344      43439
a     343     342      43439
a     343     354      43439
a     343     332      43439
a     344     345      43439
a     344     343      43439
a     344     355      43439
a     344     333      43439
a     345     346      43439
a     345     344      43439
a     345     356      43439
a     345     334      43439
a     346     347      43439
a     346     345      43439
a     346     357      43439
a     346     335      43439
a     347     348      43439
a     347     346      43439
a     347     358      43439
a     347     336      43439
a     348     349      43439
a     348     347      43439
a     348     359      43439
a     348     337      43439
a     349     350      43439
a     349     348      43439
a     349     360      43439
a     349     338      43439
a     350     351      43439
a     350     349      43439
a     350     361      43439
a     350     339      43439
a     351     352      43439
a     351     350      43439
a     351     362      43439
a     351     340      43439
a     352     351      43439
a     352     363      43439
a     352     341      43439
a     353     354      43439
a     353     342      43439
a     354     355      43439
a     354     353      43439
a     354     343      43439
a     355     356      43439
a     355     354      43439
a     355     344      43439
a     356     357      43439
a     356     355      43439
a     356     345      43439
a     357     358      43439
a     357     356      43439
a     357     346      43439
a     358     359      43439
a     358     357      43439
a     358     347      43439
a     359     360      43439
a     359     358      43439
a     359     348      43439
a     360     361      43439
a     360     359      43439
a     360     349      43439
a     361     362      43439
a     361     360      43439
a     361     350      43439
a     362     363      43439
a     362     361      43439
a     362     351      43439
a     363     362      43439
a     363     352      43439
