c This file was generated by genrmf.
c The parameters are: a: 9 b: 6 c1: 967 c2: 1934 seed: 1666103673
p max     486       2133
n       1 s
n     486 t
a       1      89       1679
a       1       2     156654
a       1      10     156654
a       2      97       1526
a       2       3     156654
a       2       1     156654
a       2      11     156654
a       3      96       1926
a       3       4     156654
a       3       2     156654
a       3      12     156654
a       4     147       1040
a       4       5     156654
a       4       3     156654
a       4      13     156654
a       5      85       1576
a       5       6     156654
a       5       4     156654
a       5      14     156654
a       6     133       1602
a       6       7     156654
a       6       5     156654
a       6      15     156654
a       7     123       1858
a       7       8     156654
a       7       6     156654
a       7      16     156654
a       8      90       1865
a       8       9     156654
a       8       7     156654
a       8      17     156654
a       9     149       1737
a       9       8     156654
a       9      18     156654
a      10     114       1290
a      10      11     156654
a      10      19     156654
a      10       1     156654
a      11     148       1069
a      11      12     156654
a      11      10     156654
a      11      20     156654
a      11       2     156654
a      12     118       1084
a      12      13     156654
a      12      11     156654
a      12      21     156654
a      12       3     156654
a      13      91       1580
a      13      14     156654
a      13      12     156654
a      13      22     156654
a      13       4     156654
a      14     150       1296
a      14      15     156654
a      14      13     156654
a      14      23     156654
a      14       5     156654
a      15     154       1212
a      15      16     156654
a      15      14     156654
a      15      24     156654
a      15       6     156654
a      16      98       1141
a      16      17     156654
a      16      15     156654
a      16      25     156654
a      16       7     156654
a      17     117       1238
a      17      18     156654
a      17      16     156654
a      17      26     156654
a      17       8     156654
a      18     157       1677
a      18      17     156654
a      18      27     156654
a      18       9     156654
a      19     131       1694
a      19      20     156654
a      19      28     156654
a      19      10     156654
a      20     113       1927
a      20      21     156654
a      20      19     156654
a      20      29     156654
a      20      11     156654
a      21     109       1527
a      21      22     156654
a      21      20     156654
a      21      30     156654
a      21      12     156654
a      22     135       1429
a      22      23     156654
a      22      21     156654
a      22      31     156654
a      22      13     156654
a      23      87       1753
a      23      24     156654
a      23      22     156654
a      23      32     156654
a      23      14     156654
a      24     111       1223
a      24      25     156654
a      24      23     156654
a      24      33     156654
a      24      15     156654
a      25     161       1015
a      25      26     156654
a      25      24     156654
a      25      34     156654
a      25      16     156654
a      26     143       1194
a      26      27     156654
a      26      25     156654
a      26      35     156654
a      26      17     156654
a      27     100       1449
a      27      26     156654
a      27      36     156654
a      27      18     156654
a      28      83       1830
a      28      29     156654
a      28      37     156654
a      28      19     156654
a      29      92       1540
a      29      30     156654
a      29      28     156654
a      29      38     156654
a      29      20     156654
a      30     120       1381
a      30      31     156654
a      30      29     156654
a      30      39     156654
a      30      21     156654
a      31     128       1178
a      31      32     156654
a      31      30     156654
a      31      40     156654
a      31      22     156654
a      32     153       1218
a      32      33     156654
a      32      31     156654
a      32      41     156654
a      32      23     156654
a      33     144       1525
a      33      34     156654
a      33      32     156654
a      33      42     156654
a      33      24     156654
a      34     124       1882
a      34      35     156654
a      34      33     156654
a      34      43     156654
a      34      25     156654
a      35     125       1315
a      35      36     156654
a      35      34     156654
a      35      44     156654
a      35      26     156654
a      36     108       1410
a      36      35     156654
a      36      45     156654
a      36      27     156654
a      37     105       1895
a      37      38     156654
a      37      46     156654
a      37      28     156654
a      38      99       1450
a      38      39     156654
a      38      37     156654
a      38      47     156654
a      38      29     156654
a      39     134       1768
a      39      40     156654
a      39      38     156654
a      39      48     156654
a      39      30     156654
a      40     107       1719
a      40      41     156654
a      40      39     156654
a      40      49     156654
a      40      31     156654
a      41     155       1549
a      41      42     156654
a      41      40     156654
a      41      50     156654
a      41      32     156654
a      42     115       1921
a      42      43     156654
a      42      41     156654
a      42      51     156654
a      42      33     156654
a      43     152       1346
a      43      44     156654
a      43      42     156654
a      43      52     156654
a      43      34     156654
a      44     110       1873
a      44      45     156654
a      44      43     156654
a      44      53     156654
a      44      35     156654
a      45     129       1372
a      45      44     156654
a      45      54     156654
a      45      36     156654
a      46     101       1699
a      46      47     156654
a      46      55     156654
a      46      37     156654
a      47     140       1598
a      47      48     156654
a      47      46     156654
a      47      56     156654
a      47      38     156654
a      48     106       1064
a      48      49     156654
a      48      47     156654
a      48      57     156654
a      48      39     156654
a      49     142       1126
a      49      50     156654
a      49      48     156654
a      49      58     156654
a      49      40     156654
a      50     145       1170
a      50      51     156654
a      50      49     156654
a      50      59     156654
a      50      41     156654
a      51     138       1642
a      51      52     156654
a      51      50     156654
a      51      60     156654
a      51      42     156654
a      52     132       1461
a      52      53     156654
a      52      51     156654
a      52      61     156654
a      52      43     156654
a      53     121       1828
a      53      54     156654
a      53      52     156654
a      53      62     156654
a      53      44     156654
a      54     146       1718
a      54      53     156654
a      54      63     156654
a      54      45     156654
a      55     126       1022
a      55      56     156654
a      55      64     156654
a      55      46     156654
a      56     156       1316
a      56      57     156654
a      56      55     156654
a      56      65     156654
a      56      47     156654
a      57     151       1551
a      57      58     156654
a      57      56     156654
a      57      66     156654
a      57      48     156654
a      58     112       1231
a      58      59     156654
a      58      57     156654
a      58      67     156654
a      58      49     156654
a      59     137       1626
a      59      60     156654
a      59      58     156654
a      59      68     156654
a      59      50     156654
a      60      84       1690
a      60      61     156654
a      60      59     156654
a      60      69     156654
a      60      51     156654
a      61     104       1568
a      61      62     156654
a      61      60     156654
a      61      70     156654
a      61      52     156654
a      62      93       1692
a      62      63     156654
a      62      61     156654
a      62      71     156654
a      62      53     156654
a      63      88       1233
a      63      62     156654
a      63      72     156654
a      63      54     156654
a      64     103       1706
a      64      65     156654
a      64      73     156654
a      64      55     156654
a      65      94       1113
a      65      66     156654
a      65      64     156654
a      65      74     156654
a      65      56     156654
a      66      82       1499
a      66      67     156654
a      66      65     156654
a      66      75     156654
a      66      57     156654
a      67      95       1553
a      67      68     156654
a      67      66     156654
a      67      76     156654
a      67      58     156654
a      68     136       1111
a      68      69     156654
a      68      67     156654
a      68      77     156654
a      68      59     156654
a      69     127       1871
a      69      70     156654
a      69      68     156654
a      69      78     156654
a      69      60     156654
a      70     141       1365
a      70      71     156654
a      70      69     156654
a      70      79     156654
a      70      61     156654
a      71     159       1189
a      71      72     156654
a      71      70     156654
a      71      80     156654
a      71      62     156654
a      72     139       1930
a      72      71     156654
a      72      81     156654
a      72      63     156654
a      73     160       1256
a      73      74     156654
a      73      64     156654
a      74     162       1244
a      74      75     156654
a      74      73     156654
a      74      65     156654
a      75      86       1348
a      75      76     156654
a      75      74     156654
a      75      66     156654
a      76     130       1326
a      76      77     156654
a      76      75     156654
a      76      67     156654
a      77     122       1718
a      77      78     156654
a      77      76     156654
a      77      68     156654
a      78     102       1055
a      78      79     156654
a      78      77     156654
a      78      69     156654
a      79     158       1662
a      79      80     156654
a      79      78     156654
a      79      70     156654
a      80     116       1110
a      80      81     156654
a      80      79     156654
a      80      71     156654
a      81     119       1881
a      81      80     156654
a      81      72     156654
a      82     205       1685
a      82      83     156654
a      82      91     156654
a      83     199       1292
a      83      84     156654
a      83      82     156654
a      83      92     156654
a      84     165       1079
a      84      85     156654
a      84      83     156654
a      84      93     156654
a      85     181       1474
a      85      86     156654
a      85      84     156654
a      85      94     156654
a      86     217        987
a      86      87     156654
a      86      85     156654
a      86      95     156654
a      87     177       1664
a      87      88     156654
a      87      86     156654
a      87      96     156654
a      88     174       1380
a      88      89     156654
a      88      87     156654
a      88      97     156654
a      89     218       1098
a      89      90     156654
a      89      88     156654
a      89      98     156654
a      90     211       1314
a      90      89     156654
a      90      99     156654
a      91     241       1717
a      91      92     156654
a      91     100     156654
a      91      82     156654
a      92     209       1741
a      92      93     156654
a      92      91     156654
a      92     101     156654
a      92      83     156654
a      93     219       1400
a      93      94     156654
a      93      92     156654
a      93     102     156654
a      93      84     156654
a      94     167       1607
a      94      95     156654
a      94      93     156654
a      94     103     156654
a      94      85     156654
a      95     223       1606
a      95      96     156654
a      95      94     156654
a      95     104     156654
a      95      86     156654
a      96     237       1773
a      96      97     156654
a      96      95     156654
a      96     105     156654
a      96      87     156654
a      97     189       1565
a      97      98     156654
a      97      96     156654
a      97     106     156654
a      97      88     156654
a      98     206       1291
a      98      99     156654
a      98      97     156654
a      98     107     156654
a      98      89     156654
a      99     191       1333
a      99      98     156654
a      99     108     156654
a      99      90     156654
a     100     240       1833
a     100     101     156654
a     100     109     156654
a     100      91     156654
a     101     173       1333
a     101     102     156654
a     101     100     156654
a     101     110     156654
a     101      92     156654
a     102     215       1920
a     102     103     156654
a     102     101     156654
a     102     111     156654
a     102      93     156654
a     103     233       1644
a     103     104     156654
a     103     102     156654
a     103     112     156654
a     103      94     156654
a     104     200       1015
a     104     105     156654
a     104     103     156654
a     104     113     156654
a     104      95     156654
a     105     193       1673
a     105     106     156654
a     105     104     156654
a     105     114     156654
a     105      96     156654
a     106     187       1160
a     106     107     156654
a     106     105     156654
a     106     115     156654
a     106      97     156654
a     107     185       1126
a     107     108     156654
a     107     106     156654
a     107     116     156654
a     107      98     156654
a     108     228       1272
a     108     107     156654
a     108     117     156654
a     108      99     156654
a     109     242       1125
a     109     110     156654
a     109     118     156654
a     109     100     156654
a     110     204       1337
a     110     111     156654
a     110     109     156654
a     110     119     156654
a     110     101     156654
a     111     207       1914
a     111     112     156654
a     111     110     156654
a     111     120     156654
a     111     102     156654
a     112     176       1345
a     112     113     156654
a     112     111     156654
a     112     121     156654
a     112     103     156654
a     113     196       1780
a     113     114     156654
a     113     112     156654
a     113     122     156654
a     113     104     156654
a     114     172       1191
a     114     115     156654
a     114     113     156654
a     114     123     156654
a     114     105     156654
a     115     198       1498
a     115     116     156654
a     115     114     156654
a     115     124     156654
a     115     106     156654
a     116     175       1222
a     116     117     156654
a     116     115     156654
a     116     125     156654
a     116     107     156654
a     117     234       1465
a     117     116     156654
a     117     126     156654
a     117     108     156654
a     118     208       1593
a     118     119     156654
a     118     127     156654
a     118     109     156654
a     119     190       1590
a     119     120     156654
a     119     118     156654
a     119     128     156654
a     119     110     156654
a     120     210       1750
a     120     121     156654
a     120     119     156654
a     120     129     156654
a     120     111     156654
a     121     221       1720
a     121     122     156654
a     121     120     156654
a     121     130     156654
a     121     112     156654
a     122     222       1736
a     122     123     156654
a     122     121     156654
a     122     131     156654
a     122     113     156654
a     123     216       1865
a     123     124     156654
a     123     122     156654
a     123     132     156654
a     123     114     156654
a     124     163       1292
a     124     125     156654
a     124     123     156654
a     124     133     156654
a     124     115     156654
a     125     213       1341
a     125     126     156654
a     125     124     156654
a     125     134     156654
a     125     116     156654
a     126     195       1721
a     126     125     156654
a     126     135     156654
a     126     117     156654
a     127     238       1627
a     127     128     156654
a     127     136     156654
a     127     118     156654
a     128     226       1562
a     128     129     156654
a     128     127     156654
a     128     137     156654
a     128     119     156654
a     129     164       1450
a     129     130     156654
a     129     128     156654
a     129     138     156654
a     129     120     156654
a     130     166       1242
a     130     131     156654
a     130     129     156654
a     130     139     156654
a     130     121     156654
a     131     231       1623
a     131     132     156654
a     131     130     156654
a     131     140     156654
a     131     122     156654
a     132     232       1396
a     132     133     156654
a     132     131     156654
a     132     141     156654
a     132     123     156654
a     133     183       1493
a     133     134     156654
a     133     132     156654
a     133     142     156654
a     133     124     156654
a     134     239       1424
a     134     135     156654
a     134     133     156654
a     134     143     156654
a     134     125     156654
a     135     229       1336
a     135     134     156654
a     135     144     156654
a     135     126     156654
a     136     178       1734
a     136     137     156654
a     136     145     156654
a     136     127     156654
a     137     171       1845
a     137     138     156654
a     137     136     156654
a     137     146     156654
a     137     128     156654
a     138     203       1018
a     138     139     156654
a     138     137     156654
a     138     147     156654
a     138     129     156654
a     139     243       1369
a     139     140     156654
a     139     138     156654
a     139     148     156654
a     139     130     156654
a     140     212       1874
a     140     141     156654
a     140     139     156654
a     140     149     156654
a     140     131     156654
a     141     227       1639
a     141     142     156654
a     141     140     156654
a     141     150     156654
a     141     132     156654
a     142     201       1359
a     142     143     156654
a     142     141     156654
a     142     151     156654
a     142     133     156654
a     143     179       1513
a     143     144     156654
a     143     142     156654
a     143     152     156654
a     143     134     156654
a     144     236       1112
a     144     143     156654
a     144     153     156654
a     144     135     156654
a     145     214       1388
a     145     146     156654
a     145     154     156654
a     145     136     156654
a     146     188       1792
a     146     147     156654
a     146     145     156654
a     146     155     156654
a     146     137     156654
a     147     168       1655
a     147     148     156654
a     147     146     156654
a     147     156     156654
a     147     138     156654
a     148     184       1907
a     148     149     156654
a     148     147     156654
a     148     157     156654
a     148     139     156654
a     149     182       1867
a     149     150     156654
a     149     148     156654
a     149     158     156654
a     149     140     156654
a     150     170       1078
a     150     151     156654
a     150     149     156654
a     150     159     156654
a     150     141     156654
a     151     225       1211
a     151     152     156654
a     151     150     156654
a     151     160     156654
a     151     142     156654
a     152     194       1239
a     152     153     156654
a     152     151     156654
a     152     161     156654
a     152     143     156654
a     153     192       1597
a     153     152     156654
a     153     162     156654
a     153     144     156654
a     154     224       1742
a     154     155     156654
a     154     145     156654
a     155     220       1379
a     155     156     156654
a     155     154     156654
a     155     146     156654
a     156     202       1299
a     156     157     156654
a     156     155     156654
a     156     147     156654
a     157     186       1271
a     157     158     156654
a     157     156     156654
a     157     148     156654
a     158     197       1691
a     158     159     156654
a     158     157     156654
a     158     149     156654
a     159     235       1086
a     159     160     156654
a     159     158     156654
a     159     150     156654
a     160     180       1154
a     160     161     156654
a     160     159     156654
a     160     151     156654
a     161     169       1092
a     161     162     156654
a     161     160     156654
a     161     152     156654
a     162     230       1548
a     162     161     156654
a     162     153     156654
a     163     294        988
a     163     164     156654
a     163     172     156654
a     164     282       1061
a     164     165     156654
a     164     163     156654
a     164     173     156654
a     165     320       1727
a     165     166     156654
a     165     164     156654
a     165     174     156654
a     166     287       1359
a     166     167     156654
a     166     165     156654
a     166     175     156654
a     167     311       1718
a     167     168     156654
a     167     166     156654
a     167     176     156654
a     168     268       1820
a     168     169     156654
a     168     167     156654
a     168     177     156654
a     169     285       1798
a     169     170     156654
a     169     168     156654
a     169     178     156654
a     170     317       1105
a     170     171     156654
a     170     169     156654
a     170     179     156654
a     171     312       1525
a     171     170     156654
a     171     180     156654
a     172     264       1772
a     172     173     156654
a     172     181     156654
a     172     163     156654
a     173     315       1417
a     173     174     156654
a     173     172     156654
a     173     182     156654
a     173     164     156654
a     174     270       1929
a     174     175     156654
a     174     173     156654
a     174     183     156654
a     174     165     156654
a     175     322       1616
a     175     176     156654
a     175     174     156654
a     175     184     156654
a     175     166     156654
a     176     254        974
a     176     177     156654
a     176     175     156654
a     176     185     156654
a     176     167     156654
a     177     269       1012
a     177     178     156654
a     177     176     156654
a     177     186     156654
a     177     168     156654
a     178     275       1777
a     178     179     156654
a     178     177     156654
a     178     187     156654
a     178     169     156654
a     179     263       1684
a     179     180     156654
a     179     178     156654
a     179     188     156654
a     179     170     156654
a     180     276       1260
a     180     179     156654
a     180     189     156654
a     180     171     156654
a     181     313       1228
a     181     182     156654
a     181     190     156654
a     181     172     156654
a     182     253       1571
a     182     183     156654
a     182     181     156654
a     182     191     156654
a     182     173     156654
a     183     273       1753
a     183     184     156654
a     183     182     156654
a     183     192     156654
a     183     174     156654
a     184     249       1827
a     184     185     156654
a     184     183     156654
a     184     193     156654
a     184     175     156654
a     185     283       1553
a     185     186     156654
a     185     184     156654
a     185     194     156654
a     185     176     156654
a     186     292       1004
a     186     187     156654
a     186     185     156654
a     186     195     156654
a     186     177     156654
a     187     305       1429
a     187     188     156654
a     187     186     156654
a     187     196     156654
a     187     178     156654
a     188     257       1474
a     188     189     156654
a     188     187     156654
a     188     197     156654
a     188     179     156654
a     189     310       1401
a     189     188     156654
a     189     198     156654
a     189     180     156654
a     190     271       1906
a     190     191     156654
a     190     199     156654
a     190     181     156654
a     191     316       1899
a     191     192     156654
a     191     190     156654
a     191     200     156654
a     191     182     156654
a     192     306       1731
a     192     193     156654
a     192     191     156654
a     192     201     156654
a     192     183     156654
a     193     277       1816
a     193     194     156654
a     193     192     156654
a     193     202     156654
a     193     184     156654
a     194     245       1255
a     194     195     156654
a     194     193     156654
a     194     203     156654
a     194     185     156654
a     195     278       1535
a     195     196     156654
a     195     194     156654
a     195     204     156654
a     195     186     156654
a     196     258        975
a     196     197     156654
a     196     195     156654
a     196     205     156654
a     196     187     156654
a     197     256       1841
a     197     198     156654
a     197     196     156654
a     197     206     156654
a     197     188     156654
a     198     293       1782
a     198     197     156654
a     198     207     156654
a     198     189     156654
a     199     252       1869
a     199     200     156654
a     199     208     156654
a     199     190     156654
a     200     290       1554
a     200     201     156654
a     200     199     156654
a     200     209     156654
a     200     191     156654
a     201     267       1618
a     201     202     156654
a     201     200     156654
a     201     210     156654
a     201     192     156654
a     202     247       1401
a     202     203     156654
a     202     201     156654
a     202     211     156654
a     202     193     156654
a     203     274       1650
a     203     204     156654
a     203     202     156654
a     203     212     156654
a     203     194     156654
a     204     300       1343
a     204     205     156654
a     204     203     156654
a     204     213     156654
a     204     195     156654
a     205     289       1022
a     205     206     156654
a     205     204     156654
a     205     214     156654
a     205     196     156654
a     206     304       1532
a     206     207     156654
a     206     205     156654
a     206     215     156654
a     206     197     156654
a     207     323       1761
a     207     206     156654
a     207     216     156654
a     207     198     156654
a     208     281       1769
a     208     209     156654
a     208     217     156654
a     208     199     156654
a     209     255       1585
a     209     210     156654
a     209     208     156654
a     209     218     156654
a     209     200     156654
a     210     297       1699
a     210     211     156654
a     210     209     156654
a     210     219     156654
a     210     201     156654
a     211     301       1498
a     211     212     156654
a     211     210     156654
a     211     220     156654
a     211     202     156654
a     212     303       1708
a     212     213     156654
a     212     211     156654
a     212     221     156654
a     212     203     156654
a     213     314       1540
a     213     214     156654
a     213     212     156654
a     213     222     156654
a     213     204     156654
a     214     259       1719
a     214     215     156654
a     214     213     156654
a     214     223     156654
a     214     205     156654
a     215     272       1808
a     215     216     156654
a     215     214     156654
a     215     224     156654
a     215     206     156654
a     216     324       1114
a     216     215     156654
a     216     225     156654
a     216     207     156654
a     217     318       1118
a     217     218     156654
a     217     226     156654
a     217     208     156654
a     218     248       1757
a     218     219     156654
a     218     217     156654
a     218     227     156654
a     218     209     156654
a     219     321       1694
a     219     220     156654
a     219     218     156654
a     219     228     156654
a     219     210     156654
a     220     266       1083
a     220     221     156654
a     220     219     156654
a     220     229     156654
a     220     211     156654
a     221     265       1338
a     221     222     156654
a     221     220     156654
a     221     230     156654
a     221     212     156654
a     222     309       1534
a     222     223     156654
a     222     221     156654
a     222     231     156654
a     222     213     156654
a     223     262       1521
a     223     224     156654
a     223     222     156654
a     223     232     156654
a     223     214     156654
a     224     260       1660
a     224     225     156654
a     224     223     156654
a     224     233     156654
a     224     215     156654
a     225     286       1817
a     225     224     156654
a     225     234     156654
a     225     216     156654
a     226     307       1238
a     226     227     156654
a     226     235     156654
a     226     217     156654
a     227     299       1096
a     227     228     156654
a     227     226     156654
a     227     236     156654
a     227     218     156654
a     228     251       1310
a     228     229     156654
a     228     227     156654
a     228     237     156654
a     228     219     156654
a     229     280       1328
a     229     230     156654
a     229     228     156654
a     229     238     156654
a     229     220     156654
a     230     244       1318
a     230     231     156654
a     230     229     156654
a     230     239     156654
a     230     221     156654
a     231     302       1395
a     231     232     156654
a     231     230     156654
a     231     240     156654
a     231     222     156654
a     232     295       1285
a     232     233     156654
a     232     231     156654
a     232     241     156654
a     232     223     156654
a     233     298       1675
a     233     234     156654
a     233     232     156654
a     233     242     156654
a     233     224     156654
a     234     319       1485
a     234     233     156654
a     234     243     156654
a     234     225     156654
a     235     261       1281
a     235     236     156654
a     235     226     156654
a     236     284       1355
a     236     237     156654
a     236     235     156654
a     236     227     156654
a     237     250       1359
a     237     238     156654
a     237     236     156654
a     237     228     156654
a     238     288       1192
a     238     239     156654
a     238     237     156654
a     238     229     156654
a     239     279       1530
a     239     240     156654
a     239     238     156654
a     239     230     156654
a     240     291       1442
a     240     241     156654
a     240     239     156654
a     240     231     156654
a     241     296       1347
a     241     242     156654
a     241     240     156654
a     241     232     156654
a     242     246       1801
a     242     243     156654
a     242     241     156654
a     242     233     156654
a     243     308       1415
a     243     242     156654
a     243     234     156654
a     244     393       1507
a     244     245     156654
a     244     253     156654
a     245     352       1781
a     245     246     156654
a     245     244     156654
a     245     254     156654
a     246     386       1301
a     246     247     156654
a     246     245     156654
a     246     255     156654
a     247     364       1216
a     247     248     156654
a     247     246     156654
a     247     256     156654
a     248     404       1406
a     248     249     156654
a     248     247     156654
a     248     257     156654
a     249     341       1063
a     249     250     156654
a     249     248     156654
a     249     258     156654
a     250     354       1912
a     250     251     156654
a     250     249     156654
a     250     259     156654
a     251     356       1428
a     251     252     156654
a     251     250     156654
a     251     260     156654
a     252     392       1164
a     252     251     156654
a     252     261     156654
a     253     367       1317
a     253     254     156654
a     253     262     156654
a     253     244     156654
a     254     384       1216
a     254     255     156654
a     254     253     156654
a     254     263     156654
a     254     245     156654
a     255     345       1928
a     255     256     156654
a     255     254     156654
a     255     264     156654
a     255     246     156654
a     256     405       1542
a     256     257     156654
a     256     255     156654
a     256     265     156654
a     256     247     156654
a     257     400       1463
a     257     258     156654
a     257     256     156654
a     257     266     156654
a     257     248     156654
a     258     396       1505
a     258     259     156654
a     258     257     156654
a     258     267     156654
a     258     249     156654
a     259     349       1294
a     259     260     156654
a     259     258     156654
a     259     268     156654
a     259     250     156654
a     260     350       1209
a     260     261     156654
a     260     259     156654
a     260     269     156654
a     260     251     156654
a     261     335       1443
a     261     260     156654
a     261     270     156654
a     261     252     156654
a     262     398       1638
a     262     263     156654
a     262     271     156654
a     262     253     156654
a     263     373       1933
a     263     264     156654
a     263     262     156654
a     263     272     156654
a     263     254     156654
a     264     389       1575
a     264     265     156654
a     264     263     156654
a     264     273     156654
a     264     255     156654
a     265     374       1270
a     265     266     156654
a     265     264     156654
a     265     274     156654
a     265     256     156654
a     266     385       1718
a     266     267     156654
a     266     265     156654
a     266     275     156654
a     266     257     156654
a     267     381       1024
a     267     268     156654
a     267     266     156654
a     267     276     156654
a     267     258     156654
a     268     372       1876
a     268     269     156654
a     268     267     156654
a     268     277     156654
a     268     259     156654
a     269     332       1034
a     269     270     156654
a     269     268     156654
a     269     278     156654
a     269     260     156654
a     270     342       1164
a     270     269     156654
a     270     279     156654
a     270     261     156654
a     271     361       1601
a     271     272     156654
a     271     280     156654
a     271     262     156654
a     272     399       1252
a     272     273     156654
a     272     271     156654
a     272     281     156654
a     272     263     156654
a     273     328       1196
a     273     274     156654
a     273     272     156654
a     273     282     156654
a     273     264     156654
a     274     325       1437
a     274     275     156654
a     274     273     156654
a     274     283     156654
a     274     265     156654
a     275     329       1831
a     275     276     156654
a     275     274     156654
a     275     284     156654
a     275     266     156654
a     276     370       1502
a     276     277     156654
a     276     275     156654
a     276     285     156654
a     276     267     156654
a     277     403       1371
a     277     278     156654
a     277     276     156654
a     277     286     156654
a     277     268     156654
a     278     359       1547
a     278     279     156654
a     278     277     156654
a     278     287     156654
a     278     269     156654
a     279     360       1411
a     279     278     156654
a     279     288     156654
a     279     270     156654
a     280     343       1667
a     280     281     156654
a     280     289     156654
a     280     271     156654
a     281     330       1028
a     281     282     156654
a     281     280     156654
a     281     290     156654
a     281     272     156654
a     282     351       1351
a     282     283     156654
a     282     281     156654
a     282     291     156654
a     282     273     156654
a     283     382        974
a     283     284     156654
a     283     282     156654
a     283     292     156654
a     283     274     156654
a     284     353       1377
a     284     285     156654
a     284     283     156654
a     284     293     156654
a     284     275     156654
a     285     380       1116
a     285     286     156654
a     285     284     156654
a     285     294     156654
a     285     276     156654
a     286     326       1293
a     286     287     156654
a     286     285     156654
a     286     295     156654
a     286     277     156654
a     287     391       1726
a     287     288     156654
a     287     286     156654
a     287     296     156654
a     287     278     156654
a     288     378       1544
a     288     287     156654
a     288     297     156654
a     288     279     156654
a     289     388       1731
a     289     290     156654
a     289     298     156654
a     289     280     156654
a     290     368       1182
a     290     291     156654
a     290     289     156654
a     290     299     156654
a     290     281     156654
a     291     394       1727
a     291     292     156654
a     291     290     156654
a     291     300     156654
a     291     282     156654
a     292     383       1814
a     292     293     156654
a     292     291     156654
a     292     301     156654
a     292     283     156654
a     293     358       1466
a     293     294     156654
a     293     292     156654
a     293     302     156654
a     293     284     156654
a     294     337       1694
a     294     295     156654
a     294     293     156654
a     294     303     156654
a     294     285     156654
a     295     339       1223
a     295     296     156654
a     295     294     156654
a     295     304     156654
a     295     286     156654
a     296     347       1477
a     296     297     156654
a     296     295     156654
a     296     305     156654
a     296     287     156654
a     297     390       1876
a     297     296     156654
a     297     306     156654
a     297     288     156654
a     298     397       1437
a     298     299     156654
a     298     307     156654
a     298     289     156654
a     299     387       1346
a     299     300     156654
a     299     298     156654
a     299     308     156654
a     299     290     156654
a     300     377       1771
a     300     301     156654
a     300     299     156654
a     300     309     156654
a     300     291     156654
a     301     355       1886
a     301     302     156654
a     301     300     156654
a     301     310     156654
a     301     292     156654
a     302     336       1096
a     302     303     156654
a     302     301     156654
a     302     311     156654
a     302     293     156654
a     303     365       1487
a     303     304     156654
a     303     302     156654
a     303     312     156654
a     303     294     156654
a     304     340       1822
a     304     305     156654
a     304     303     156654
a     304     313     156654
a     304     295     156654
a     305     334       1033
a     305     306     156654
a     305     304     156654
a     305     314     156654
a     305     296     156654
a     306     327       1055
a     306     305     156654
a     306     315     156654
a     306     297     156654
a     307     346       1506
a     307     308     156654
a     307     316     156654
a     307     298     156654
a     308     402       1670
a     308     309     156654
a     308     307     156654
a     308     317     156654
a     308     299     156654
a     309     331       1195
a     309     310     156654
a     309     308     156654
a     309     318     156654
a     309     300     156654
a     310     344       1585
a     310     311     156654
a     310     309     156654
a     310     319     156654
a     310     301     156654
a     311     348       1860
a     311     312     156654
a     311     310     156654
a     311     320     156654
a     311     302     156654
a     312     379       1230
a     312     313     156654
a     312     311     156654
a     312     321     156654
a     312     303     156654
a     313     371       1364
a     313     314     156654
a     313     312     156654
a     313     322     156654
a     313     304     156654
a     314     369       1396
a     314     315     156654
a     314     313     156654
a     314     323     156654
a     314     305     156654
a     315     357       1720
a     315     314     156654
a     315     324     156654
a     315     306     156654
a     316     401       1767
a     316     317     156654
a     316     307     156654
a     317     338       1784
a     317     318     156654
a     317     316     156654
a     317     308     156654
a     318     395       1642
a     318     319     156654
a     318     317     156654
a     318     309     156654
a     319     376       1461
a     319     320     156654
a     319     318     156654
a     319     310     156654
a     320     363       1922
a     320     321     156654
a     320     319     156654
a     320     311     156654
a     321     333       1811
a     321     322     156654
a     321     320     156654
a     321     312     156654
a     322     366       1814
a     322     323     156654
a     322     321     156654
a     322     313     156654
a     323     375        984
a     323     324     156654
a     323     322     156654
a     323     314     156654
a     324     362       1898
a     324     323     156654
a     324     315     156654
a     325     475       1114
a     325     326     156654
a     325     334     156654
a     326     473       1891
a     326     327     156654
a     326     325     156654
a     326     335     156654
a     327     453       1441
a     327     328     156654
a     327     326     156654
a     327     336     156654
a     328     460       1670
a     328     329     156654
a     328     327     156654
a     328     337     156654
a     329     462       1784
a     329     330     156654
a     329     328     156654
a     329     338     156654
a     330     463       1255
a     330     331     156654
a     330     329     156654
a     330     339     156654
a     331     464       1127
a     331     332     156654
a     331     330     156654
a     331     340     156654
a     332     467       1358
a     332     333     156654
a     332     331     156654
a     332     341     156654
a     333     482       1022
a     333     332     156654
a     333     342     156654
a     334     423        976
a     334     335     156654
a     334     343     156654
a     334     325     156654
a     335     455       1067
a     335     336     156654
a     335     334     156654
a     335     344     156654
a     335     326     156654
a     336     419       1380
a     336     337     156654
a     336     335     156654
a     336     345     156654
a     336     327     156654
a     337     417       1306
a     337     338     156654
a     337     336     156654
a     337     346     156654
a     337     328     156654
a     338     446       1275
a     338     339     156654
a     338     337     156654
a     338     347     156654
a     338     329     156654
a     339     456       1610
a     339     340     156654
a     339     338     156654
a     339     348     156654
a     339     330     156654
a     340     406       1291
a     340     341     156654
a     340     339     156654
a     340     349     156654
a     340     331     156654
a     341     485       1542
a     341     342     156654
a     341     340     156654
a     341     350     156654
a     341     332     156654
a     342     465        975
a     342     341     156654
a     342     351     156654
a     342     333     156654
a     343     480       1128
a     343     344     156654
a     343     352     156654
a     343     334     156654
a     344     438       1151
a     344     345     156654
a     344     343     156654
a     344     353     156654
a     344     335     156654
a     345     421       1538
a     345     346     156654
a     345     344     156654
a     345     354     156654
a     345     336     156654
a     346     415       1294
a     346     347     156654
a     346     345     156654
a     346     355     156654
a     346     337     156654
a     347     416       1293
a     347     348     156654
a     347     346     156654
a     347     356     156654
a     347     338     156654
a     348     457       1273
a     348     349     156654
a     348     347     156654
a     348     357     156654
a     348     339     156654
a     349     436       1794
a     349     350     156654
a     349     348     156654
a     349     358     156654
a     349     340     156654
a     350     443       1714
a     350     351     156654
a     350     349     156654
a     350     359     156654
a     350     341     156654
a     351     412       1051
a     351     350     156654
a     351     360     156654
a     351     342     156654
a     352     431       1274
a     352     353     156654
a     352     361     156654
a     352     343     156654
a     353     432       1041
a     353     354     156654
a     353     352     156654
a     353     362     156654
a     353     344     156654
a     354     409        983
a     354     355     156654
a     354     353     156654
a     354     363     156654
a     354     345     156654
a     355     450       1152
a     355     356     156654
a     355     354     156654
a     355     364     156654
a     355     346     156654
a     356     407       1390
a     356     357     156654
a     356     355     156654
a     356     365     156654
a     356     347     156654
a     357     466       1456
a     357     358     156654
a     357     356     156654
a     357     366     156654
a     357     348     156654
a     358     413       1193
a     358     359     156654
a     358     357     156654
a     358     367     156654
a     358     349     156654
a     359     470        997
a     359     360     156654
a     359     358     156654
a     359     368     156654
a     359     350     156654
a     360     449       1112
a     360     359     156654
a     360     369     156654
a     360     351     156654
a     361     486       1430
a     361     362     156654
a     361     370     156654
a     361     352     156654
a     362     448       1309
a     362     363     156654
a     362     361     156654
a     362     371     156654
a     362     353     156654
a     363     471        992
a     363     364     156654
a     363     362     156654
a     363     372     156654
a     363     354     156654
a     364     440       1466
a     364     365     156654
a     364     363     156654
a     364     373     156654
a     364     355     156654
a     365     435       1007
a     365     366     156654
a     365     364     156654
a     365     374     156654
a     365     356     156654
a     366     410       1015
a     366     367     156654
a     366     365     156654
a     366     375     156654
a     366     357     156654
a     367     430       1789
a     367     368     156654
a     367     366     156654
a     367     376     156654
a     367     358     156654
a     368     476       1636
a     368     369     156654
a     368     367     156654
a     368     377     156654
a     368     359     156654
a     369     442       1735
a     369     368     156654
a     369     378     156654
a     369     360     156654
a     370     441       1366
a     370     371     156654
a     370     379     156654
a     370     361     156654
a     371     437       1117
a     371     372     156654
a     371     370     156654
a     371     380     156654
a     371     362     156654
a     372     451       1045
a     372     373     156654
a     372     371     156654
a     372     381     156654
a     372     363     156654
a     373     408       1137
a     373     374     156654
a     373     372     156654
a     373     382     156654
a     373     364     156654
a     374     461       1408
a     374     375     156654
a     374     373     156654
a     374     383     156654
a     374     365     156654
a     375     422       1659
a     375     376     156654
a     375     374     156654
a     375     384     156654
a     375     366     156654
a     376     434       1499
a     376     377     156654
a     376     375     156654
a     376     385     156654
a     376     367     156654
a     377     426       1401
a     377     378     156654
a     377     376     156654
a     377     386     156654
a     377     368     156654
a     378     481       1726
a     378     377     156654
a     378     387     156654
a     378     369     156654
a     379     420       1359
a     379     380     156654
a     379     388     156654
a     379     370     156654
a     380     424       1370
a     380     381     156654
a     380     379     156654
a     380     389     156654
a     380     371     156654
a     381     483        979
a     381     382     156654
a     381     380     156654
a     381     390     156654
a     381     372     156654
a     382     418       1535
a     382     383     156654
a     382     381     156654
a     382     391     156654
a     382     373     156654
a     383     433       1750
a     383     384     156654
a     383     382     156654
a     383     392     156654
a     383     374     156654
a     384     428       1099
a     384     385     156654
a     384     383     156654
a     384     393     156654
a     384     375     156654
a     385     459       1805
a     385     386     156654
a     385     384     156654
a     385     394     156654
a     385     376     156654
a     386     469       1346
a     386     387     156654
a     386     385     156654
a     386     395     156654
a     386     377     156654
a     387     474       1887
a     387     386     156654
a     387     396     156654
a     387     378     156654
a     388     478       1779
a     388     389     156654
a     388     397     156654
a     388     379     156654
a     389     484       1250
a     389     390     156654
a     389     388     156654
a     389     398     156654
a     389     380     156654
a     390     468       1050
a     390     391     156654
a     390     389     156654
a     390     399     156654
a     390     381     156654
a     391     411       1244
a     391     392     156654
a     391     390     156654
a     391     400     156654
a     391     382     156654
a     392     425       1674
a     392     393     156654
a     392     391     156654
a     392     401     156654
a     392     383     156654
a     393     444       1003
a     393     394     156654
a     393     392     156654
a     393     402     156654
a     393     384     156654
a     394     472       1505
a     394     395     156654
a     394     393     156654
a     394     403     156654
a     394     385     156654
a     395     479       1877
a     395     396     156654
a     395     394     156654
a     395     404     156654
a     395     386     156654
a     396     458       1437
a     396     395     156654
a     396     405     156654
a     396     387     156654
a     397     427       1550
a     397     398     156654
a     397     388     156654
a     398     429       1064
a     398     399     156654
a     398     397     156654
a     398     389     156654
a     399     454       1782
a     399     400     156654
a     399     398     156654
a     399     390     156654
a     400     445       1632
a     400     401     156654
a     400     399     156654
a     400     391     156654
a     401     447       1005
a     401     402     156654
a     401     400     156654
a     401     392     156654
a     402     439       1826
a     402     403     156654
a     402     401     156654
a     402     393     156654
a     403     414       1831
a     403     404     156654
a     403     402     156654
a     403     394     156654
a     404     452       1386
a     404     405     156654
a     404     403     156654
a     404     395     156654
a     405     477       1807
a     405     404     156654
a     405     396     156654
a     406     407     156654
a     406     415     156654
a     407     408     156654
a     407     406     156654
a     407     416     156654
a     408     409     156654
a     408     407     156654
a     408     417     156654
a     409     410     156654
a     409     408     156654
a     409     418     156654
a     410     411     156654
a     410     409     156654
a     410     419     156654
a     411     412     156654
a     411     410     156654
a     411     420     156654
a     412     413     156654
a     412     411     156654
a     412     421     156654
a     413     414     156654
a     413     412     156654
a     413     422     156654
a     414     413     156654
a     414     423     156654
a     415     416     156654
a     415     424     156654
a     415     406     156654
a     416     417     156654
a     416     415     156654
a     416     425     156654
a     416     407     156654
a     417     418     156654
a     417     416     156654
a     417     426     156654
a     417     408     156654
a     418     419     156654
a     418     417     156654
a     418     427     156654
a     418     409     156654
a     419     420     156654
a     419     418     156654
a     419     428     156654
a     419     410     156654
a     420     421     156654
a     420     419     156654
a     420     429     156654
a     420     411     156654
a     421     422     156654
a     421     420     156654
a     421     430     156654
a     421     412     156654
a     422     423     156654
a     422     421     156654
a     422     431     156654
a     422     413     156654
a     423     422     156654
a     423     432     156654
a     423     414     156654
a     424     425     156654
a     424     433     156654
a     424     415     156654
a     425     426     156654
a     425     424     156654
a     425     434     156654
a     425     416     156654
a     426     427     156654
a     426     425     156654
a     426     435     156654
a     426     417     156654
a     427     428     156654
a     427     426     156654
a     427     436     156654
a     427     418     156654
a     428     429     156654
a     428     427     156654
a     428     437     156654
a     428     419     156654
a     429     430     156654
a     429     428     156654
a     429     438     156654
a     429     420     156654
a     430     431     156654
a     430     429     156654
a     430     439     156654
a     430     421     156654
a     431     432     156654
a     431     430     156654
a     431     440     156654
a     431     422     156654
a     432     431     156654
a     432     441     156654
a     432     423     156654
a     433     434     156654
a     433     442     156654
a     433     424     156654
a     434     435     156654
a     434     433     156654
a     434     443     156654
a     434     425     156654
a     435     436     156654
a     435     434     156654
a     435     444     156654
a     435     426     156654
a     436     437     156654
a     436     435     156654
a     436     445     156654
a     436     427     156654
a     437     438     156654
a     437     436     156654
a     437     446     156654
a     437     428     156654
a     438     439     156654
a     438     437     156654
a     438     447     156654
a     438     429     156654
a     439     440     156654
a     439     438     156654
a     439     448     156654
a     439     430     156654
a     440     441     156654
a     440     439     156654
a     440     449     156654
a     440     431     156654
a     441     440     156654
a     441     450     156654
a     441     432     156654
a     442     443     156654
a     442     451     156654
a     442     433     156654
a     443     444     156654
a     443     442     156654
a     443     452     156654
a     443     434     156654
a     444     445     156654
a     444     443     156654
a     444     453     156654
a     444     435     156654
a     445     446     156654
a     445     444     156654
a     445     454     156654
a     445     436     156654
a     446     447     156654
a     446     445     156654
a     446     455     156654
a     446     437     156654
a     447     448     156654
a     447     446     156654
a     447     456     156654
a     447     438     156654
a     448     449     156654
a     448     447     156654
a     448     457     156654
a     448     439     156654
a     449     450     156654
a     449     448     156654
a     449     458     156654
a     449     440     156654
a     450     449     156654
a     450     459     156654
a     450     441     156654
a     451     452     156654
a     451     460     156654
a     451     442     156654
a     452     453     156654
a     452     451     156654
a     452     461     156654
a     452     443     156654
a     453     454     156654
a     453     452     156654
a     453     462     156654
a     453     444     156654
a     454     455     156654
a     454     453     156654
a     454     463     156654
a     454     445     156654
a     455     456     156654
a     455     454     156654
a     455     464     156654
a     455     446     156654
a     456     457     156654
a     456     455     156654
a     456     465     156654
a     456     447     156654
a     457     458     156654
a     457     456     156654
a     457     466     156654
a     457     448     156654
a     458     459     156654
a     458     457     156654
a     458     467     156654
a     458     449     156654
a     459     458     156654
a     459     468     156654
a     459     450     156654
a     460     461     156654
a     460     469     156654
a     460     451     156654
a     461     462     156654
a     461     460     156654
a     461     470     156654
a     461     452     156654
a     462     463     156654
a     462     461     156654
a     462     471     156654
a     462     453     156654
a     463     464     156654
a     463     462     156654
a     463     472     156654
a     463     454     156654
a     464     465     156654
a     464     463     156654
a     464     473     156654
a     464     455     156654
a     465     466     156654
a     465     464     156654
a     465     474     156654
a     465     456     156654
a     466     467     156654
a     466     465     156654
a     466     475     156654
a     466     457     156654
a     467     468     156654
a     467     466     156654
a     467     476     156654
a     467     458     156654
a     468     467     156654
a     468     477     156654
a     468     459     156654
a     469     470     156654
a     469     478     156654
a     469     460     156654
a     470     471     156654
a     470     469     156654
a     470     479     156654
a     470     461     156654
a     471     472     156654
a     471     470     156654
a     471     480     156654
a     471     462     156654
a     472     473     156654
a     472     471     156654
a     472     481     156654
a     472     463     156654
a     473     474     156654
a     473     472     156654
a     473     482     156654
a     473     464     156654
a     474     475     156654
a     474     473     156654
a     474     483     156654
a     474     465     156654
a     475     476     156654
a     475     474     156654
a     475     484     156654
a     475     466     156654
a     476     477     156654
a     476     475     156654
a     476     485     156654
a     476     467     156654
a     477     476     156654
a     477     486     156654
a     477     468     156654
a     478     479     156654
a     478     469     156654
a     479     480     156654
a     479     478     156654
a     479     470     156654
a     480     481     156654
a     480     479     156654
a     480     471     156654
a     481     482     156654
a     481     480     156654
a     481     472     156654
a     482     483     156654
a     482     481     156654
a     482     473     156654
a     483     484     156654
a     483     482     156654
a     483     474     156654
a     484     485     156654
a     484     483     156654
a     484     475     156654
a     485     486     156654
a     485     484     156654
a     485     476     156654
a     486     485     156654
a     486     477     156654
