c This file was generated by genrmf.
c The parameters are: a: 8 b: 6 c1: 0 c2: 5 seed: 1666103673
p max     384       1664
n       1 s
n     384 t
a       1      71          0
a       1       2        320
a       1       9        320
a       2      77          2
a       2       3        320
a       2       1        320
a       2      10        320
a       3      76          0
a       3       4        320
a       3       2        320
a       3      11        320
a       4     117          0
a       4       5        320
a       4       3        320
a       4      12        320
a       5     116          5
a       5       6        320
a       5       4        320
a       5      13        320
a       6     106          1
a       6       7        320
a       6       5        320
a       6      14        320
a       7      98          1
a       7       8        320
a       7       6        320
a       7      15        320
a       8      73          4
a       8       7        320
a       8      16        320
a       9     118          2
a       9      10        320
a       9      17        320
a       9       1        320
a      10      92          4
a      10      11        320
a      10       9        320
a      10      18        320
a      10       2        320
a      11      72          5
a      11      12        320
a      11      10        320
a      11      19        320
a      11       3        320
a      12      95          4
a      12      13        320
a      12      11        320
a      12      20        320
a      12       4        320
a      13      74          3
a      13      14        320
a      13      12        320
a      13      21        320
a      13       5        320
a      14     119          5
a      14      15        320
a      14      13        320
a      14      22        320
a      14       6        320
a      15     122          0
a      15      16        320
a      15      14        320
a      15      23        320
a      15       7        320
a      16      81          5
a      16      15        320
a      16      24        320
a      16       8        320
a      17      67          0
a      17      18        320
a      17      25        320
a      17       9        320
a      18     124          4
a      18      19        320
a      18      17        320
a      18      26        320
a      18      10        320
a      19     105          3
a      19      20        320
a      19      18        320
a      19      27        320
a      19      11        320
a      20      66          5
a      20      21        320
a      20      19        320
a      20      28        320
a      20      12        320
a      21      90          0
a      21      22        320
a      21      20        320
a      21      29        320
a      21      13        320
a      22     109          3
a      22      23        320
a      22      21        320
a      22      30        320
a      22      14        320
a      23     107          3
a      23      24        320
a      23      22        320
a      23      31        320
a      23      15        320
a      24      84          5
a      24      23        320
a      24      32        320
a      24      16        320
a      25     128          5
a      25      26        320
a      25      33        320
a      25      17        320
a      26     115          4
a      26      27        320
a      26      25        320
a      26      34        320
a      26      18        320
a      27      70          2
a      27      28        320
a      27      26        320
a      27      35        320
a      27      19        320
a      28      97          0
a      28      29        320
a      28      27        320
a      28      36        320
a      28      20        320
a      29      78          0
a      29      30        320
a      29      28        320
a      29      37        320
a      29      21        320
a      30     100          3
a      30      31        320
a      30      29        320
a      30      38        320
a      30      22        320
a      31      83          2
a      31      32        320
a      31      30        320
a      31      39        320
a      31      23        320
a      32      79          1
a      32      31        320
a      32      40        320
a      32      24        320
a      33      69          1
a      33      34        320
a      33      41        320
a      33      25        320
a      34     103          1
a      34      35        320
a      34      33        320
a      34      42        320
a      34      26        320
a      35      80          4
a      35      36        320
a      35      34        320
a      35      43        320
a      35      27        320
a      36      86          4
a      36      37        320
a      36      35        320
a      36      44        320
a      36      28        320
a      37     102          5
a      37      38        320
a      37      36        320
a      37      45        320
a      37      29        320
a      38     125          3
a      38      39        320
a      38      37        320
a      38      46        320
a      38      30        320
a      39     111          2
a      39      40        320
a      39      38        320
a      39      47        320
a      39      31        320
a      40      68          4
a      40      39        320
a      40      48        320
a      40      32        320
a      41      82          1
a      41      42        320
a      41      49        320
a      41      33        320
a      42      91          0
a      42      43        320
a      42      41        320
a      42      50        320
a      42      34        320
a      43     123          1
a      43      44        320
a      43      42        320
a      43      51        320
a      43      35        320
a      44     121          2
a      44      45        320
a      44      43        320
a      44      52        320
a      44      36        320
a      45     110          5
a      45      46        320
a      45      44        320
a      45      53        320
a      45      37        320
a      46      87          3
a      46      47        320
a      46      45        320
a      46      54        320
a      46      38        320
a      47     104          2
a      47      48        320
a      47      46        320
a      47      55        320
a      47      39        320
a      48      89          1
a      48      47        320
a      48      56        320
a      48      40        320
a      49      75          1
a      49      50        320
a      49      57        320
a      49      41        320
a      50     120          3
a      50      51        320
a      50      49        320
a      50      58        320
a      50      42        320
a      51     113          5
a      51      52        320
a      51      50        320
a      51      59        320
a      51      43        320
a      52      85          2
a      52      53        320
a      52      51        320
a      52      60        320
a      52      44        320
a      53     108          2
a      53      54        320
a      53      52        320
a      53      61        320
a      53      45        320
a      54      96          5
a      54      55        320
a      54      53        320
a      54      62        320
a      54      46        320
a      55     112          2
a      55      56        320
a      55      54        320
a      55      63        320
a      55      47        320
a      56     126          4
a      56      55        320
a      56      64        320
a      56      48        320
a      57     101          4
a      57      58        320
a      57      49        320
a      58      88          3
a      58      59        320
a      58      57        320
a      58      50        320
a      59     127          5
a      59      60        320
a      59      58        320
a      59      51        320
a      60      94          2
a      60      61        320
a      60      59        320
a      60      52        320
a      61     114          5
a      61      62        320
a      61      60        320
a      61      53        320
a      62      65          2
a      62      63        320
a      62      61        320
a      62      54        320
a      63      99          4
a      63      64        320
a      63      62        320
a      63      55        320
a      64      93          3
a      64      63        320
a      64      56        320
a      65     162          2
a      65      66        320
a      65      73        320
a      66     159          4
a      66      67        320
a      66      65        320
a      66      74        320
a      67     145          1
a      67      68        320
a      67      66        320
a      67      75        320
a      68     151          5
a      68      69        320
a      68      67        320
a      68      76        320
a      69     144          0
a      69      70        320
a      69      68        320
a      69      77        320
a      70     152          3
a      70      71        320
a      70      69        320
a      70      78        320
a      71     149          0
a      71      72        320
a      71      70        320
a      71      79        320
a      72     136          4
a      72      71        320
a      72      80        320
a      73     142          0
a      73      74        320
a      73      81        320
a      73      65        320
a      74     187          0
a      74      75        320
a      74      73        320
a      74      82        320
a      74      66        320
a      75     192          1
a      75      76        320
a      75      74        320
a      75      83        320
a      75      67        320
a      76     153          4
a      76      77        320
a      76      75        320
a      76      84        320
a      76      68        320
a      77     177          0
a      77      78        320
a      77      76        320
a      77      85        320
a      77      69        320
a      78     174          3
a      78      79        320
a      78      77        320
a      78      86        320
a      78      70        320
a      79     135          1
a      79      80        320
a      79      78        320
a      79      87        320
a      79      71        320
a      80     182          4
a      80      79        320
a      80      88        320
a      80      72        320
a      81     172          1
a      81      82        320
a      81      89        320
a      81      73        320
a      82     137          0
a      82      83        320
a      82      81        320
a      82      90        320
a      82      74        320
a      83     185          0
a      83      84        320
a      83      82        320
a      83      91        320
a      83      75        320
a      84     168          3
a      84      85        320
a      84      83        320
a      84      92        320
a      84      76        320
a      85     134          3
a      85      86        320
a      85      84        320
a      85      93        320
a      85      77        320
a      86     129          1
a      86      87        320
a      86      85        320
a      86      94        320
a      86      78        320
a      87     132          5
a      87      88        320
a      87      86        320
a      87      95        320
a      87      79        320
a      88     133          5
a      88      87        320
a      88      96        320
a      88      80        320
a      89     157          2
a      89      90        320
a      89      97        320
a      89      81        320
a      90     166          0
a      90      91        320
a      90      89        320
a      90      98        320
a      90      82        320
a      91     179          0
a      91      92        320
a      91      90        320
a      91      99        320
a      91      83        320
a      92     155          4
a      92      93        320
a      92      91        320
a      92     100        320
a      92      84        320
a      93     161          4
a      93      94        320
a      93      92        320
a      93     101        320
a      93      85        320
a      94     165          3
a      94      95        320
a      94      93        320
a      94     102        320
a      94      86        320
a      95     167          1
a      95      96        320
a      95      94        320
a      95     103        320
a      95      87        320
a      96     176          4
a      96      95        320
a      96     104        320
a      96      88        320
a      97     154          1
a      97      98        320
a      97     105        320
a      97      89        320
a      98     163          2
a      98      99        320
a      98      97        320
a      98     106        320
a      98      90        320
a      99     130          1
a      99     100        320
a      99      98        320
a      99     107        320
a      99      91        320
a     100     175          1
a     100     101        320
a     100      99        320
a     100     108        320
a     100      92        320
a     101     164          5
a     101     102        320
a     101     100        320
a     101     109        320
a     101      93        320
a     102     181          0
a     102     103        320
a     102     101        320
a     102     110        320
a     102      94        320
a     103     158          4
a     103     104        320
a     103     102        320
a     103     111        320
a     103      95        320
a     104     148          4
a     104     103        320
a     104     112        320
a     104      96        320
a     105     170          2
a     105     106        320
a     105     113        320
a     105      97        320
a     106     171          5
a     106     107        320
a     106     105        320
a     106     114        320
a     106      98        320
a     107     147          1
a     107     108        320
a     107     106        320
a     107     115        320
a     107      99        320
a     108     173          2
a     108     109        320
a     108     107        320
a     108     116        320
a     108     100        320
a     109     184          0
a     109     110        320
a     109     108        320
a     109     117        320
a     109     101        320
a     110     190          3
a     110     111        320
a     110     109        320
a     110     118        320
a     110     102        320
a     111     156          2
a     111     112        320
a     111     110        320
a     111     119        320
a     111     103        320
a     112     189          4
a     112     111        320
a     112     120        320
a     112     104        320
a     113     191          4
a     113     114        320
a     113     121        320
a     113     105        320
a     114     160          3
a     114     115        320
a     114     113        320
a     114     122        320
a     114     106        320
a     115     143          2
a     115     116        320
a     115     114        320
a     115     123        320
a     115     107        320
a     116     140          4
a     116     117        320
a     116     115        320
a     116     124        320
a     116     108        320
a     117     180          2
a     117     118        320
a     117     116        320
a     117     125        320
a     117     109        320
a     118     138          0
a     118     119        320
a     118     117        320
a     118     126        320
a     118     110        320
a     119     186          3
a     119     120        320
a     119     118        320
a     119     127        320
a     119     111        320
a     120     139          0
a     120     119        320
a     120     128        320
a     120     112        320
a     121     188          4
a     121     122        320
a     121     113        320
a     122     169          2
a     122     123        320
a     122     121        320
a     122     114        320
a     123     178          0
a     123     124        320
a     123     122        320
a     123     115        320
a     124     131          2
a     124     125        320
a     124     123        320
a     124     116        320
a     125     141          4
a     125     126        320
a     125     124        320
a     125     117        320
a     126     150          4
a     126     127        320
a     126     125        320
a     126     118        320
a     127     183          2
a     127     128        320
a     127     126        320
a     127     119        320
a     128     146          3
a     128     127        320
a     128     120        320
a     129     211          4
a     129     130        320
a     129     137        320
a     130     202          0
a     130     131        320
a     130     129        320
a     130     138        320
a     131     234          1
a     131     132        320
a     131     130        320
a     131     139        320
a     132     197          0
a     132     133        320
a     132     131        320
a     132     140        320
a     133     243          3
a     133     134        320
a     133     132        320
a     133     141        320
a     134     233          3
a     134     135        320
a     134     133        320
a     134     142        320
a     135     219          4
a     135     136        320
a     135     134        320
a     135     143        320
a     136     210          3
a     136     135        320
a     136     144        320
a     137     253          1
a     137     138        320
a     137     145        320
a     137     129        320
a     138     217          5
a     138     139        320
a     138     137        320
a     138     146        320
a     138     130        320
a     139     224          1
a     139     140        320
a     139     138        320
a     139     147        320
a     139     131        320
a     140     193          1
a     140     141        320
a     140     139        320
a     140     148        320
a     140     132        320
a     141     198          4
a     141     142        320
a     141     140        320
a     141     149        320
a     141     133        320
a     142     229          3
a     142     143        320
a     142     141        320
a     142     150        320
a     142     134        320
a     143     196          3
a     143     144        320
a     143     142        320
a     143     151        320
a     143     135        320
a     144     227          2
a     144     143        320
a     144     152        320
a     144     136        320
a     145     247          0
a     145     146        320
a     145     153        320
a     145     137        320
a     146     239          3
a     146     147        320
a     146     145        320
a     146     154        320
a     146     138        320
a     147     252          0
a     147     148        320
a     147     146        320
a     147     155        320
a     147     139        320
a     148     238          4
a     148     149        320
a     148     147        320
a     148     156        320
a     148     140        320
a     149     248          5
a     149     150        320
a     149     148        320
a     149     157        320
a     149     141        320
a     150     218          4
a     150     151        320
a     150     149        320
a     150     158        320
a     150     142        320
a     151     237          2
a     151     152        320
a     151     150        320
a     151     159        320
a     151     143        320
a     152     256          3
a     152     151        320
a     152     160        320
a     152     144        320
a     153     215          1
a     153     154        320
a     153     161        320
a     153     145        320
a     154     249          5
a     154     155        320
a     154     153        320
a     154     162        320
a     154     146        320
a     155     203          4
a     155     156        320
a     155     154        320
a     155     163        320
a     155     147        320
a     156     230          5
a     156     157        320
a     156     155        320
a     156     164        320
a     156     148        320
a     157     214          2
a     157     158        320
a     157     156        320
a     157     165        320
a     157     149        320
a     158     209          5
a     158     159        320
a     158     157        320
a     158     166        320
a     158     150        320
a     159     199          0
a     159     160        320
a     159     158        320
a     159     167        320
a     159     151        320
a     160     213          2
a     160     159        320
a     160     168        320
a     160     152        320
a     161     223          1
a     161     162        320
a     161     169        320
a     161     153        320
a     162     244          5
a     162     163        320
a     162     161        320
a     162     170        320
a     162     154        320
a     163     255          4
a     163     164        320
a     163     162        320
a     163     171        320
a     163     155        320
a     164     231          0
a     164     165        320
a     164     163        320
a     164     172        320
a     164     156        320
a     165     250          1
a     165     166        320
a     165     164        320
a     165     173        320
a     165     157        320
a     166     194          5
a     166     167        320
a     166     165        320
a     166     174        320
a     166     158        320
a     167     246          4
a     167     168        320
a     167     166        320
a     167     175        320
a     167     159        320
a     168     207          0
a     168     167        320
a     168     176        320
a     168     160        320
a     169     221          3
a     169     170        320
a     169     177        320
a     169     161        320
a     170     195          2
a     170     171        320
a     170     169        320
a     170     178        320
a     170     162        320
a     171     225          2
a     171     172        320
a     171     170        320
a     171     179        320
a     171     163        320
a     172     241          5
a     172     173        320
a     172     171        320
a     172     180        320
a     172     164        320
a     173     222          1
a     173     174        320
a     173     172        320
a     173     181        320
a     173     165        320
a     174     236          1
a     174     175        320
a     174     173        320
a     174     182        320
a     174     166        320
a     175     242          4
a     175     176        320
a     175     174        320
a     175     183        320
a     175     167        320
a     176     251          2
a     176     175        320
a     176     184        320
a     176     168        320
a     177     216          5
a     177     178        320
a     177     185        320
a     177     169        320
a     178     204          2
a     178     179        320
a     178     177        320
a     178     186        320
a     178     170        320
a     179     240          4
a     179     180        320
a     179     178        320
a     179     187        320
a     179     171        320
a     180     254          5
a     180     181        320
a     180     179        320
a     180     188        320
a     180     172        320
a     181     205          4
a     181     182        320
a     181     180        320
a     181     189        320
a     181     173        320
a     182     200          4
a     182     183        320
a     182     181        320
a     182     190        320
a     182     174        320
a     183     206          0
a     183     184        320
a     183     182        320
a     183     191        320
a     183     175        320
a     184     212          3
a     184     183        320
a     184     192        320
a     184     176        320
a     185     220          0
a     185     186        320
a     185     177        320
a     186     208          1
a     186     187        320
a     186     185        320
a     186     178        320
a     187     226          0
a     187     188        320
a     187     186        320
a     187     179        320
a     188     228          2
a     188     189        320
a     188     187        320
a     188     180        320
a     189     245          2
a     189     190        320
a     189     188        320
a     189     181        320
a     190     232          2
a     190     191        320
a     190     189        320
a     190     182        320
a     191     201          3
a     191     192        320
a     191     190        320
a     191     183        320
a     192     235          2
a     192     191        320
a     192     184        320
a     193     308          0
a     193     194        320
a     193     201        320
a     194     320          3
a     194     195        320
a     194     193        320
a     194     202        320
a     195     261          4
a     195     196        320
a     195     194        320
a     195     203        320
a     196     280          4
a     196     197        320
a     196     195        320
a     196     204        320
a     197     269          3
a     197     198        320
a     197     196        320
a     197     205        320
a     198     306          4
a     198     199        320
a     198     197        320
a     198     206        320
a     199     302          3
a     199     200        320
a     199     198        320
a     199     207        320
a     200     293          4
a     200     199        320
a     200     208        320
a     201     300          3
a     201     202        320
a     201     209        320
a     201     193        320
a     202     277          4
a     202     203        320
a     202     201        320
a     202     210        320
a     202     194        320
a     203     298          5
a     203     204        320
a     203     202        320
a     203     211        320
a     203     195        320
a     204     292          0
a     204     205        320
a     204     203        320
a     204     212        320
a     204     196        320
a     205     278          0
a     205     206        320
a     205     204        320
a     205     213        320
a     205     197        320
a     206     315          4
a     206     207        320
a     206     205        320
a     206     214        320
a     206     198        320
a     207     283          4
a     207     208        320
a     207     206        320
a     207     215        320
a     207     199        320
a     208     276          0
a     208     207        320
a     208     216        320
a     208     200        320
a     209     310          2
a     209     210        320
a     209     217        320
a     209     201        320
a     210     305          3
a     210     211        320
a     210     209        320
a     210     218        320
a     210     202        320
a     211     316          3
a     211     212        320
a     211     210        320
a     211     219        320
a     211     203        320
a     212     286          4
a     212     213        320
a     212     211        320
a     212     220        320
a     212     204        320
a     213     282          5
a     213     214        320
a     213     212        320
a     213     221        320
a     213     205        320
a     214     312          1
a     214     215        320
a     214     213        320
a     214     222        320
a     214     206        320
a     215     267          0
a     215     216        320
a     215     214        320
a     215     223        320
a     215     207        320
a     216     291          2
a     216     215        320
a     216     224        320
a     216     208        320
a     217     285          2
a     217     218        320
a     217     225        320
a     217     209        320
a     218     266          2
a     218     219        320
a     218     217        320
a     218     226        320
a     218     210        320
a     219     257          2
a     219     220        320
a     219     218        320
a     219     227        320
a     219     211        320
a     220     290          1
a     220     221        320
a     220     219        320
a     220     228        320
a     220     212        320
a     221     275          4
a     221     222        320
a     221     220        320
a     221     229        320
a     221     213        320
a     222     268          3
a     222     223        320
a     222     221        320
a     222     230        320
a     222     214        320
a     223     294          1
a     223     224        320
a     223     222        320
a     223     231        320
a     223     215        320
a     224     297          2
a     224     223        320
a     224     232        320
a     224     216        320
a     225     299          2
a     225     226        320
a     225     233        320
a     225     217        320
a     226     264          1
a     226     227        320
a     226     225        320
a     226     234        320
a     226     218        320
a     227     319          3
a     227     228        320
a     227     226        320
a     227     235        320
a     227     219        320
a     228     314          2
a     228     229        320
a     228     227        320
a     228     236        320
a     228     220        320
a     229     301          2
a     229     230        320
a     229     228        320
a     229     237        320
a     229     221        320
a     230     272          5
a     230     231        320
a     230     229        320
a     230     238        320
a     230     222        320
a     231     317          2
a     231     232        320
a     231     230        320
a     231     239        320
a     231     223        320
a     232     311          0
a     232     231        320
a     232     240        320
a     232     224        320
a     233     270          1
a     233     234        320
a     233     241        320
a     233     225        320
a     234     295          1
a     234     235        320
a     234     233        320
a     234     242        320
a     234     226        320
a     235     296          1
a     235     236        320
a     235     234        320
a     235     243        320
a     235     227        320
a     236     313          3
a     236     237        320
a     236     235        320
a     236     244        320
a     236     228        320
a     237     260          4
a     237     238        320
a     237     236        320
a     237     245        320
a     237     229        320
a     238     279          1
a     238     239        320
a     238     237        320
a     238     246        320
a     238     230        320
a     239     303          0
a     239     240        320
a     239     238        320
a     239     247        320
a     239     231        320
a     240     271          3
a     240     239        320
a     240     248        320
a     240     232        320
a     241     287          4
a     241     242        320
a     241     249        320
a     241     233        320
a     242     288          3
a     242     243        320
a     242     241        320
a     242     250        320
a     242     234        320
a     243     289          4
a     243     244        320
a     243     242        320
a     243     251        320
a     243     235        320
a     244     265          3
a     244     245        320
a     244     243        320
a     244     252        320
a     244     236        320
a     245     281          5
a     245     246        320
a     245     244        320
a     245     253        320
a     245     237        320
a     246     259          3
a     246     247        320
a     246     245        320
a     246     254        320
a     246     238        320
a     247     274          4
a     247     248        320
a     247     246        320
a     247     255        320
a     247     239        320
a     248     273          3
a     248     247        320
a     248     256        320
a     248     240        320
a     249     318          5
a     249     250        320
a     249     241        320
a     250     307          4
a     250     251        320
a     250     249        320
a     250     242        320
a     251     304          0
a     251     252        320
a     251     250        320
a     251     243        320
a     252     284          5
a     252     253        320
a     252     251        320
a     252     244        320
a     253     263          1
a     253     254        320
a     253     252        320
a     253     245        320
a     254     258          2
a     254     255        320
a     254     253        320
a     254     246        320
a     255     262          1
a     255     256        320
a     255     254        320
a     255     247        320
a     256     309          5
a     256     255        320
a     256     248        320
a     257     367          1
a     257     258        320
a     257     265        320
a     258     338          2
a     258     259        320
a     258     257        320
a     258     266        320
a     259     372          1
a     259     260        320
a     259     258        320
a     259     267        320
a     260     328          5
a     260     261        320
a     260     259        320
a     260     268        320
a     261     374          3
a     261     262        320
a     261     260        320
a     261     269        320
a     262     351          3
a     262     263        320
a     262     261        320
a     262     270        320
a     263     383          3
a     263     264        320
a     263     262        320
a     263     271        320
a     264     350          2
a     264     263        320
a     264     272        320
a     265     361          1
a     265     266        320
a     265     273        320
a     265     257        320
a     266     357          2
a     266     267        320
a     266     265        320
a     266     274        320
a     266     258        320
a     267     368          4
a     267     268        320
a     267     266        320
a     267     275        320
a     267     259        320
a     268     375          5
a     268     269        320
a     268     267        320
a     268     276        320
a     268     260        320
a     269     362          3
a     269     270        320
a     269     268        320
a     269     277        320
a     269     261        320
a     270     359          1
a     270     271        320
a     270     269        320
a     270     278        320
a     270     262        320
a     271     349          4
a     271     272        320
a     271     270        320
a     271     279        320
a     271     263        320
a     272     358          0
a     272     271        320
a     272     280        320
a     272     264        320
a     273     324          5
a     273     274        320
a     273     281        320
a     273     265        320
a     274     363          0
a     274     275        320
a     274     273        320
a     274     282        320
a     274     266        320
a     275     323          1
a     275     276        320
a     275     274        320
a     275     283        320
a     275     267        320
a     276     331          3
a     276     277        320
a     276     275        320
a     276     284        320
a     276     268        320
a     277     360          1
a     277     278        320
a     277     276        320
a     277     285        320
a     277     269        320
a     278     380          1
a     278     279        320
a     278     277        320
a     278     286        320
a     278     270        320
a     279     356          2
a     279     280        320
a     279     278        320
a     279     287        320
a     279     271        320
a     280     370          5
a     280     279        320
a     280     288        320
a     280     272        320
a     281     335          3
a     281     282        320
a     281     289        320
a     281     273        320
a     282     364          2
a     282     283        320
a     282     281        320
a     282     290        320
a     282     274        320
a     283     332          3
a     283     284        320
a     283     282        320
a     283     291        320
a     283     275        320
a     284     344          2
a     284     285        320
a     284     283        320
a     284     292        320
a     284     276        320
a     285     378          4
a     285     286        320
a     285     284        320
a     285     293        320
a     285     277        320
a     286     340          0
a     286     287        320
a     286     285        320
a     286     294        320
a     286     278        320
a     287     347          2
a     287     288        320
a     287     286        320
a     287     295        320
a     287     279        320
a     288     322          0
a     288     287        320
a     288     296        320
a     288     280        320
a     289     369          2
a     289     290        320
a     289     297        320
a     289     281        320
a     290     345          0
a     290     291        320
a     290     289        320
a     290     298        320
a     290     282        320
a     291     376          2
a     291     292        320
a     291     290        320
a     291     299        320
a     291     283        320
a     292     366          4
a     292     293        320
a     292     291        320
a     292     300        320
a     292     284        320
a     293     334          3
a     293     294        320
a     293     292        320
a     293     301        320
a     293     285        320
a     294     326          4
a     294     295        320
a     294     293        320
a     294     302        320
a     294     286        320
a     295     354          1
a     295     296        320
a     295     294        320
a     295     303        320
a     295     287        320
a     296     348          4
a     296     295        320
a     296     304        320
a     296     288        320
a     297     384          5
a     297     298        320
a     297     305        320
a     297     289        320
a     298     377          3
a     298     299        320
a     298     297        320
a     298     306        320
a     298     290        320
a     299     330          4
a     299     300        320
a     299     298        320
a     299     307        320
a     299     291        320
a     300     325          1
a     300     301        320
a     300     299        320
a     300     308        320
a     300     292        320
a     301     382          3
a     301     302        320
a     301     300        320
a     301     309        320
a     301     293        320
a     302     339          5
a     302     303        320
a     302     301        320
a     302     310        320
a     302     294        320
a     303     321          2
a     303     304        320
a     303     302        320
a     303     311        320
a     303     295        320
a     304     371          2
a     304     303        320
a     304     312        320
a     304     296        320
a     305     329          4
a     305     306        320
a     305     313        320
a     305     297        320
a     306     381          5
a     306     307        320
a     306     305        320
a     306     314        320
a     306     298        320
a     307     343          0
a     307     308        320
a     307     306        320
a     307     315        320
a     307     299        320
a     308     346          3
a     308     309        320
a     308     307        320
a     308     316        320
a     308     300        320
a     309     327          5
a     309     310        320
a     309     308        320
a     309     317        320
a     309     301        320
a     310     373          0
a     310     311        320
a     310     309        320
a     310     318        320
a     310     302        320
a     311     355          0
a     311     312        320
a     311     310        320
a     311     319        320
a     311     303        320
a     312     352          3
a     312     311        320
a     312     320        320
a     312     304        320
a     313     336          4
a     313     314        320
a     313     305        320
a     314     341          1
a     314     315        320
a     314     313        320
a     314     306        320
a     315     379          3
a     315     316        320
a     315     314        320
a     315     307        320
a     316     365          5
a     316     317        320
a     316     315        320
a     316     308        320
a     317     337          1
a     317     318        320
a     317     316        320
a     317     309        320
a     318     353          2
a     318     319        320
a     318     317        320
a     318     310        320
a     319     333          2
a     319     320        320
a     319     318        320
a     319     311        320
a     320     342          4
a     320     319        320
a     320     312        320
a     321     322        320
a     321     329        320
a     322     323        320
a     322     321        320
a     322     330        320
a     323     324        320
a     323     322        320
a     323     331        320
a     324     325        320
a     324     323        320
a     324     332        320
a     325     326        320
a     325     324        320
a     325     333        320
a     326     327        320
a     326     325        320
a     326     334        320
a     327     328        320
a     327     326        320
a     327     335        320
a     328     327        320
a     328     336        320
a     329     330        320
a     329     337        320
a     329     321        320
a     330     331        320
a     330     329        320
a     330     338        320
a     330     322        320
a     331     332        320
a     331     330        320
a     331     339        320
a     331     323        320
a     332     333        320
a     332     331        320
a     332     340        320
a     332     324        320
a     333     334        320
a     333     332        320
a     333     341        320
a     333     325        320
a     334     335        320
a     334     333        320
a     334     342        320
a     334     326        320
a     335     336        320
a     335     334        320
a     335     343        320
a     335     327        320
a     336     335        320
a     336     344        320
a     336     328        320
a     337     338        320
a     337     345        320
a     337     329        320
a     338     339        320
a     338     337        320
a     338     346        320
a     338     330        320
a     339     340        320
a     339     338        320
a     339     347        320
a     339     331        320
a     340     341        320
a     340     339        320
a     340     348        320
a     340     332        320
a     341     342        320
a     341     340        320
a     341     349        320
a     341     333        320
a     342     343        320
a     342     341        320
a     342     350        320
a     342     334        320
a     343     344        320
a     343     342        320
a     343     351        320
a     343     335        320
a     344     343        320
a     344     352        320
a     344     336        320
a     345     346        320
a     345     353        320
a     345     337        320
a     346     347        320
a     346     345        320
a     346     354        320
a     346     338        320
a     347     348        320
a     347     346        320
a     347     355        320
a     347     339        320
a     348     349        320
a     348     347        320
a     348     356        320
a     348     340        320
a     349     350        320
a     349     348        320
a     349     357        320
a     349     341        320
a     350     351        320
a     350     349        320
a     350     358        320
a     350     342        320
a     351     352        320
a     351     350        320
a     351     359        320
a     351     343        320
a     352     351        320
a     352     360        320
a     352     344        320
a     353     354        320
a     353     361        320
a     353     345        320
a     354     355        320
a     354     353        320
a     354     362        320
a     354     346        320
a     355     356        320
a     355     354        320
a     355     363        320
a     355     347        320
a     356     357        320
a     356     355        320
a     356     364        320
a     356     348        320
a     357     358        320
a     357     356        320
a     357     365        320
a     357     349        320
a     358     359        320
a     358     357        320
a     358     366        320
a     358     350        320
a     359     360        320
a     359     358        320
a     359     367        320
a     359     351        320
a     360     359        320
a     360     368        320
a     360     352        320
a     361     362        320
a     361     369        320
a     361     353        320
a     362     363        320
a     362     361        320
a     362     370        320
a     362     354        320
a     363     364        320
a     363     362        320
a     363     371        320
a     363     355        320
a     364     365        320
a     364     363        320
a     364     372        320
a     364     356        320
a     365     366        320
a     365     364        320
a     365     373        320
a     365     357        320
a     366     367        320
a     366     365        320
a     366     374        320
a     366     358        320
a     367     368        320
a     367     366        320
a     367     375        320
a     367     359        320
a     368     367        320
a     368     376        320
a     368     360        320
a     369     370        320
a     369     377        320
a     369     361        320
a     370     371        320
a     370     369        320
a     370     378        320
a     370     362        320
a     371     372        320
a     371     370        320
a     371     379        320
a     371     363        320
a     372     373        320
a     372     371        320
a     372     380        320
a     372     364        320
a     373     374        320
a     373     372        320
a     373     381        320
a     373     365        320
a     374     375        320
a     374     373        320
a     374     382        320
a     374     366        320
a     375     376        320
a     375     374        320
a     375     383        320
a     375     367        320
a     376     375        320
a     376     384        320
a     376     368        320
a     377     378        320
a     377     369        320
a     378     379        320
a     378     377        320
a     378     370        320
a     379     380        320
a     379     378        320
a     379     371        320
a     380     381        320
a     380     379        320
a     380     372        320
a     381     382        320
a     381     380        320
a     381     373        320
a     382     383        320
a     382     381        320
a     382     374        320
a     383     384        320
a     383     382        320
a     383     375        320
a     384     383        320
a     384     376        320
