c This file was generated by genrmf.
c The parameters are: a: 11 b: 5 c1: 76 c2: 461 seed: 1666103673
p max     605       2684
n       1 s
n     605 t
a       1     133        308
a       1       2      55781
a       1      12      55781
a       2     145        456
a       2       3      55781
a       2       1      55781
a       2      13      55781
a       3     143        227
a       3       4      55781
a       3       2      55781
a       3      14      55781
a       4     219        437
a       4       5      55781
a       4       3      55781
a       4      15      55781
a       5     218        237
a       5       6      55781
a       5       4      55781
a       5      16      55781
a       6     198        368
a       6       7      55781
a       6       5      55781
a       6      17      55781
a       7     182        327
a       7       8      55781
a       7       6      55781
a       7      18      55781
a       8     131        115
a       8       9      55781
a       8       7      55781
a       8      19      55781
a       9     222        139
a       9      10      55781
a       9       8      55781
a       9      20      55781
a      10     168        157
a      10      11      55781
a      10       9      55781
a      10      21      55781
a      11     220        345
a      11      10      55781
a      11      22      55781
a      12     173        273
a      12      13      55781
a      12      23      55781
a      12       1      55781
a      13     166        419
a      13      14      55781
a      13      12      55781
a      13      24      55781
a      13       2      55781
a      14     130        375
a      14      15      55781
a      14      13      55781
a      14      25      55781
a      14       3      55781
a      15     229         98
a      15      16      55781
a      15      14      55781
a      15      26      55781
a      15       4      55781
a      16     139        215
a      16      17      55781
a      16      15      55781
a      16      27      55781
a      16       5      55781
a      17     169        309
a      17      18      55781
a      17      16      55781
a      17      28      55781
a      17       6      55781
a      18     233        181
a      18      19      55781
a      18      17      55781
a      18      29      55781
a      18       7      55781
a      19     191        338
a      19      20      55781
a      19      18      55781
a      19      30      55781
a      19       8      55781
a      20     161        364
a      20      21      55781
a      20      19      55781
a      20      31      55781
a      20       9      55781
a      21     154        315
a      21      22      55781
a      21      20      55781
a      21      32      55781
a      21      10      55781
a      22     197        365
a      22      21      55781
a      22      33      55781
a      22      11      55781
a      23     192        182
a      23      24      55781
a      23      34      55781
a      23      12      55781
a      24     155        370
a      24      25      55781
a      24      23      55781
a      24      35      55781
a      24      13      55781
a      25     241        134
a      25      26      55781
a      25      24      55781
a      25      36      55781
a      25      14      55781
a      26     209        288
a      26      27      55781
a      26      25      55781
a      26      37      55781
a      26      15      55781
a      27     187        309
a      27      28      55781
a      27      26      55781
a      27      38      55781
a      27      16      55781
a      28     163        133
a      28      29      55781
a      28      27      55781
a      28      39      55781
a      28      17      55781
a      29     126        436
a      29      30      55781
a      29      28      55781
a      29      40      55781
a      29      18      55781
a      30     167        235
a      30      31      55781
a      30      29      55781
a      30      41      55781
a      30      19      55781
a      31     181        164
a      31      32      55781
a      31      30      55781
a      31      42      55781
a      31      20      55781
a      32     226        460
a      32      33      55781
a      32      31      55781
a      32      43      55781
a      32      21      55781
a      33     208        191
a      33      32      55781
a      33      44      55781
a      33      22      55781
a      34     171        186
a      34      35      55781
a      34      45      55781
a      34      23      55781
a      35     174        228
a      35      36      55781
a      35      34      55781
a      35      46      55781
a      35      24      55781
a      36     185        219
a      36      37      55781
a      36      35      55781
a      36      47      55781
a      36      25      55781
a      37     149        375
a      37      38      55781
a      37      36      55781
a      37      48      55781
a      37      26      55781
a      38     232        111
a      38      39      55781
a      38      37      55781
a      38      49      55781
a      38      27      55781
a      39     148        353
a      39      40      55781
a      39      38      55781
a      39      50      55781
a      39      28      55781
a      40     205        133
a      40      41      55781
a      40      39      55781
a      40      51      55781
a      40      29      55781
a      41     227        440
a      41      42      55781
a      41      40      55781
a      41      52      55781
a      41      30      55781
a      42     134        236
a      42      43      55781
a      42      41      55781
a      42      53      55781
a      42      31      55781
a      43     221        124
a      43      44      55781
a      43      42      55781
a      43      54      55781
a      43      32      55781
a      44     214        359
a      44      43      55781
a      44      55      55781
a      44      33      55781
a      45     122        194
a      45      46      55781
a      45      56      55781
a      45      34      55781
a      46     135        395
a      46      47      55781
a      46      45      55781
a      46      57      55781
a      46      35      55781
a      47     194        353
a      47      48      55781
a      47      46      55781
a      47      58      55781
a      47      36      55781
a      48     238        360
a      48      49      55781
a      48      47      55781
a      48      59      55781
a      48      37      55781
a      49     196        342
a      49      50      55781
a      49      48      55781
a      49      60      55781
a      49      38      55781
a      50     203        434
a      50      51      55781
a      50      49      55781
a      50      61      55781
a      50      39      55781
a      51     160        416
a      51      52      55781
a      51      50      55781
a      51      62      55781
a      51      40      55781
a      52     157        186
a      52      53      55781
a      52      51      55781
a      52      63      55781
a      52      41      55781
a      53     124        295
a      53      54      55781
a      53      52      55781
a      53      64      55781
a      53      42      55781
a      54     123        423
a      54      55      55781
a      54      53      55781
a      54      65      55781
a      54      43      55781
a      55     239        275
a      55      54      55781
a      55      66      55781
a      55      44      55781
a      56     153        317
a      56      57      55781
a      56      67      55781
a      56      45      55781
a      57     213        196
a      57      58      55781
a      57      56      55781
a      57      68      55781
a      57      46      55781
a      58     128        187
a      58      59      55781
a      58      57      55781
a      58      69      55781
a      58      47      55781
a      59     225        235
a      59      60      55781
a      59      58      55781
a      59      70      55781
a      59      48      55781
a      60     150        399
a      60      61      55781
a      60      59      55781
a      60      71      55781
a      60      49      55781
a      61     142        135
a      61      62      55781
a      61      60      55781
a      61      72      55781
a      61      50      55781
a      62     158        189
a      62      63      55781
a      62      61      55781
a      62      73      55781
a      62      51      55781
a      63     147        211
a      63      64      55781
a      63      62      55781
a      63      74      55781
a      63      52      55781
a      64     190        456
a      64      65      55781
a      64      63      55781
a      64      75      55781
a      64      53      55781
a      65     179        307
a      65      66      55781
a      65      64      55781
a      65      76      55781
a      65      54      55781
a      66     129        232
a      66      65      55781
a      66      77      55781
a      66      55      55781
a      67     170        319
a      67      68      55781
a      67      78      55781
a      67      56      55781
a      68     237         80
a      68      69      55781
a      68      67      55781
a      68      79      55781
a      68      57      55781
a      69     206        220
a      69      70      55781
a      69      68      55781
a      69      80      55781
a      69      58      55781
a      70     207        316
a      70      71      55781
a      70      69      55781
a      70      81      55781
a      70      59      55781
a      71     228        266
a      71      72      55781
a      71      70      55781
a      71      82      55781
a      71      60      55781
a      72     210        354
a      72      73      55781
a      72      71      55781
a      72      83      55781
a      72      61      55781
a      73     162        156
a      73      74      55781
a      73      72      55781
a      73      84      55781
a      73      62      55781
a      74     240        414
a      74      75      55781
a      74      73      55781
a      74      85      55781
a      74      63      55781
a      75     137         88
a      75      76      55781
a      75      74      55781
a      75      86      55781
a      75      64      55781
a      76     223        328
a      76      77      55781
a      76      75      55781
a      76      87      55781
a      76      65      55781
a      77     242        133
a      77      76      55781
a      77      88      55781
a      77      66      55781
a      78     200        356
a      78      79      55781
a      78      89      55781
a      78      67      55781
a      79     127         90
a      79      80      55781
a      79      78      55781
a      79      90      55781
a      79      68      55781
a      80     175        133
a      80      81      55781
a      80      79      55781
a      80      91      55781
a      80      69      55781
a      81     159        144
a      81      82      55781
a      81      80      55781
a      81      92      55781
a      81      70      55781
a      82     177        350
a      82      83      55781
a      82      81      55781
a      82      93      55781
a      82      71      55781
a      83     199         88
a      83      84      55781
a      83      82      55781
a      83      94      55781
a      83      72      55781
a      84     140        311
a      84      85      55781
a      84      83      55781
a      84      95      55781
a      84      73      55781
a      85     136        165
a      85      86      55781
a      85      84      55781
a      85      96      55781
a      85      74      55781
a      86     230        372
a      86      87      55781
a      86      85      55781
a      86      97      55781
a      86      75      55781
a      87     195        147
a      87      88      55781
a      87      86      55781
a      87      98      55781
a      87      76      55781
a      88     186        118
a      88      87      55781
a      88      99      55781
a      88      77      55781
a      89     236         86
a      89      90      55781
a      89     100      55781
a      89      78      55781
a      90     164        305
a      90      91      55781
a      90      89      55781
a      90     101      55781
a      90      79      55781
a      91     215        304
a      91      92      55781
a      91      90      55781
a      91     102      55781
a      91      80      55781
a      92     216        157
a      92      93      55781
a      92      91      55781
a      92     103      55781
a      92      81      55781
a      93     202        414
a      93      94      55781
a      93      92      55781
a      93     104      55781
a      93      82      55781
a      94     224        429
a      94      95      55781
a      94      93      55781
a      94     105      55781
a      94      83      55781
a      95     151        260
a      95      96      55781
a      95      94      55781
a      95     106      55781
a      95      84      55781
a      96     211        111
a      96      97      55781
a      96      95      55781
a      96     107      55781
a      96      85      55781
a      97     180        127
a      97      98      55781
a      97      96      55781
a      97     108      55781
a      97      86      55781
a      98     193        385
a      98      99      55781
a      98      97      55781
a      98     109      55781
a      98      87      55781
a      99     189        342
a      99      98      55781
a      99     110      55781
a      99      88      55781
a     100     204        289
a     100     101      55781
a     100     111      55781
a     100      89      55781
a     101     234        203
a     101     102      55781
a     101     100      55781
a     101     112      55781
a     101      90      55781
a     102     165        379
a     102     103      55781
a     102     101      55781
a     102     113      55781
a     102      91      55781
a     103     176        166
a     103     104      55781
a     103     102      55781
a     103     114      55781
a     103      92      55781
a     104     183        236
a     104     105      55781
a     104     103      55781
a     104     115      55781
a     104      93      55781
a     105     201        158
a     105     106      55781
a     105     104      55781
a     105     116      55781
a     105      94      55781
a     106     141        151
a     106     107      55781
a     106     105      55781
a     106     117      55781
a     106      95      55781
a     107     235        438
a     107     108      55781
a     107     106      55781
a     107     118      55781
a     107      96      55781
a     108     146         97
a     108     109      55781
a     108     107      55781
a     108     119      55781
a     108      97      55781
a     109     132        370
a     109     110      55781
a     109     108      55781
a     109     120      55781
a     109      98      55781
a     110     125        363
a     110     109      55781
a     110     121      55781
a     110      99      55781
a     111     178        266
a     111     112      55781
a     111     100      55781
a     112     144        453
a     112     113      55781
a     112     111      55781
a     112     101      55781
a     113     212        182
a     113     114      55781
a     113     112      55781
a     113     102      55781
a     114     217        265
a     114     115      55781
a     114     113      55781
a     114     103      55781
a     115     138        114
a     115     116      55781
a     115     114      55781
a     115     104      55781
a     116     156        316
a     116     117      55781
a     116     115      55781
a     116     105      55781
a     117     188        223
a     117     118      55781
a     117     116      55781
a     117     106      55781
a     118     184        368
a     118     119      55781
a     118     117      55781
a     118     107      55781
a     119     231        395
a     119     120      55781
a     119     118      55781
a     119     108      55781
a     120     172        302
a     120     121      55781
a     120     119      55781
a     120     109      55781
a     121     152        238
a     121     120      55781
a     121     110      55781
a     122     285        161
a     122     123      55781
a     122     133      55781
a     123     255        169
a     123     124      55781
a     123     122      55781
a     123     134      55781
a     124     260        362
a     124     125      55781
a     124     123      55781
a     124     135      55781
a     125     300        209
a     125     126      55781
a     125     124      55781
a     125     136      55781
a     126     303        415
a     126     127      55781
a     126     125      55781
a     126     137      55781
a     127     357        231
a     127     128      55781
a     127     126      55781
a     127     138      55781
a     128     274        387
a     128     129      55781
a     128     127      55781
a     128     139      55781
a     129     313        419
a     129     130      55781
a     129     128      55781
a     129     140      55781
a     130     317        338
a     130     131      55781
a     130     129      55781
a     130     141      55781
a     131     332        368
a     131     132      55781
a     131     130      55781
a     131     142      55781
a     132     310         77
a     132     131      55781
a     132     143      55781
a     133     263        269
a     133     134      55781
a     133     144      55781
a     133     122      55781
a     134     257        124
a     134     135      55781
a     134     133      55781
a     134     145      55781
a     134     123      55781
a     135     287        161
a     135     136      55781
a     135     134      55781
a     135     146      55781
a     135     124      55781
a     136     304        134
a     136     137      55781
a     136     135      55781
a     136     147      55781
a     136     125      55781
a     137     280        231
a     137     138      55781
a     137     136      55781
a     137     148      55781
a     137     126      55781
a     138     278        221
a     138     139      55781
a     138     137      55781
a     138     149      55781
a     138     127      55781
a     139     334        216
a     139     140      55781
a     139     138      55781
a     139     150      55781
a     139     128      55781
a     140     299        298
a     140     141      55781
a     140     139      55781
a     140     151      55781
a     140     129      55781
a     141     249        211
a     141     142      55781
a     141     140      55781
a     141     152      55781
a     141     130      55781
a     142     293        280
a     142     143      55781
a     142     141      55781
a     142     153      55781
a     142     131      55781
a     143     337        212
a     143     142      55781
a     143     154      55781
a     143     132      55781
a     144     308         84
a     144     145      55781
a     144     155      55781
a     144     133      55781
a     145     272        366
a     145     146      55781
a     145     144      55781
a     145     156      55781
a     145     134      55781
a     146     335        387
a     146     147      55781
a     146     145      55781
a     146     157      55781
a     146     135      55781
a     147     348        349
a     147     148      55781
a     147     146      55781
a     147     158      55781
a     147     136      55781
a     148     354        165
a     148     149      55781
a     148     147      55781
a     148     159      55781
a     148     137      55781
a     149     342        117
a     149     150      55781
a     149     148      55781
a     149     160      55781
a     149     138      55781
a     150     311        335
a     150     151      55781
a     150     149      55781
a     150     161      55781
a     150     139      55781
a     151     275        232
a     151     152      55781
a     151     150      55781
a     151     162      55781
a     151     140      55781
a     152     250        350
a     152     153      55781
a     152     151      55781
a     152     163      55781
a     152     141      55781
a     153     356        430
a     153     154      55781
a     153     152      55781
a     153     164      55781
a     153     142      55781
a     154     245        196
a     154     153      55781
a     154     165      55781
a     154     143      55781
a     155     298        335
a     155     156      55781
a     155     166      55781
a     155     144      55781
a     156     252        119
a     156     157      55781
a     156     155      55781
a     156     167      55781
a     156     145      55781
a     157     296        397
a     157     158      55781
a     157     156      55781
a     157     168      55781
a     157     146      55781
a     158     318        254
a     158     159      55781
a     158     157      55781
a     158     169      55781
a     158     147      55781
a     159     270        292
a     159     160      55781
a     159     158      55781
a     159     170      55781
a     159     148      55781
a     160     262         83
a     160     161      55781
a     160     159      55781
a     160     171      55781
a     160     149      55781
a     161     297        297
a     161     162      55781
a     161     160      55781
a     161     172      55781
a     161     150      55781
a     162     322         89
a     162     163      55781
a     162     161      55781
a     162     173      55781
a     162     151      55781
a     163     277         84
a     163     164      55781
a     163     162      55781
a     163     174      55781
a     163     152      55781
a     164     327        113
a     164     165      55781
a     164     163      55781
a     164     175      55781
a     164     153      55781
a     165     361        379
a     165     164      55781
a     165     176      55781
a     165     154      55781
a     166     350        232
a     166     167      55781
a     166     177      55781
a     166     155      55781
a     167     301        375
a     167     168      55781
a     167     166      55781
a     167     178      55781
a     167     156      55781
a     168     323        416
a     168     169      55781
a     168     167      55781
a     168     179      55781
a     168     157      55781
a     169     261        407
a     169     170      55781
a     169     168      55781
a     169     180      55781
a     169     158      55781
a     170     284        131
a     170     171      55781
a     170     169      55781
a     170     181      55781
a     170     159      55781
a     171     314        298
a     171     172      55781
a     171     170      55781
a     171     182      55781
a     171     160      55781
a     172     292        397
a     172     173      55781
a     172     171      55781
a     172     183      55781
a     172     161      55781
a     173     254        255
a     173     174      55781
a     173     172      55781
a     173     184      55781
a     173     162      55781
a     174     251        459
a     174     175      55781
a     174     173      55781
a     174     185      55781
a     174     163      55781
a     175     248        335
a     175     176      55781
a     175     174      55781
a     175     186      55781
a     175     164      55781
a     176     267         79
a     176     175      55781
a     176     187      55781
a     176     165      55781
a     177     259         94
a     177     178      55781
a     177     188      55781
a     177     166      55781
a     178     271        399
a     178     179      55781
a     178     177      55781
a     178     189      55781
a     178     167      55781
a     179     359        362
a     179     180      55781
a     179     178      55781
a     179     190      55781
a     179     168      55781
a     180     305        192
a     180     181      55781
a     180     179      55781
a     180     191      55781
a     180     169      55781
a     181     326        180
a     181     182      55781
a     181     180      55781
a     181     192      55781
a     181     170      55781
a     182     329        317
a     182     183      55781
a     182     181      55781
a     182     193      55781
a     182     171      55781
a     183     276        389
a     183     184      55781
a     183     182      55781
a     183     194      55781
a     183     172      55781
a     184     349        419
a     184     185      55781
a     184     183      55781
a     184     195      55781
a     184     173      55781
a     185     319        309
a     185     186      55781
a     185     184      55781
a     185     196      55781
a     185     174      55781
a     186     333         90
a     186     187      55781
a     186     185      55781
a     186     197      55781
a     186     175      55781
a     187     330        260
a     187     186      55781
a     187     198      55781
a     187     176      55781
a     188     288        278
a     188     189      55781
a     188     199      55781
a     188     177      55781
a     189     346        249
a     189     190      55781
a     189     188      55781
a     189     200      55781
a     189     178      55781
a     190     258        450
a     190     191      55781
a     190     189      55781
a     190     201      55781
a     190     179      55781
a     191     320        447
a     191     192      55781
a     191     190      55781
a     191     202      55781
a     191     180      55781
a     192     294        380
a     192     193      55781
a     192     191      55781
a     192     203      55781
a     192     181      55781
a     193     243        414
a     193     194      55781
a     193     192      55781
a     193     204      55781
a     193     182      55781
a     194     265        190
a     194     195      55781
a     194     193      55781
a     194     205      55781
a     194     183      55781
a     195     345        302
a     195     196      55781
a     195     194      55781
a     195     206      55781
a     195     184      55781
a     196     336         79
a     196     197      55781
a     196     195      55781
a     196     207      55781
a     196     185      55781
a     197     290        424
a     197     198      55781
a     197     196      55781
a     197     208      55781
a     197     186      55781
a     198     246        401
a     198     197      55781
a     198     209      55781
a     198     187      55781
a     199     328        435
a     199     200      55781
a     199     210      55781
a     199     188      55781
a     200     316        310
a     200     201      55781
a     200     199      55781
a     200     211      55781
a     200     189      55781
a     201     268        335
a     201     202      55781
a     201     200      55781
a     201     212      55781
a     201     190      55781
a     202     302        249
a     202     203      55781
a     202     201      55781
a     202     213      55781
a     202     191      55781
a     203     295        348
a     203     204      55781
a     203     202      55781
a     203     214      55781
a     203     192      55781
a     204     312        226
a     204     205      55781
a     204     203      55781
a     204     215      55781
a     204     193      55781
a     205     360         98
a     205     206      55781
a     205     204      55781
a     205     216      55781
a     205     194      55781
a     206     343        301
a     206     207      55781
a     206     205      55781
a     206     217      55781
a     206     195      55781
a     207     273        392
a     207     208      55781
a     207     206      55781
a     207     218      55781
a     207     196      55781
a     208     289        396
a     208     209      55781
a     208     207      55781
a     208     219      55781
a     208     197      55781
a     209     324        322
a     209     208      55781
a     209     220      55781
a     209     198      55781
a     210     340        368
a     210     211      55781
a     210     221      55781
a     210     199      55781
a     211     282        288
a     211     212      55781
a     211     210      55781
a     211     222      55781
a     211     200      55781
a     212     253        371
a     212     213      55781
a     212     211      55781
a     212     223      55781
a     212     201      55781
a     213     286        304
a     213     214      55781
a     213     212      55781
a     213     224      55781
a     213     202      55781
a     214     362        375
a     214     215      55781
a     214     213      55781
a     214     225      55781
a     214     203      55781
a     215     306        411
a     215     216      55781
a     215     214      55781
a     215     226      55781
a     215     204      55781
a     216     256        134
a     216     217      55781
a     216     215      55781
a     216     227      55781
a     216     205      55781
a     217     339        136
a     217     218      55781
a     217     216      55781
a     217     228      55781
a     217     206      55781
a     218     358        391
a     218     219      55781
a     218     217      55781
a     218     229      55781
a     218     207      55781
a     219     309        365
a     219     220      55781
a     219     218      55781
a     219     230      55781
a     219     208      55781
a     220     344        122
a     220     219      55781
a     220     231      55781
a     220     209      55781
a     221     321        224
a     221     222      55781
a     221     232      55781
a     221     210      55781
a     222     264        302
a     222     223      55781
a     222     221      55781
a     222     233      55781
a     222     211      55781
a     223     279        297
a     223     224      55781
a     223     222      55781
a     223     234      55781
a     223     212      55781
a     224     307        352
a     224     225      55781
a     224     223      55781
a     224     235      55781
a     224     213      55781
a     225     352        414
a     225     226      55781
a     225     224      55781
a     225     236      55781
a     225     214      55781
a     226     283        184
a     226     227      55781
a     226     225      55781
a     226     237      55781
a     226     215      55781
a     227     331        127
a     227     228      55781
a     227     226      55781
a     227     238      55781
a     227     216      55781
a     228     341        212
a     228     229      55781
a     228     227      55781
a     228     239      55781
a     228     217      55781
a     229     338        219
a     229     230      55781
a     229     228      55781
a     229     240      55781
a     229     218      55781
a     230     325        216
a     230     231      55781
a     230     229      55781
a     230     241      55781
a     230     219      55781
a     231     351        246
a     231     230      55781
a     231     242      55781
a     231     220      55781
a     232     269        202
a     232     233      55781
a     232     221      55781
a     233     355        358
a     233     234      55781
a     233     232      55781
a     233     222      55781
a     234     244        282
a     234     235      55781
a     234     233      55781
a     234     223      55781
a     235     363        201
a     235     236      55781
a     235     234      55781
a     235     224      55781
a     236     291        230
a     236     237      55781
a     236     235      55781
a     236     225      55781
a     237     266        232
a     237     238      55781
a     237     236      55781
a     237     226      55781
a     238     315        166
a     238     239      55781
a     238     237      55781
a     238     227      55781
a     239     281        300
a     239     240      55781
a     239     238      55781
a     239     228      55781
a     240     247        265
a     240     241      55781
a     240     239      55781
a     240     229      55781
a     241     347        227
a     241     242      55781
a     241     240      55781
a     241     230      55781
a     242     353        408
a     242     241      55781
a     242     231      55781
a     243     392         78
a     243     244      55781
a     243     254      55781
a     244     408        239
a     244     245      55781
a     244     243      55781
a     244     255      55781
a     245     398        135
a     245     246      55781
a     245     244      55781
a     245     256      55781
a     246     417        206
a     246     247      55781
a     246     245      55781
a     246     257      55781
a     247     419        379
a     247     248      55781
a     247     246      55781
a     247     258      55781
a     248     409        306
a     248     249      55781
a     248     247      55781
a     248     259      55781
a     249     483        380
a     249     250      55781
a     249     248      55781
a     249     260      55781
a     250     432        161
a     250     251      55781
a     250     249      55781
a     250     261      55781
a     251     458        379
a     251     252      55781
a     251     250      55781
a     251     262      55781
a     252     451        414
a     252     253      55781
a     252     251      55781
a     252     263      55781
a     253     395        275
a     253     252      55781
a     253     264      55781
a     254     386        366
a     254     255      55781
a     254     265      55781
a     254     243      55781
a     255     431        178
a     255     256      55781
a     255     254      55781
a     255     266      55781
a     255     244      55781
a     256     449        279
a     256     257      55781
a     256     255      55781
a     256     267      55781
a     256     245      55781
a     257     452        438
a     257     258      55781
a     257     256      55781
a     257     268      55781
a     257     246      55781
a     258     415        263
a     258     259      55781
a     258     257      55781
a     258     269      55781
a     258     247      55781
a     259     403        227
a     259     260      55781
a     259     258      55781
a     259     270      55781
a     259     248      55781
a     260     401        396
a     260     261      55781
a     260     259      55781
a     260     271      55781
a     260     249      55781
a     261     404        442
a     261     262      55781
a     261     260      55781
a     261     272      55781
a     261     250      55781
a     262     399        127
a     262     263      55781
a     262     261      55781
a     262     273      55781
a     262     251      55781
a     263     475        283
a     263     264      55781
a     263     262      55781
a     263     274      55781
a     263     252      55781
a     264     468        416
a     264     263      55781
a     264     275      55781
a     264     253      55781
a     265     444        102
a     265     266      55781
a     265     276      55781
a     265     254      55781
a     266     426        111
a     266     267      55781
a     266     265      55781
a     266     277      55781
a     266     255      55781
a     267     388        291
a     267     268      55781
a     267     266      55781
a     267     278      55781
a     267     256      55781
a     268     412        356
a     268     269      55781
a     268     267      55781
a     268     279      55781
a     268     257      55781
a     269     460        167
a     269     270      55781
a     269     268      55781
a     269     280      55781
a     269     258      55781
a     270     462        322
a     270     271      55781
a     270     269      55781
a     270     281      55781
a     270     259      55781
a     271     414        432
a     271     272      55781
a     271     270      55781
a     271     282      55781
a     271     260      55781
a     272     457        180
a     272     273      55781
a     272     271      55781
a     272     283      55781
a     272     261      55781
a     273     405        234
a     273     274      55781
a     273     272      55781
a     273     284      55781
a     273     262      55781
a     274     430        247
a     274     275      55781
a     274     273      55781
a     274     285      55781
a     274     263      55781
a     275     367        376
a     275     274      55781
a     275     286      55781
a     275     264      55781
a     276     375        395
a     276     277      55781
a     276     287      55781
a     276     265      55781
a     277     455        401
a     277     278      55781
a     277     276      55781
a     277     288      55781
a     277     266      55781
a     278     424        345
a     278     279      55781
a     278     277      55781
a     278     289      55781
a     278     267      55781
a     279     365        273
a     279     280      55781
a     279     278      55781
a     279     290      55781
a     279     268      55781
a     280     433        457
a     280     281      55781
a     280     279      55781
a     280     291      55781
a     280     269      55781
a     281     476        412
a     281     282      55781
a     281     280      55781
a     281     292      55781
a     281     270      55781
a     282     394        414
a     282     283      55781
a     282     281      55781
a     282     293      55781
a     282     271      55781
a     283     480         82
a     283     284      55781
a     283     282      55781
a     283     294      55781
a     283     272      55781
a     284     453        447
a     284     285      55781
a     284     283      55781
a     284     295      55781
a     284     273      55781
a     285     370        302
a     285     286      55781
a     285     284      55781
a     285     296      55781
a     285     274      55781
a     286     441        114
a     286     285      55781
a     286     297      55781
a     286     275      55781
a     287     428        187
a     287     288      55781
a     287     298      55781
a     287     276      55781
a     288     421        400
a     288     289      55781
a     288     287      55781
a     288     299      55781
a     288     277      55781
a     289     464        174
a     289     290      55781
a     289     288      55781
a     289     300      55781
a     289     278      55781
a     290     473        249
a     290     291      55781
a     290     289      55781
a     290     301      55781
a     290     279      55781
a     291     437        296
a     291     292      55781
a     291     290      55781
a     291     302      55781
a     291     280      55781
a     292     427        166
a     292     293      55781
a     292     291      55781
a     292     303      55781
a     292     281      55781
a     293     378        418
a     293     294      55781
a     293     292      55781
a     293     304      55781
a     293     282      55781
a     294     440        171
a     294     295      55781
a     294     293      55781
a     294     305      55781
a     294     283      55781
a     295     393        139
a     295     296      55781
a     295     294      55781
a     295     306      55781
a     295     284      55781
a     296     381        422
a     296     297      55781
a     296     295      55781
a     296     307      55781
a     296     285      55781
a     297     379        337
a     297     296      55781
a     297     308      55781
a     297     286      55781
a     298     443        341
a     298     299      55781
a     298     309      55781
a     298     287      55781
a     299     448        451
a     299     300      55781
a     299     298      55781
a     299     310      55781
a     299     288      55781
a     300     387        166
a     300     301      55781
a     300     299      55781
a     300     311      55781
a     300     289      55781
a     301     447        122
a     301     302      55781
a     301     300      55781
a     301     312      55781
a     301     290      55781
a     302     465        101
a     302     303      55781
a     302     301      55781
a     302     313      55781
a     302     291      55781
a     303     442        140
a     303     304      55781
a     303     302      55781
a     303     314      55781
a     303     292      55781
a     304     450        403
a     304     305      55781
a     304     303      55781
a     304     315      55781
a     304     293      55781
a     305     384        329
a     305     306      55781
a     305     304      55781
a     305     316      55781
a     305     294      55781
a     306     436        333
a     306     307      55781
a     306     305      55781
a     306     317      55781
a     306     295      55781
a     307     377        337
a     307     308      55781
a     307     306      55781
a     307     318      55781
a     307     296      55781
a     308     383        426
a     308     307      55781
a     308     319      55781
a     308     297      55781
a     309     372        300
a     309     310      55781
a     309     320      55781
a     309     298      55781
a     310     470        460
a     310     311      55781
a     310     309      55781
a     310     321      55781
a     310     299      55781
a     311     380        355
a     311     312      55781
a     311     310      55781
a     311     322      55781
a     311     300      55781
a     312     376        419
a     312     313      55781
a     312     311      55781
a     312     323      55781
a     312     301      55781
a     313     471        148
a     313     314      55781
a     313     312      55781
a     313     324      55781
a     313     302      55781
a     314     454         78
a     314     315      55781
a     314     313      55781
a     314     325      55781
a     314     303      55781
a     315     366        384
a     315     316      55781
a     315     314      55781
a     315     326      55781
a     315     304      55781
a     316     382        161
a     316     317      55781
a     316     315      55781
a     316     327      55781
a     316     305      55781
a     317     429        311
a     317     318      55781
a     317     316      55781
a     317     328      55781
a     317     306      55781
a     318     418        459
a     318     319      55781
a     318     317      55781
a     318     329      55781
a     318     307      55781
a     319     445        292
a     319     318      55781
a     319     330      55781
a     319     308      55781
a     320     369        175
a     320     321      55781
a     320     331      55781
a     320     309      55781
a     321     446        271
a     321     322      55781
a     321     320      55781
a     321     332      55781
a     321     310      55781
a     322     368        325
a     322     323      55781
a     322     321      55781
a     322     333      55781
a     322     311      55781
a     323     390        213
a     323     324      55781
a     323     322      55781
a     323     334      55781
a     323     312      55781
a     324     466        273
a     324     325      55781
a     324     323      55781
a     324     335      55781
a     324     313      55781
a     325     469        159
a     325     326      55781
a     325     324      55781
a     325     336      55781
a     325     314      55781
a     326     479         93
a     326     327      55781
a     326     325      55781
a     326     337      55781
a     326     315      55781
a     327     435        360
a     327     328      55781
a     327     326      55781
a     327     338      55781
a     327     316      55781
a     328     400        393
a     328     329      55781
a     328     327      55781
a     328     339      55781
a     328     317      55781
a     329     406        403
a     329     330      55781
a     329     328      55781
a     329     340      55781
a     329     318      55781
a     330     474         87
a     330     329      55781
a     330     341      55781
a     330     319      55781
a     331     416        201
a     331     332      55781
a     331     342      55781
a     331     320      55781
a     332     434        241
a     332     333      55781
a     332     331      55781
a     332     343      55781
a     332     321      55781
a     333     411        249
a     333     334      55781
a     333     332      55781
a     333     344      55781
a     333     322      55781
a     334     478        338
a     334     335      55781
a     334     333      55781
a     334     345      55781
a     334     323      55781
a     335     467        211
a     335     336      55781
a     335     334      55781
a     335     346      55781
a     335     324      55781
a     336     472        220
a     336     337      55781
a     336     335      55781
a     336     347      55781
a     336     325      55781
a     337     459        358
a     337     338      55781
a     337     336      55781
a     337     348      55781
a     337     326      55781
a     338     396        161
a     338     339      55781
a     338     337      55781
a     338     349      55781
a     338     327      55781
a     339     420        193
a     339     340      55781
a     339     338      55781
a     339     350      55781
a     339     328      55781
a     340     461        131
a     340     341      55781
a     340     339      55781
a     340     351      55781
a     340     329      55781
a     341     410        212
a     341     340      55781
a     341     352      55781
a     341     330      55781
a     342     391        128
a     342     343      55781
a     342     353      55781
a     342     331      55781
a     343     413        315
a     343     344      55781
a     343     342      55781
a     343     354      55781
a     343     332      55781
a     344     484        321
a     344     345      55781
a     344     343      55781
a     344     355      55781
a     344     333      55781
a     345     364        358
a     345     346      55781
a     345     344      55781
a     345     356      55781
a     345     334      55781
a     346     422        363
a     346     347      55781
a     346     345      55781
a     346     357      55781
a     346     335      55781
a     347     425        351
a     347     348      55781
a     347     346      55781
a     347     358      55781
a     347     336      55781
a     348     385        338
a     348     349      55781
a     348     347      55781
a     348     359      55781
a     348     337      55781
a     349     373        448
a     349     350      55781
a     349     348      55781
a     349     360      55781
a     349     338      55781
a     350     407        249
a     350     351      55781
a     350     349      55781
a     350     361      55781
a     350     339      55781
a     351     477        239
a     351     352      55781
a     351     350      55781
a     351     362      55781
a     351     340      55781
a     352     439        218
a     352     351      55781
a     352     363      55781
a     352     341      55781
a     353     463        336
a     353     354      55781
a     353     342      55781
a     354     456        244
a     354     355      55781
a     354     353      55781
a     354     343      55781
a     355     481        201
a     355     356      55781
a     355     354      55781
a     355     344      55781
a     356     402        453
a     356     357      55781
a     356     355      55781
a     356     345      55781
a     357     371        216
a     357     358      55781
a     357     356      55781
a     357     346      55781
a     358     389        202
a     358     359      55781
a     358     357      55781
a     358     347      55781
a     359     482        430
a     359     360      55781
a     359     358      55781
a     359     348      55781
a     360     438        172
a     360     361      55781
a     360     359      55781
a     360     349      55781
a     361     397        270
a     361     362      55781
a     361     360      55781
a     361     350      55781
a     362     374        234
a     362     363      55781
a     362     361      55781
a     362     351      55781
a     363     423        195
a     363     362      55781
a     363     352      55781
a     364     493        218
a     364     365      55781
a     364     375      55781
a     365     520        380
a     365     366      55781
a     365     364      55781
a     365     376      55781
a     366     510        141
a     366     367      55781
a     366     365      55781
a     366     377      55781
a     367     563        378
a     367     368      55781
a     367     366      55781
a     367     378      55781
a     368     555        332
a     368     369      55781
a     368     367      55781
a     368     379      55781
a     369     485        104
a     369     370      55781
a     369     368      55781
a     369     380      55781
a     370     601        144
a     370     371      55781
a     370     369      55781
a     370     381      55781
a     371     533        348
a     371     372      55781
a     371     370      55781
a     371     382      55781
a     372     502        402
a     372     373      55781
a     372     371      55781
a     372     383      55781
a     373     536         86
a     373     374      55781
a     373     372      55781
a     373     384      55781
a     374     507        266
a     374     373      55781
a     374     385      55781
a     375     565        155
a     375     376      55781
a     375     386      55781
a     375     364      55781
a     376     568        311
a     376     377      55781
a     376     375      55781
a     376     387      55781
a     376     365      55781
a     377     499        285
a     377     378      55781
a     377     376      55781
a     377     388      55781
a     377     366      55781
a     378     558        145
a     378     379      55781
a     378     377      55781
a     378     389      55781
a     378     367      55781
a     379     521        295
a     379     380      55781
a     379     378      55781
a     379     390      55781
a     379     368      55781
a     380     561        434
a     380     381      55781
a     380     379      55781
a     380     391      55781
a     380     369      55781
a     381     567         97
a     381     382      55781
a     381     380      55781
a     381     392      55781
a     381     370      55781
a     382     525        110
a     382     383      55781
a     382     381      55781
a     382     393      55781
a     382     371      55781
a     383     486        366
a     383     384      55781
a     383     382      55781
a     383     394      55781
a     383     372      55781
a     384     515        141
a     384     385      55781
a     384     383      55781
a     384     395      55781
a     384     373      55781
a     385     511        385
a     385     384      55781
a     385     396      55781
a     385     374      55781
a     386     564        200
a     386     387      55781
a     386     397      55781
a     386     375      55781
a     387     569        313
a     387     388      55781
a     387     386      55781
a     387     398      55781
a     387     376      55781
a     388     500        434
a     388     389      55781
a     388     387      55781
a     388     399      55781
a     388     377      55781
a     389     528        156
a     389     390      55781
a     389     388      55781
a     389     400      55781
a     389     378      55781
a     390     512        401
a     390     391      55781
a     390     389      55781
a     390     401      55781
a     390     379      55781
a     391     545        340
a     391     392      55781
a     391     390      55781
a     391     402      55781
a     391     380      55781
a     392     508         77
a     392     393      55781
a     392     391      55781
a     392     403      55781
a     392     381      55781
a     393     529        394
a     393     394      55781
a     393     392      55781
a     393     404      55781
a     393     382      55781
a     394     551        413
a     394     395      55781
a     394     393      55781
a     394     405      55781
a     394     383      55781
a     395     573         79
a     395     396      55781
a     395     394      55781
a     395     406      55781
a     395     384      55781
a     396     592        183
a     396     395      55781
a     396     407      55781
a     396     385      55781
a     397     490        185
a     397     398      55781
a     397     408      55781
a     397     386      55781
a     398     509        376
a     398     399      55781
a     398     397      55781
a     398     409      55781
a     398     387      55781
a     399     554        418
a     399     400      55781
a     399     398      55781
a     399     410      55781
a     399     388      55781
a     400     526        406
a     400     401      55781
a     400     399      55781
a     400     411      55781
a     400     389      55781
a     401     496        124
a     401     402      55781
a     401     400      55781
a     401     412      55781
a     401     390      55781
a     402     591        290
a     402     403      55781
a     402     401      55781
a     402     413      55781
a     402     391      55781
a     403     574        113
a     403     404      55781
a     403     402      55781
a     403     414      55781
a     403     392      55781
a     404     587        151
a     404     405      55781
a     404     403      55781
a     404     415      55781
a     404     393      55781
a     405     549         86
a     405     406      55781
a     405     404      55781
a     405     416      55781
a     405     394      55781
a     406     542        207
a     406     407      55781
a     406     405      55781
a     406     417      55781
a     406     395      55781
a     407     560        411
a     407     406      55781
a     407     418      55781
a     407     396      55781
a     408     582        124
a     408     409      55781
a     408     419      55781
a     408     397      55781
a     409     506        361
a     409     410      55781
a     409     408      55781
a     409     420      55781
a     409     398      55781
a     410     566        154
a     410     411      55781
a     410     409      55781
a     410     421      55781
a     410     399      55781
a     411     552        320
a     411     412      55781
a     411     410      55781
a     411     422      55781
a     411     400      55781
a     412     579        313
a     412     413      55781
a     412     411      55781
a     412     423      55781
a     412     401      55781
a     413     571        129
a     413     414      55781
a     413     412      55781
a     413     424      55781
a     413     402      55781
a     414     590         87
a     414     415      55781
a     414     413      55781
a     414     425      55781
a     414     403      55781
a     415     605        437
a     415     416      55781
a     415     414      55781
a     415     426      55781
a     415     404      55781
a     416     540        375
a     416     417      55781
a     416     415      55781
a     416     427      55781
a     416     405      55781
a     417     600        106
a     417     418      55781
a     417     416      55781
a     417     428      55781
a     417     406      55781
a     418     494        360
a     418     417      55781
a     418     429      55781
a     418     407      55781
a     419     604        296
a     419     420      55781
a     419     430      55781
a     419     408      55781
a     420     578        336
a     420     421      55781
a     420     419      55781
a     420     431      55781
a     420     409      55781
a     421     535        264
a     421     422      55781
a     421     420      55781
a     421     432      55781
a     421     410      55781
a     422     517        107
a     422     423      55781
a     422     421      55781
a     422     433      55781
a     422     411      55781
a     423     562         80
a     423     424      55781
a     423     422      55781
a     423     434      55781
a     423     412      55781
a     424     501        375
a     424     425      55781
a     424     423      55781
a     424     435      55781
a     424     413      55781
a     425     602        309
a     425     426      55781
a     425     424      55781
a     425     436      55781
a     425     414      55781
a     426     572        262
a     426     427      55781
a     426     425      55781
a     426     437      55781
a     426     415      55781
a     427     518        254
a     427     428      55781
a     427     426      55781
a     427     438      55781
a     427     416      55781
a     428     577        310
a     428     429      55781
a     428     427      55781
a     428     439      55781
a     428     417      55781
a     429     516        291
a     429     428      55781
a     429     440      55781
a     429     418      55781
a     430     488        155
a     430     431      55781
a     430     441      55781
a     430     419      55781
a     431     570        422
a     431     432      55781
a     431     430      55781
a     431     442      55781
a     431     420      55781
a     432     576        235
a     432     433      55781
a     432     431      55781
a     432     443      55781
a     432     421      55781
a     433     513        285
a     433     434      55781
a     433     432      55781
a     433     444      55781
a     433     422      55781
a     434     531        264
a     434     435      55781
a     434     433      55781
a     434     445      55781
a     434     423      55781
a     435     557        375
a     435     436      55781
a     435     434      55781
a     435     446      55781
a     435     424      55781
a     436     594        394
a     436     437      55781
a     436     435      55781
a     436     447      55781
a     436     425      55781
a     437     524        148
a     437     438      55781
a     437     436      55781
a     437     448      55781
a     437     426      55781
a     438     522        240
a     438     439      55781
a     438     437      55781
a     438     449      55781
a     438     427      55781
a     439     523        136
a     439     440      55781
a     439     438      55781
a     439     450      55781
a     439     428      55781
a     440     538        426
a     440     439      55781
a     440     451      55781
a     440     429      55781
a     441     550        139
a     441     442      55781
a     441     452      55781
a     441     430      55781
a     442     603        180
a     442     443      55781
a     442     441      55781
a     442     453      55781
a     442     431      55781
a     443     583        175
a     443     444      55781
a     443     442      55781
a     443     454      55781
a     443     432      55781
a     444     596        330
a     444     445      55781
a     444     443      55781
a     444     455      55781
a     444     433      55781
a     445     519        410
a     445     446      55781
a     445     444      55781
a     445     456      55781
a     445     434      55781
a     446     495        437
a     446     447      55781
a     446     445      55781
a     446     457      55781
a     446     435      55781
a     447     581        232
a     447     448      55781
a     447     446      55781
a     447     458      55781
a     447     436      55781
a     448     492        114
a     448     449      55781
a     448     447      55781
a     448     459      55781
a     448     437      55781
a     449     588        156
a     449     450      55781
a     449     448      55781
a     449     460      55781
a     449     438      55781
a     450     534        285
a     450     451      55781
a     450     449      55781
a     450     461      55781
a     450     439      55781
a     451     546         82
a     451     450      55781
a     451     462      55781
a     451     440      55781
a     452     599        139
a     452     453      55781
a     452     463      55781
a     452     441      55781
a     453     489        353
a     453     454      55781
a     453     452      55781
a     453     464      55781
a     453     442      55781
a     454     548        272
a     454     455      55781
a     454     453      55781
a     454     465      55781
a     454     443      55781
a     455     593        269
a     455     456      55781
a     455     454      55781
a     455     466      55781
a     455     444      55781
a     456     498         87
a     456     457      55781
a     456     455      55781
a     456     467      55781
a     456     445      55781
a     457     597        159
a     457     458      55781
a     457     456      55781
a     457     468      55781
a     457     446      55781
a     458     598        414
a     458     459      55781
a     458     457      55781
a     458     469      55781
a     458     447      55781
a     459     537        156
a     459     460      55781
a     459     458      55781
a     459     470      55781
a     459     448      55781
a     460     532        129
a     460     461      55781
a     460     459      55781
a     460     471      55781
a     460     449      55781
a     461     504        170
a     461     462      55781
a     461     460      55781
a     461     472      55781
a     461     450      55781
a     462     585        219
a     462     461      55781
a     462     473      55781
a     462     451      55781
a     463     595         88
a     463     464      55781
a     463     474      55781
a     463     452      55781
a     464     584        326
a     464     465      55781
a     464     463      55781
a     464     475      55781
a     464     453      55781
a     465     539        197
a     465     466      55781
a     465     464      55781
a     465     476      55781
a     465     454      55781
a     466     530        444
a     466     467      55781
a     466     465      55781
a     466     477      55781
a     466     455      55781
a     467     505         82
a     467     468      55781
a     467     466      55781
a     467     478      55781
a     467     456      55781
a     468     487        297
a     468     469      55781
a     468     467      55781
a     468     479      55781
a     468     457      55781
a     469     544        319
a     469     470      55781
a     469     468      55781
a     469     480      55781
a     469     458      55781
a     470     553        348
a     470     471      55781
a     470     469      55781
a     470     481      55781
a     470     459      55781
a     471     547        274
a     471     472      55781
a     471     470      55781
a     471     482      55781
a     471     460      55781
a     472     575        109
a     472     473      55781
a     472     471      55781
a     472     483      55781
a     472     461      55781
a     473     503        101
a     473     472      55781
a     473     484      55781
a     473     462      55781
a     474     556        427
a     474     475      55781
a     474     463      55781
a     475     541        128
a     475     476      55781
a     475     474      55781
a     475     464      55781
a     476     514        266
a     476     477      55781
a     476     475      55781
a     476     465      55781
a     477     527        153
a     477     478      55781
a     477     476      55781
a     477     466      55781
a     478     589        399
a     478     479      55781
a     478     477      55781
a     478     467      55781
a     479     580        447
a     479     480      55781
a     479     478      55781
a     479     468      55781
a     480     586        170
a     480     481      55781
a     480     479      55781
a     480     469      55781
a     481     543        296
a     481     482      55781
a     481     480      55781
a     481     470      55781
a     482     559        325
a     482     483      55781
a     482     481      55781
a     482     471      55781
a     483     491        113
a     483     484      55781
a     483     482      55781
a     483     472      55781
a     484     497        189
a     484     483      55781
a     484     473      55781
a     485     486      55781
a     485     496      55781
a     486     487      55781
a     486     485      55781
a     486     497      55781
a     487     488      55781
a     487     486      55781
a     487     498      55781
a     488     489      55781
a     488     487      55781
a     488     499      55781
a     489     490      55781
a     489     488      55781
a     489     500      55781
a     490     491      55781
a     490     489      55781
a     490     501      55781
a     491     492      55781
a     491     490      55781
a     491     502      55781
a     492     493      55781
a     492     491      55781
a     492     503      55781
a     493     494      55781
a     493     492      55781
a     493     504      55781
a     494     495      55781
a     494     493      55781
a     494     505      55781
a     495     494      55781
a     495     506      55781
a     496     497      55781
a     496     507      55781
a     496     485      55781
a     497     498      55781
a     497     496      55781
a     497     508      55781
a     497     486      55781
a     498     499      55781
a     498     497      55781
a     498     509      55781
a     498     487      55781
a     499     500      55781
a     499     498      55781
a     499     510      55781
a     499     488      55781
a     500     501      55781
a     500     499      55781
a     500     511      55781
a     500     489      55781
a     501     502      55781
a     501     500      55781
a     501     512      55781
a     501     490      55781
a     502     503      55781
a     502     501      55781
a     502     513      55781
a     502     491      55781
a     503     504      55781
a     503     502      55781
a     503     514      55781
a     503     492      55781
a     504     505      55781
a     504     503      55781
a     504     515      55781
a     504     493      55781
a     505     506      55781
a     505     504      55781
a     505     516      55781
a     505     494      55781
a     506     505      55781
a     506     517      55781
a     506     495      55781
a     507     508      55781
a     507     518      55781
a     507     496      55781
a     508     509      55781
a     508     507      55781
a     508     519      55781
a     508     497      55781
a     509     510      55781
a     509     508      55781
a     509     520      55781
a     509     498      55781
a     510     511      55781
a     510     509      55781
a     510     521      55781
a     510     499      55781
a     511     512      55781
a     511     510      55781
a     511     522      55781
a     511     500      55781
a     512     513      55781
a     512     511      55781
a     512     523      55781
a     512     501      55781
a     513     514      55781
a     513     512      55781
a     513     524      55781
a     513     502      55781
a     514     515      55781
a     514     513      55781
a     514     525      55781
a     514     503      55781
a     515     516      55781
a     515     514      55781
a     515     526      55781
a     515     504      55781
a     516     517      55781
a     516     515      55781
a     516     527      55781
a     516     505      55781
a     517     516      55781
a     517     528      55781
a     517     506      55781
a     518     519      55781
a     518     529      55781
a     518     507      55781
a     519     520      55781
a     519     518      55781
a     519     530      55781
a     519     508      55781
a     520     521      55781
a     520     519      55781
a     520     531      55781
a     520     509      55781
a     521     522      55781
a     521     520      55781
a     521     532      55781
a     521     510      55781
a     522     523      55781
a     522     521      55781
a     522     533      55781
a     522     511      55781
a     523     524      55781
a     523     522      55781
a     523     534      55781
a     523     512      55781
a     524     525      55781
a     524     523      55781
a     524     535      55781
a     524     513      55781
a     525     526      55781
a     525     524      55781
a     525     536      55781
a     525     514      55781
a     526     527      55781
a     526     525      55781
a     526     537      55781
a     526     515      55781
a     527     528      55781
a     527     526      55781
a     527     538      55781
a     527     516      55781
a     528     527      55781
a     528     539      55781
a     528     517      55781
a     529     530      55781
a     529     540      55781
a     529     518      55781
a     530     531      55781
a     530     529      55781
a     530     541      55781
a     530     519      55781
a     531     532      55781
a     531     530      55781
a     531     542      55781
a     531     520      55781
a     532     533      55781
a     532     531      55781
a     532     543      55781
a     532     521      55781
a     533     534      55781
a     533     532      55781
a     533     544      55781
a     533     522      55781
a     534     535      55781
a     534     533      55781
a     534     545      55781
a     534     523      55781
a     535     536      55781
a     535     534      55781
a     535     546      55781
a     535     524      55781
a     536     537      55781
a     536     535      55781
a     536     547      55781
a     536     525      55781
a     537     538      55781
a     537     536      55781
a     537     548      55781
a     537     526      55781
a     538     539      55781
a     538     537      55781
a     538     549      55781
a     538     527      55781
a     539     538      55781
a     539     550      55781
a     539     528      55781
a     540     541      55781
a     540     551      55781
a     540     529      55781
a     541     542      55781
a     541     540      55781
a     541     552      55781
a     541     530      55781
a     542     543      55781
a     542     541      55781
a     542     553      55781
a     542     531      55781
a     543     544      55781
a     543     542      55781
a     543     554      55781
a     543     532      55781
a     544     545      55781
a     544     543      55781
a     544     555      55781
a     544     533      55781
a     545     546      55781
a     545     544      55781
a     545     556      55781
a     545     534      55781
a     546     547      55781
a     546     545      55781
a     546     557      55781
a     546     535      55781
a     547     548      55781
a     547     546      55781
a     547     558      55781
a     547     536      55781
a     548     549      55781
a     548     547      55781
a     548     559      55781
a     548     537      55781
a     549     550      55781
a     549     548      55781
a     549     560      55781
a     549     538      55781
a     550     549      55781
a     550     561      55781
a     550     539      55781
a     551     552      55781
a     551     562      55781
a     551     540      55781
a     552     553      55781
a     552     551      55781
a     552     563      55781
a     552     541      55781
a     553     554      55781
a     553     552      55781
a     553     564      55781
a     553     542      55781
a     554     555      55781
a     554     553      55781
a     554     565      55781
a     554     543      55781
a     555     556      55781
a     555     554      55781
a     555     566      55781
a     555     544      55781
a     556     557      55781
a     556     555      55781
a     556     567      55781
a     556     545      55781
a     557     558      55781
a     557     556      55781
a     557     568      55781
a     557     546      55781
a     558     559      55781
a     558     557      55781
a     558     569      55781
a     558     547      55781
a     559     560      55781
a     559     558      55781
a     559     570      55781
a     559     548      55781
a     560     561      55781
a     560     559      55781
a     560     571      55781
a     560     549      55781
a     561     560      55781
a     561     572      55781
a     561     550      55781
a     562     563      55781
a     562     573      55781
a     562     551      55781
a     563     564      55781
a     563     562      55781
a     563     574      55781
a     563     552      55781
a     564     565      55781
a     564     563      55781
a     564     575      55781
a     564     553      55781
a     565     566      55781
a     565     564      55781
a     565     576      55781
a     565     554      55781
a     566     567      55781
a     566     565      55781
a     566     577      55781
a     566     555      55781
a     567     568      55781
a     567     566      55781
a     567     578      55781
a     567     556      55781
a     568     569      55781
a     568     567      55781
a     568     579      55781
a     568     557      55781
a     569     570      55781
a     569     568      55781
a     569     580      55781
a     569     558      55781
a     570     571      55781
a     570     569      55781
a     570     581      55781
a     570     559      55781
a     571     572      55781
a     571     570      55781
a     571     582      55781
a     571     560      55781
a     572     571      55781
a     572     583      55781
a     572     561      55781
a     573     574      55781
a     573     584      55781
a     573     562      55781
a     574     575      55781
a     574     573      55781
a     574     585      55781
a     574     563      55781
a     575     576      55781
a     575     574      55781
a     575     586      55781
a     575     564      55781
a     576     577      55781
a     576     575      55781
a     576     587      55781
a     576     565      55781
a     577     578      55781
a     577     576      55781
a     577     588      55781
a     577     566      55781
a     578     579      55781
a     578     577      55781
a     578     589      55781
a     578     567      55781
a     579     580      55781
a     579     578      55781
a     579     590      55781
a     579     568      55781
a     580     581      55781
a     580     579      55781
a     580     591      55781
a     580     569      55781
a     581     582      55781
a     581     580      55781
a     581     592      55781
a     581     570      55781
a     582     583      55781
a     582     581      55781
a     582     593      55781
a     582     571      55781
a     583     582      55781
a     583     594      55781
a     583     572      55781
a     584     585      55781
a     584     595      55781
a     584     573      55781
a     585     586      55781
a     585     584      55781
a     585     596      55781
a     585     574      55781
a     586     587      55781
a     586     585      55781
a     586     597      55781
a     586     575      55781
a     587     588      55781
a     587     586      55781
a     587     598      55781
a     587     576      55781
a     588     589      55781
a     588     587      55781
a     588     599      55781
a     588     577      55781
a     589     590      55781
a     589     588      55781
a     589     600      55781
a     589     578      55781
a     590     591      55781
a     590     589      55781
a     590     601      55781
a     590     579      55781
a     591     592      55781
a     591     590      55781
a     591     602      55781
a     591     580      55781
a     592     593      55781
a     592     591      55781
a     592     603      55781
a     592     581      55781
a     593     594      55781
a     593     592      55781
a     593     604      55781
a     593     582      55781
a     594     593      55781
a     594     605      55781
a     594     583      55781
a     595     596      55781
a     595     584      55781
a     596     597      55781
a     596     595      55781
a     596     585      55781
a     597     598      55781
a     597     596      55781
a     597     586      55781
a     598     599      55781
a     598     597      55781
a     598     587      55781
a     599     600      55781
a     599     598      55781
a     599     588      55781
a     600     601      55781
a     600     599      55781
a     600     589      55781
a     601     602      55781
a     601     600      55781
a     601     590      55781
a     602     603      55781
a     602     601      55781
a     602     591      55781
a     603     604      55781
a     603     602      55781
a     603     592      55781
a     604     605      55781
a     604     603      55781
a     604     593      55781
a     605     604      55781
a     605     594      55781
