c This file was generated by genrmf.
c The parameters are: a: 9 b: 3 c1: 199 c2: 1997 seed: 1666103673
p max     243       1026
n       1 s
n     243 t
a       1      89       1522
a       1       2     161757
a       1      10     161757
a       2      97       1239
a       2       3     161757
a       2       1     161757
a       2      11     161757
a       3      96       1982
a       3       4     161757
a       3       2     161757
a       3      12     161757
a       4     147        335
a       4       5     161757
a       4       3     161757
a       4      13     161757
a       5      85       1331
a       5       6     161757
a       5       4     161757
a       5      14     161757
a       6     133       1379
a       6       7     161757
a       6       5     161757
a       6      15     161757
a       7     123       1855
a       7       8     161757
a       7       6     161757
a       7      16     161757
a       8      90       1868
a       8       9     161757
a       8       7     161757
a       8      17     161757
a       9     149       1630
a       9       8     161757
a       9      18     161757
a      10     114        799
a      10      11     161757
a      10      19     161757
a      10       1     161757
a      11     148        389
a      11      12     161757
a      11      10     161757
a      11      20     161757
a      11       2     161757
a      12     118        417
a      12      13     161757
a      12      11     161757
a      12      21     161757
a      12       3     161757
a      13      91       1339
a      13      14     161757
a      13      12     161757
a      13      22     161757
a      13       4     161757
a      14     150        811
a      14      15     161757
a      14      13     161757
a      14      23     161757
a      14       5     161757
a      15     154        655
a      15      16     161757
a      15      14     161757
a      15      24     161757
a      15       6     161757
a      16      98        522
a      16      17     161757
a      16      15     161757
a      16      25     161757
a      16       7     161757
a      17     117        703
a      17      18     161757
a      17      16     161757
a      17      26     161757
a      17       8     161757
a      18     157       1519
a      18      17     161757
a      18      27     161757
a      18       9     161757
a      19     131       1550
a      19      20     161757
a      19      28     161757
a      19      10     161757
a      20     113       1983
a      20      21     161757
a      20      19     161757
a      20      29     161757
a      20      11     161757
a      21     109       1240
a      21      22     161757
a      21      20     161757
a      21      30     161757
a      21      12     161757
a      22     135       1058
a      22      23     161757
a      22      21     161757
a      22      31     161757
a      22      13     161757
a      23      87       1660
a      23      24     161757
a      23      22     161757
a      23      32     161757
a      23      14     161757
a      24     111        676
a      24      25     161757
a      24      23     161757
a      24      33     161757
a      24      15     161757
a      25     161        288
a      25      26     161757
a      25      24     161757
a      25      34     161757
a      25      16     161757
a      26     143        622
a      26      27     161757
a      26      25     161757
a      26      35     161757
a      26      17     161757
a      27     100       1095
a      27      26     161757
a      27      36     161757
a      27      18     161757
a      28      83       1804
a      28      29     161757
a      28      37     161757
a      28      19     161757
a      29      92       1264
a      29      30     161757
a      29      28     161757
a      29      38     161757
a      29      20     161757
a      30     120        969
a      30      31     161757
a      30      29     161757
a      30      39     161757
a      30      21     161757
a      31     128        591
a      31      32     161757
a      31      30     161757
a      31      40     161757
a      31      22     161757
a      32     153        665
a      32      33     161757
a      32      31     161757
a      32      41     161757
a      32      23     161757
a      33     144       1236
a      33      34     161757
a      33      32     161757
a      33      42     161757
a      33      24     161757
a      34     124       1899
a      34      35     161757
a      34      33     161757
a      34      43     161757
a      34      25     161757
a      35     125        846
a      35      36     161757
a      35      34     161757
a      35      44     161757
a      35      26     161757
a      36     108       1023
a      36      35     161757
a      36      45     161757
a      36      27     161757
a      37     105       1923
a      37      38     161757
a      37      46     161757
a      37      28     161757
a      38      99       1097
a      38      39     161757
a      38      37     161757
a      38      47     161757
a      38      29     161757
a      39     134       1687
a      39      40     161757
a      39      38     161757
a      39      48     161757
a      39      30     161757
a      40     107       1598
a      40      41     161757
a      40      39     161757
a      40      49     161757
a      40      31     161757
a      41     155       1280
a      41      42     161757
a      41      40     161757
a      41      50     161757
a      41      32     161757
a      42     115       1972
a      42      43     161757
a      42      41     161757
a      42      51     161757
a      42      33     161757
a      43     152        903
a      43      44     161757
a      43      42     161757
a      43      52     161757
a      43      34     161757
a      44     110       1883
a      44      45     161757
a      44      43     161757
a      44      53     161757
a      44      35     161757
a      45     129        951
a      45      44     161757
a      45      54     161757
a      45      36     161757
a      46     101       1560
a      46      47     161757
a      46      55     161757
a      46      37     161757
a      47     140       1373
a      47      48     161757
a      47      46     161757
a      47      56     161757
a      47      38     161757
a      48     106        380
a      48      49     161757
a      48      47     161757
a      48      57     161757
a      48      39     161757
a      49     142        495
a      49      50     161757
a      49      48     161757
a      49      58     161757
a      49      40     161757
a      50     145        577
a      50      51     161757
a      50      49     161757
a      50      59     161757
a      50      41     161757
a      51     138       1453
a      51      52     161757
a      51      50     161757
a      51      60     161757
a      51      42     161757
a      52     132       1117
a      52      53     161757
a      52      51     161757
a      52      61     161757
a      52      43     161757
a      53     121       1799
a      53      54     161757
a      53      52     161757
a      53      62     161757
a      53      44     161757
a      54     146       1594
a      54      53     161757
a      54      63     161757
a      54      45     161757
a      55     126        302
a      55      56     161757
a      55      64     161757
a      55      46     161757
a      56     156        849
a      56      57     161757
a      56      55     161757
a      56      65     161757
a      56      47     161757
a      57     151       1285
a      57      58     161757
a      57      56     161757
a      57      66     161757
a      57      48     161757
a      58     112        690
a      58      59     161757
a      58      57     161757
a      58      67     161757
a      58      49     161757
a      59     137       1423
a      59      60     161757
a      59      58     161757
a      59      68     161757
a      59      50     161757
a      60      84       1543
a      60      61     161757
a      60      59     161757
a      60      69     161757
a      60      51     161757
a      61     104       1317
a      61      62     161757
a      61      60     161757
a      61      70     161757
a      61      52     161757
a      62      93       1547
a      62      63     161757
a      62      61     161757
a      62      71     161757
a      62      53     161757
a      63      88        693
a      63      62     161757
a      63      72     161757
a      63      54     161757
a      64     103       1573
a      64      65     161757
a      64      73     161757
a      64      55     161757
a      65      94        472
a      65      66     161757
a      65      64     161757
a      65      74     161757
a      65      56     161757
a      66      82       1189
a      66      67     161757
a      66      65     161757
a      66      75     161757
a      66      57     161757
a      67      95       1288
a      67      68     161757
a      67      66     161757
a      67      76     161757
a      67      58     161757
a      68     136        468
a      68      69     161757
a      68      67     161757
a      68      77     161757
a      68      59     161757
a      69     127       1879
a      69      70     161757
a      69      68     161757
a      69      78     161757
a      69      60     161757
a      70     141        940
a      70      71     161757
a      70      69     161757
a      70      79     161757
a      70      61     161757
a      71     159        613
a      71      72     161757
a      71      70     161757
a      71      80     161757
a      71      62     161757
a      72     139       1990
a      72      71     161757
a      72      81     161757
a      72      63     161757
a      73     160        736
a      73      74     161757
a      73      64     161757
a      74     162        713
a      74      75     161757
a      74      73     161757
a      74      65     161757
a      75      86        908
a      75      76     161757
a      75      74     161757
a      75      66     161757
a      76     130        867
a      76      77     161757
a      76      75     161757
a      76      67     161757
a      77     122       1596
a      77      78     161757
a      77      76     161757
a      77      68     161757
a      78     102        363
a      78      79     161757
a      78      77     161757
a      78      69     161757
a      79     158       1491
a      79      80     161757
a      79      78     161757
a      79      70     161757
a      80     116        466
a      80      81     161757
a      80      79     161757
a      80      71     161757
a      81     119       1898
a      81      80     161757
a      81      72     161757
a      82     205       1533
a      82      83     161757
a      82      91     161757
a      83     199        804
a      83      84     161757
a      83      82     161757
a      83      92     161757
a      84     165        407
a      84      85     161757
a      84      83     161757
a      84      93     161757
a      85     181       1142
a      85      86     161757
a      85      84     161757
a      85      94     161757
a      86     217        237
a      86      87     161757
a      86      85     161757
a      86      95     161757
a      87     177       1495
a      87      88     161757
a      87      86     161757
a      87      96     161757
a      88     174        967
a      88      89     161757
a      88      87     161757
a      88      97     161757
a      89     218        442
a      89      90     161757
a      89      88     161757
a      89      98     161757
a      90     211        844
a      90      89     161757
a      90      99     161757
a      91     241       1593
a      91      92     161757
a      91     100     161757
a      91      82     161757
a      92     209       1638
a      92      93     161757
a      92      91     161757
a      92     101     161757
a      92      83     161757
a      93     219       1005
a      93      94     161757
a      93      92     161757
a      93     102     161757
a      93      84     161757
a      94     167       1389
a      94      95     161757
a      94      93     161757
a      94     103     161757
a      94      85     161757
a      95     223       1386
a      95      96     161757
a      95      94     161757
a      95     104     161757
a      95      86     161757
a      96     237       1697
a      96      97     161757
a      96      95     161757
a      96     105     161757
a      96      87     161757
a      97     189       1310
a      97      98     161757
a      97      96     161757
a      97     106     161757
a      97      88     161757
a      98     206        801
a      98      99     161757
a      98      97     161757
a      98     107     161757
a      98      89     161757
a      99     191        879
a      99      98     161757
a      99     108     161757
a      99      90     161757
a     100     240       1808
a     100     101     161757
a     100     109     161757
a     100      91     161757
a     101     173        880
a     101     102     161757
a     101     100     161757
a     101     110     161757
a     101      92     161757
a     102     215       1971
a     102     103     161757
a     102     101     161757
a     102     111     161757
a     102      93     161757
a     103     233       1458
a     103     104     161757
a     103     102     161757
a     103     112     161757
a     103      94     161757
a     104     200        288
a     104     105     161757
a     104     103     161757
a     104     113     161757
a     104      95     161757
a     105     193       1511
a     105     106     161757
a     105     104     161757
a     105     114     161757
a     105      96     161757
a     106     187        558
a     106     107     161757
a     106     105     161757
a     106     115     161757
a     106      97     161757
a     107     185        495
a     107     108     161757
a     107     106     161757
a     107     116     161757
a     107      98     161757
a     108     228        767
a     108     107     161757
a     108     117     161757
a     108      99     161757
a     109     242        494
a     109     110     161757
a     109     118     161757
a     109     100     161757
a     110     204        887
a     110     111     161757
a     110     109     161757
a     110     119     161757
a     110     101     161757
a     111     207       1959
a     111     112     161757
a     111     110     161757
a     111     120     161757
a     111     102     161757
a     112     176        902
a     112     113     161757
a     112     111     161757
a     112     121     161757
a     112     103     161757
a     113     196       1710
a     113     114     161757
a     113     112     161757
a     113     122     161757
a     113     104     161757
a     114     172        616
a     114     115     161757
a     114     113     161757
a     114     123     161757
a     114     105     161757
a     115     198       1187
a     115     116     161757
a     115     114     161757
a     115     124     161757
a     115     106     161757
a     116     175        674
a     116     117     161757
a     116     115     161757
a     116     125     161757
a     116     107     161757
a     117     234       1125
a     117     116     161757
a     117     126     161757
a     117     108     161757
a     118     208       1363
a     118     119     161757
a     118     127     161757
a     118     109     161757
a     119     190       1358
a     119     120     161757
a     119     118     161757
a     119     128     161757
a     119     110     161757
a     120     210       1655
a     120     121     161757
a     120     119     161757
a     120     129     161757
a     120     111     161757
a     121     221       1598
a     121     122     161757
a     121     120     161757
a     121     130     161757
a     121     112     161757
a     122     222       1628
a     122     123     161757
a     122     121     161757
a     122     131     161757
a     122     113     161757
a     123     216       1868
a     123     124     161757
a     123     122     161757
a     123     132     161757
a     123     114     161757
a     124     163        803
a     124     125     161757
a     124     123     161757
a     124     133     161757
a     124     115     161757
a     125     213        895
a     125     126     161757
a     125     124     161757
a     125     134     161757
a     125     116     161757
a     126     195       1600
a     126     125     161757
a     126     135     161757
a     126     117     161757
a     127     238       1426
a     127     128     161757
a     127     136     161757
a     127     118     161757
a     128     226       1305
a     128     129     161757
a     128     127     161757
a     128     137     161757
a     128     119     161757
a     129     164       1098
a     129     130     161757
a     129     128     161757
a     129     138     161757
a     129     120     161757
a     130     166        710
a     130     131     161757
a     130     129     161757
a     130     139     161757
a     130     121     161757
a     131     231       1418
a     131     132     161757
a     131     130     161757
a     131     140     161757
a     131     122     161757
a     132     232        997
a     132     133     161757
a     132     131     161757
a     132     141     161757
a     132     123     161757
a     133     183       1176
a     133     134     161757
a     133     132     161757
a     133     142     161757
a     133     124     161757
a     134     239       1049
a     134     135     161757
a     134     133     161757
a     134     143     161757
a     134     125     161757
a     135     229        884
a     135     134     161757
a     135     144     161757
a     135     126     161757
a     136     178       1625
a     136     137     161757
a     136     145     161757
a     136     127     161757
a     137     171       1831
a     137     138     161757
a     137     136     161757
a     137     146     161757
a     137     128     161757
a     138     203        294
a     138     139     161757
a     138     137     161757
a     138     147     161757
a     138     129     161757
a     139     243        947
a     139     140     161757
a     139     138     161757
a     139     148     161757
a     139     130     161757
a     140     212       1885
a     140     141     161757
a     140     139     161757
a     140     149     161757
a     140     131     161757
a     141     227       1448
a     141     142     161757
a     141     140     161757
a     141     150     161757
a     141     132     161757
a     142     201        927
a     142     143     161757
a     142     141     161757
a     142     151     161757
a     142     133     161757
a     143     179       1215
a     143     144     161757
a     143     142     161757
a     143     152     161757
a     143     134     161757
a     144     236        469
a     144     143     161757
a     144     153     161757
a     144     135     161757
a     145     214        982
a     145     146     161757
a     145     154     161757
a     145     136     161757
a     146     188       1732
a     146     147     161757
a     146     145     161757
a     146     155     161757
a     146     137     161757
a     147     168       1478
a     147     148     161757
a     147     146     161757
a     147     156     161757
a     147     138     161757
a     148     184       1946
a     148     149     161757
a     148     147     161757
a     148     157     161757
a     148     139     161757
a     149     182       1872
a     149     150     161757
a     149     148     161757
a     149     158     161757
a     149     140     161757
a     150     170        406
a     150     151     161757
a     150     149     161757
a     150     159     161757
a     150     141     161757
a     151     225        654
a     151     152     161757
a     151     150     161757
a     151     160     161757
a     151     142     161757
a     152     194        706
a     152     153     161757
a     152     151     161757
a     152     161     161757
a     152     143     161757
a     153     192       1370
a     153     152     161757
a     153     162     161757
a     153     144     161757
a     154     224       1640
a     154     155     161757
a     154     145     161757
a     155     220        966
a     155     156     161757
a     155     154     161757
a     155     146     161757
a     156     202        817
a     156     157     161757
a     156     155     161757
a     156     147     161757
a     157     186        764
a     157     158     161757
a     157     156     161757
a     157     148     161757
a     158     197       1544
a     158     159     161757
a     158     157     161757
a     158     149     161757
a     159     235        420
a     159     160     161757
a     159     158     161757
a     159     150     161757
a     160     180        547
a     160     161     161757
a     160     159     161757
a     160     151     161757
a     161     169        431
a     161     162     161757
a     161     160     161757
a     161     152     161757
a     162     230       1279
a     162     161     161757
a     162     153     161757
a     163     164     161757
a     163     172     161757
a     164     165     161757
a     164     163     161757
a     164     173     161757
a     165     166     161757
a     165     164     161757
a     165     174     161757
a     166     167     161757
a     166     165     161757
a     166     175     161757
a     167     168     161757
a     167     166     161757
a     167     176     161757
a     168     169     161757
a     168     167     161757
a     168     177     161757
a     169     170     161757
a     169     168     161757
a     169     178     161757
a     170     171     161757
a     170     169     161757
a     170     179     161757
a     171     170     161757
a     171     180     161757
a     172     173     161757
a     172     181     161757
a     172     163     161757
a     173     174     161757
a     173     172     161757
a     173     182     161757
a     173     164     161757
a     174     175     161757
a     174     173     161757
a     174     183     161757
a     174     165     161757
a     175     176     161757
a     175     174     161757
a     175     184     161757
a     175     166     161757
a     176     177     161757
a     176     175     161757
a     176     185     161757
a     176     167     161757
a     177     178     161757
a     177     176     161757
a     177     186     161757
a     177     168     161757
a     178     179     161757
a     178     177     161757
a     178     187     161757
a     178     169     161757
a     179     180     161757
a     179     178     161757
a     179     188     161757
a     179     170     161757
a     180     179     161757
a     180     189     161757
a     180     171     161757
a     181     182     161757
a     181     190     161757
a     181     172     161757
a     182     183     161757
a     182     181     161757
a     182     191     161757
a     182     173     161757
a     183     184     161757
a     183     182     161757
a     183     192     161757
a     183     174     161757
a     184     185     161757
a     184     183     161757
a     184     193     161757
a     184     175     161757
a     185     186     161757
a     185     184     161757
a     185     194     161757
a     185     176     161757
a     186     187     161757
a     186     185     161757
a     186     195     161757
a     186     177     161757
a     187     188     161757
a     187     186     161757
a     187     196     161757
a     187     178     161757
a     188     189     161757
a     188     187     161757
a     188     197     161757
a     188     179     161757
a     189     188     161757
a     189     198     161757
a     189     180     161757
a     190     191     161757
a     190     199     161757
a     190     181     161757
a     191     192     161757
a     191     190     161757
a     191     200     161757
a     191     182     161757
a     192     193     161757
a     192     191     161757
a     192     201     161757
a     192     183     161757
a     193     194     161757
a     193     192     161757
a     193     202     161757
a     193     184     161757
a     194     195     161757
a     194     193     161757
a     194     203     161757
a     194     185     161757
a     195     196     161757
a     195     194     161757
a     195     204     161757
a     195     186     161757
a     196     197     161757
a     196     195     161757
a     196     205     161757
a     196     187     161757
a     197     198     161757
a     197     196     161757
a     197     206     161757
a     197     188     161757
a     198     197     161757
a     198     207     161757
a     198     189     161757
a     199     200     161757
a     199     208     161757
a     199     190     161757
a     200     201     161757
a     200     199     161757
a     200     209     161757
a     200     191     161757
a     201     202     161757
a     201     200     161757
a     201     210     161757
a     201     192     161757
a     202     203     161757
a     202     201     161757
a     202     211     161757
a     202     193     161757
a     203     204     161757
a     203     202     161757
a     203     212     161757
a     203     194     161757
a     204     205     161757
a     204     203     161757
a     204     213     161757
a     204     195     161757
a     205     206     161757
a     205     204     161757
a     205     214     161757
a     205     196     161757
a     206     207     161757
a     206     205     161757
a     206     215     161757
a     206     197     161757
a     207     206     161757
a     207     216     161757
a     207     198     161757
a     208     209     161757
a     208     217     161757
a     208     199     161757
a     209     210     161757
a     209     208     161757
a     209     218     161757
a     209     200     161757
a     210     211     161757
a     210     209     161757
a     210     219     161757
a     210     201     161757
a     211     212     161757
a     211     210     161757
a     211     220     161757
a     211     202     161757
a     212     213     161757
a     212     211     161757
a     212     221     161757
a     212     203     161757
a     213     214     161757
a     213     212     161757
a     213     222     161757
a     213     204     161757
a     214     215     161757
a     214     213     161757
a     214     223     161757
a     214     205     161757
a     215     216     161757
a     215     214     161757
a     215     224     161757
a     215     206     161757
a     216     215     161757
a     216     225     161757
a     216     207     161757
a     217     218     161757
a     217     226     161757
a     217     208     161757
a     218     219     161757
a     218     217     161757
a     218     227     161757
a     218     209     161757
a     219     220     161757
a     219     218     161757
a     219     228     161757
a     219     210     161757
a     220     221     161757
a     220     219     161757
a     220     229     161757
a     220     211     161757
a     221     222     161757
a     221     220     161757
a     221     230     161757
a     221     212     161757
a     222     223     161757
a     222     221     161757
a     222     231     161757
a     222     213     161757
a     223     224     161757
a     223     222     161757
a     223     232     161757
a     223     214     161757
a     224     225     161757
a     224     223     161757
a     224     233     161757
a     224     215     161757
a     225     224     161757
a     225     234     161757
a     225     216     161757
a     226     227     161757
a     226     235     161757
a     226     217     161757
a     227     228     161757
a     227     226     161757
a     227     236     161757
a     227     218     161757
a     228     229     161757
a     228     227     161757
a     228     237     161757
a     228     219     161757
a     229     230     161757
a     229     228     161757
a     229     238     161757
a     229     220     161757
a     230     231     161757
a     230     229     161757
a     230     239     161757
a     230     221     161757
a     231     232     161757
a     231     230     161757
a     231     240     161757
a     231     222     161757
a     232     233     161757
a     232     231     161757
a     232     241     161757
a     232     223     161757
a     233     234     161757
a     233     232     161757
a     233     242     161757
a     233     224     161757
a     234     233     161757
a     234     243     161757
a     234     225     161757
a     235     236     161757
a     235     226     161757
a     236     237     161757
a     236     235     161757
a     236     227     161757
a     237     238     161757
a     237     236     161757
a     237     228     161757
a     238     239     161757
a     238     237     161757
a     238     229     161757
a     239     240     161757
a     239     238     161757
a     239     230     161757
a     240     241     161757
a     240     239     161757
a     240     231     161757
a     241     242     161757
a     241     240     161757
a     241     232     161757
a     242     243     161757
a     242     241     161757
a     242     233     161757
a     243     242     161757
a     243     234     161757
