c This file was generated by genrmf.
c The parameters are: a: 6 b: 13 c1: 52 c2: 418 seed: 1666103673
p max     468       1992
n       1 s
n     468 t
a       1      40        171
a       1       2      15048
a       1       7      15048
a       2      44         75
a       2       3      15048
a       2       1      15048
a       2       8      15048
a       3      38        371
a       3       4      15048
a       3       2      15048
a       3       9      15048
a       4      66        172
a       4       5      15048
a       4       3      15048
a       4      10      15048
a       5      37        249
a       5       6      15048
a       5       4      15048
a       5      11      15048
a       6      61        350
a       6       5      15048
a       6      12      15048
a       7      57         65
a       7       8      15048
a       7      13      15048
a       7       1      15048
a       8      39        319
a       8       9      15048
a       8       7      15048
a       8      14      15048
a       8       2      15048
a       9      67        282
a       9      10      15048
a       9       8      15048
a       9      15      15048
a       9       3      15048
a      10      54         87
a      10      11      15048
a      10       9      15048
a      10      16      15048
a      10       4      15048
a      11      45        321
a      11      12      15048
a      11      10      15048
a      11      17      15048
a      11       5      15048
a      12      43        184
a      12      11      15048
a      12      18      15048
a      12       6      15048
a      13      56        398
a      13      14      15048
a      13      19      15048
a      13       7      15048
a      14      68        187
a      14      15      15048
a      14      13      15048
a      14      20      15048
a      14       8      15048
a      15      70        215
a      15      16      15048
a      15      14      15048
a      15      21      15048
a      15       9      15048
a      16      52        132
a      16      17      15048
a      16      15      15048
a      16      22      15048
a      16      10      15048
a      17      59        116
a      17      18      15048
a      17      16      15048
a      17      23      15048
a      17      11      15048
a      18      71        175
a      18      17      15048
a      18      24      15048
a      18      12      15048
a      19      63        207
a      19      20      15048
a      19      25      15048
a      19      13      15048
a      20      53        401
a      20      21      15048
a      20      19      15048
a      20      26      15048
a      20      14      15048
a      21      49        326
a      21      22      15048
a      21      20      15048
a      21      27      15048
a      21      15      15048
a      22      41        251
a      22      23      15048
a      22      21      15048
a      22      28      15048
a      22      16      15048
a      23      65         73
a      23      24      15048
a      23      22      15048
a      23      29      15048
a      23      17      15048
a      24      42        315
a      24      23      15048
a      24      30      15048
a      24      18      15048
a      25      72        274
a      25      26      15048
a      25      31      15048
a      25      19      15048
a      26      69        214
a      26      27      15048
a      26      25      15048
a      26      32      15048
a      26      20      15048
a      27      47         66
a      27      28      15048
a      27      26      15048
a      27      33      15048
a      27      21      15048
a      28      48        213
a      28      29      15048
a      28      27      15048
a      28      34      15048
a      28      22      15048
a      29      51         87
a      29      30      15048
a      29      28      15048
a      29      35      15048
a      29      23      15048
a      30      55        197
a      30      29      15048
a      30      36      15048
a      30      24      15048
a      31      50         99
a      31      32      15048
a      31      25      15048
a      32      60        105
a      32      33      15048
a      32      31      15048
a      32      26      15048
a      33      46        379
a      33      34      15048
a      33      32      15048
a      33      27      15048
a      34      64        164
a      34      35      15048
a      34      33      15048
a      34      28      15048
a      35      62        167
a      35      36      15048
a      35      34      15048
a      35      29      15048
a      36      58        315
a      36      35      15048
a      36      30      15048
a      37      92        234
a      37      38      15048
a      37      43      15048
a      38     105        379
a      38      39      15048
a      38      37      15048
a      38      44      15048
a      39      98        269
a      39      40      15048
a      39      38      15048
a      39      45      15048
a      40      91        209
a      40      41      15048
a      40      39      15048
a      40      46      15048
a      41     101        132
a      41      42      15048
a      41      40      15048
a      41      47      15048
a      42      94        147
a      42      41      15048
a      42      48      15048
a      43      75        263
a      43      44      15048
a      43      49      15048
a      43      37      15048
a      44      97        399
a      44      45      15048
a      44      43      15048
a      44      50      15048
a      44      38      15048
a      45      90        184
a      45      46      15048
a      45      44      15048
a      45      51      15048
a      45      39      15048
a      46      87        220
a      46      47      15048
a      46      45      15048
a      46      52      15048
a      46      40      15048
a      47      80        403
a      47      48      15048
a      47      46      15048
a      47      53      15048
a      47      41      15048
a      48      93        235
a      48      47      15048
a      48      54      15048
a      48      42      15048
a      49     104        355
a      49      50      15048
a      49      55      15048
a      49      43      15048
a      50      84        337
a      50      51      15048
a      50      49      15048
a      50      56      15048
a      50      44      15048
a      51     103        272
a      51      52      15048
a      51      50      15048
a      51      57      15048
a      51      45      15048
a      52      74        413
a      52      53      15048
a      52      51      15048
a      52      58      15048
a      52      46      15048
a      53      88        195
a      53      54      15048
a      53      52      15048
a      53      59      15048
a      53      47      15048
a      54      82        395
a      54      53      15048
a      54      60      15048
a      54      48      15048
a      55     108        205
a      55      56      15048
a      55      61      15048
a      55      49      15048
a      56      85        329
a      56      57      15048
a      56      55      15048
a      56      62      15048
a      56      50      15048
a      57      77        291
a      57      58      15048
a      57      56      15048
a      57      63      15048
a      57      51      15048
a      58      86         89
a      58      59      15048
a      58      57      15048
a      58      64      15048
a      58      52      15048
a      59      83        112
a      59      60      15048
a      59      58      15048
a      59      65      15048
a      59      53      15048
a      60      73        129
a      60      59      15048
a      60      66      15048
a      60      54      15048
a      61      78        307
a      61      62      15048
a      61      67      15048
a      61      55      15048
a      62     106        239
a      62      63      15048
a      62      61      15048
a      62      68      15048
a      62      56      15048
a      63     100        378
a      63      64      15048
a      63      62      15048
a      63      69      15048
a      63      57      15048
a      64      99        336
a      64      65      15048
a      64      63      15048
a      64      70      15048
a      64      58      15048
a      65      79         73
a      65      66      15048
a      65      64      15048
a      65      71      15048
a      65      59      15048
a      66      76        184
a      66      65      15048
a      66      72      15048
a      66      60      15048
a      67     107        273
a      67      68      15048
a      67      61      15048
a      68      81        152
a      68      69      15048
a      68      67      15048
a      68      62      15048
a      69     102        301
a      69      70      15048
a      69      68      15048
a      69      63      15048
a      70      89        326
a      70      71      15048
a      70      69      15048
a      70      64      15048
a      71      95        280
a      71      72      15048
a      71      70      15048
a      71      65      15048
a      72      96        327
a      72      71      15048
a      72      66      15048
a      73     123        157
a      73      74      15048
a      73      79      15048
a      74     135        204
a      74      75      15048
a      74      73      15048
a      74      80      15048
a      75     133        359
a      75      76      15048
a      75      74      15048
a      75      81      15048
a      76     122        108
a      76      77      15048
a      76      75      15048
a      76      82      15048
a      77     109        160
a      77      78      15048
a      77      76      15048
a      77      83      15048
a      78     128        181
a      78      77      15048
a      78      84      15048
a      79     131        413
a      79      80      15048
a      79      85      15048
a      79      73      15048
a      80     144        272
a      80      81      15048
a      80      79      15048
a      80      86      15048
a      80      74      15048
a      81     139        200
a      81      82      15048
a      81      80      15048
a      81      87      15048
a      81      75      15048
a      82     132        283
a      82      83      15048
a      82      81      15048
a      82      88      15048
a      82      76      15048
a      83     118         56
a      83      84      15048
a      83      82      15048
a      83      89      15048
a      83      77      15048
a      84     134        189
a      84      83      15048
a      84      90      15048
a      84      78      15048
a      85     127        280
a      85      86      15048
a      85      91      15048
a      85      79      15048
a      86     140        232
a      86      87      15048
a      86      85      15048
a      86      92      15048
a      86      80      15048
a      87     117        316
a      87      88      15048
a      87      86      15048
a      87      93      15048
a      87      81      15048
a      88     124        128
a      88      89      15048
a      88      87      15048
a      88      94      15048
a      88      82      15048
a      89     143        373
a      89      90      15048
a      89      88      15048
a      89      95      15048
a      89      83      15048
a      90     121         63
a      90      89      15048
a      90      96      15048
a      90      84      15048
a      91     130        291
a      91      92      15048
a      91      97      15048
a      91      85      15048
a      92     136        106
a      92      93      15048
a      92      91      15048
a      92      98      15048
a      92      86      15048
a      93     119        318
a      93      94      15048
a      93      92      15048
a      93      99      15048
a      93      87      15048
a      94     138         65
a      94      95      15048
a      94      93      15048
a      94     100      15048
a      94      88      15048
a      95     116        106
a      95      96      15048
a      95      94      15048
a      95     101      15048
a      95      89      15048
a      96     125        117
a      96      95      15048
a      96     102      15048
a      96      90      15048
a      97     120        312
a      97      98      15048
a      97     103      15048
a      97      91      15048
a      98     137         63
a      98      99      15048
a      98      97      15048
a      98     104      15048
a      98      92      15048
a      99     114        275
a      99     100      15048
a      99      98      15048
a      99     105      15048
a      99      93      15048
a     100     129        136
a     100     101      15048
a     100      99      15048
a     100     106      15048
a     100      94      15048
a     101     141        333
a     101     102      15048
a     101     100      15048
a     101     107      15048
a     101      95      15048
a     102     126        120
a     102     101      15048
a     102     108      15048
a     102      96      15048
a     103     142         92
a     103     104      15048
a     103      97      15048
a     104     115         61
a     104     105      15048
a     104     103      15048
a     104      98      15048
a     105     111        270
a     105     106      15048
a     105     104      15048
a     105      99      15048
a     106     113        269
a     106     107      15048
a     106     105      15048
a     106     100      15048
a     107     110        129
a     107     108      15048
a     107     106      15048
a     107     101      15048
a     108     112        373
a     108     107      15048
a     108     102      15048
a     109     147        101
a     109     110      15048
a     109     115      15048
a     110     157        183
a     110     111      15048
a     110     109      15048
a     110     116      15048
a     111     164        336
a     111     112      15048
a     111     110      15048
a     111     117      15048
a     112     180        345
a     112     113      15048
a     112     111      15048
a     112     118      15048
a     113     162        216
a     113     114      15048
a     113     112      15048
a     113     119      15048
a     114     150        294
a     114     113      15048
a     114     120      15048
a     115     152        294
a     115     116      15048
a     115     121      15048
a     115     109      15048
a     116     179        357
a     116     117      15048
a     116     115      15048
a     116     122      15048
a     116     110      15048
a     117     178        278
a     117     118      15048
a     117     116      15048
a     117     123      15048
a     117     111      15048
a     118     160        174
a     118     119      15048
a     118     117      15048
a     118     124      15048
a     118     112      15048
a     119     155        190
a     119     120      15048
a     119     118      15048
a     119     125      15048
a     119     113      15048
a     120     158        380
a     120     119      15048
a     120     126      15048
a     120     114      15048
a     121     170        191
a     121     122      15048
a     121     127      15048
a     121     115      15048
a     122     146        413
a     122     123      15048
a     122     121      15048
a     122     128      15048
a     122     116      15048
a     123     168        308
a     123     124      15048
a     123     122      15048
a     123     129      15048
a     123     117      15048
a     124     151         70
a     124     125      15048
a     124     123      15048
a     124     130      15048
a     124     118      15048
a     125     175        319
a     125     126      15048
a     125     124      15048
a     125     131      15048
a     125     119      15048
a     126     169        125
a     126     125      15048
a     126     132      15048
a     126     120      15048
a     127     148        112
a     127     128      15048
a     127     133      15048
a     127     121      15048
a     128     161        168
a     128     129      15048
a     128     127      15048
a     128     134      15048
a     128     122      15048
a     129     165        112
a     129     130      15048
a     129     128      15048
a     129     135      15048
a     129     123      15048
a     130     167        192
a     130     131      15048
a     130     129      15048
a     130     136      15048
a     130     124      15048
a     131     163        411
a     131     132      15048
a     131     130      15048
a     131     137      15048
a     131     125      15048
a     132     154        195
a     132     131      15048
a     132     138      15048
a     132     126      15048
a     133     149        360
a     133     134      15048
a     133     139      15048
a     133     127      15048
a     134     176        137
a     134     135      15048
a     134     133      15048
a     134     140      15048
a     134     128      15048
a     135     153        253
a     135     136      15048
a     135     134      15048
a     135     141      15048
a     135     129      15048
a     136     174        149
a     136     137      15048
a     136     135      15048
a     136     142      15048
a     136     130      15048
a     137     156        240
a     137     138      15048
a     137     136      15048
a     137     143      15048
a     137     131      15048
a     138     171        289
a     138     137      15048
a     138     144      15048
a     138     132      15048
a     139     172        288
a     139     140      15048
a     139     133      15048
a     140     177        349
a     140     141      15048
a     140     139      15048
a     140     134      15048
a     141     159        337
a     141     142      15048
a     141     140      15048
a     141     135      15048
a     142     166        343
a     142     143      15048
a     142     141      15048
a     142     136      15048
a     143     173        392
a     143     144      15048
a     143     142      15048
a     143     137      15048
a     144     145        175
a     144     143      15048
a     144     138      15048
a     145     182        123
a     145     146      15048
a     145     151      15048
a     146     192         99
a     146     147      15048
a     146     145      15048
a     146     152      15048
a     147     212        272
a     147     148      15048
a     147     146      15048
a     147     153      15048
a     148     190        249
a     148     149      15048
a     148     147      15048
a     148     154      15048
a     149     197        324
a     149     150      15048
a     149     148      15048
a     149     155      15048
a     150     183        288
a     150     149      15048
a     150     156      15048
a     151     189        117
a     151     152      15048
a     151     157      15048
a     151     145      15048
a     152     198        416
a     152     153      15048
a     152     151      15048
a     152     158      15048
a     152     146      15048
a     153     216        148
a     153     154      15048
a     153     152      15048
a     153     159      15048
a     153     147      15048
a     154     203        160
a     154     155      15048
a     154     153      15048
a     154     160      15048
a     154     148      15048
a     155     215        328
a     155     156      15048
a     155     154      15048
a     155     161      15048
a     155     149      15048
a     156     208        262
a     156     155      15048
a     156     162      15048
a     156     150      15048
a     157     202        269
a     157     158      15048
a     157     163      15048
a     157     151      15048
a     158     204        185
a     158     159      15048
a     158     157      15048
a     158     164      15048
a     158     152      15048
a     159     214         77
a     159     160      15048
a     159     158      15048
a     159     165      15048
a     159     153      15048
a     160     209        259
a     160     161      15048
a     160     159      15048
a     160     166      15048
a     160     154      15048
a     161     207         84
a     161     162      15048
a     161     160      15048
a     161     167      15048
a     161     155      15048
a     162     185        330
a     162     161      15048
a     162     168      15048
a     162     156      15048
a     163     193        360
a     163     164      15048
a     163     169      15048
a     163     157      15048
a     164     196        345
a     164     165      15048
a     164     163      15048
a     164     170      15048
a     164     158      15048
a     165     188        208
a     165     166      15048
a     165     164      15048
a     165     171      15048
a     165     159      15048
a     166     206        240
a     166     167      15048
a     166     165      15048
a     166     172      15048
a     166     160      15048
a     167     213        133
a     167     168      15048
a     167     166      15048
a     167     173      15048
a     167     161      15048
a     168     181        361
a     168     167      15048
a     168     174      15048
a     168     162      15048
a     169     186        323
a     169     170      15048
a     169     175      15048
a     169     163      15048
a     170     201        375
a     170     171      15048
a     170     169      15048
a     170     176      15048
a     170     164      15048
a     171     184        219
a     171     172      15048
a     171     170      15048
a     171     177      15048
a     171     165      15048
a     172     211        366
a     172     173      15048
a     172     171      15048
a     172     178      15048
a     172     166      15048
a     173     191         85
a     173     174      15048
a     173     172      15048
a     173     179      15048
a     173     167      15048
a     174     187        233
a     174     173      15048
a     174     180      15048
a     174     168      15048
a     175     195        124
a     175     176      15048
a     175     169      15048
a     176     194        391
a     176     177      15048
a     176     175      15048
a     176     170      15048
a     177     200        335
a     177     178      15048
a     177     176      15048
a     177     171      15048
a     178     205         59
a     178     179      15048
a     178     177      15048
a     178     172      15048
a     179     210        172
a     179     180      15048
a     179     178      15048
a     179     173      15048
a     180     199        387
a     180     179      15048
a     180     174      15048
a     181     223        200
a     181     182      15048
a     181     187      15048
a     182     228        312
a     182     183      15048
a     182     181      15048
a     182     188      15048
a     183     232        388
a     183     184      15048
a     183     182      15048
a     183     189      15048
a     184     221        166
a     184     185      15048
a     184     183      15048
a     184     190      15048
a     185     248        298
a     185     186      15048
a     185     184      15048
a     185     191      15048
a     186     236         93
a     186     185      15048
a     186     192      15048
a     187     238        358
a     187     188      15048
a     187     193      15048
a     187     181      15048
a     188     240        221
a     188     189      15048
a     188     187      15048
a     188     194      15048
a     188     182      15048
a     189     227        257
a     189     190      15048
a     189     188      15048
a     189     195      15048
a     189     183      15048
a     190     229         58
a     190     191      15048
a     190     189      15048
a     190     196      15048
a     190     184      15048
a     191     219        262
a     191     192      15048
a     191     190      15048
a     191     197      15048
a     191     185      15048
a     192     242         64
a     192     191      15048
a     192     198      15048
a     192     186      15048
a     193     230         60
a     193     194      15048
a     193     199      15048
a     193     187      15048
a     194     241         87
a     194     195      15048
a     194     193      15048
a     194     200      15048
a     194     188      15048
a     195     252        340
a     195     196      15048
a     195     194      15048
a     195     201      15048
a     195     189      15048
a     196     231        200
a     196     197      15048
a     196     195      15048
a     196     202      15048
a     196     190      15048
a     197     243        336
a     197     198      15048
a     197     196      15048
a     197     203      15048
a     197     191      15048
a     198     220        375
a     198     197      15048
a     198     204      15048
a     198     192      15048
a     199     224        367
a     199     200      15048
a     199     205      15048
a     199     193      15048
a     200     249        104
a     200     201      15048
a     200     199      15048
a     200     206      15048
a     200     194      15048
a     201     233        263
a     201     202      15048
a     201     200      15048
a     201     207      15048
a     201     195      15048
a     202     247        357
a     202     203      15048
a     202     201      15048
a     202     208      15048
a     202     196      15048
a     203     244        222
a     203     204      15048
a     203     202      15048
a     203     209      15048
a     203     197      15048
a     204     239        416
a     204     203      15048
a     204     210      15048
a     204     198      15048
a     205     245        298
a     205     206      15048
a     205     211      15048
a     205     199      15048
a     206     250         54
a     206     207      15048
a     206     205      15048
a     206     212      15048
a     206     200      15048
a     207     225         69
a     207     208      15048
a     207     206      15048
a     207     213      15048
a     207     201      15048
a     208     222        359
a     208     209      15048
a     208     207      15048
a     208     214      15048
a     208     202      15048
a     209     237        324
a     209     210      15048
a     209     208      15048
a     209     215      15048
a     209     203      15048
a     210     246        163
a     210     209      15048
a     210     216      15048
a     210     204      15048
a     211     218        151
a     211     212      15048
a     211     205      15048
a     212     217        281
a     212     213      15048
a     212     211      15048
a     212     206      15048
a     213     251        350
a     213     214      15048
a     213     212      15048
a     213     207      15048
a     214     234        378
a     214     215      15048
a     214     213      15048
a     214     208      15048
a     215     235        274
a     215     216      15048
a     215     214      15048
a     215     209      15048
a     216     226         66
a     216     215      15048
a     216     210      15048
a     217     256        267
a     217     218      15048
a     217     223      15048
a     218     285        262
a     218     219      15048
a     218     217      15048
a     218     224      15048
a     219     259        315
a     219     220      15048
a     219     218      15048
a     219     225      15048
a     220     262        374
a     220     221      15048
a     220     219      15048
a     220     226      15048
a     221     271        154
a     221     222      15048
a     221     220      15048
a     221     227      15048
a     222     282        100
a     222     221      15048
a     222     228      15048
a     223     287        182
a     223     224      15048
a     223     229      15048
a     223     217      15048
a     224     267        188
a     224     225      15048
a     224     223      15048
a     224     230      15048
a     224     218      15048
a     225     281        185
a     225     226      15048
a     225     224      15048
a     225     231      15048
a     225     219      15048
a     226     265        214
a     226     227      15048
a     226     225      15048
a     226     232      15048
a     226     220      15048
a     227     270        172
a     227     228      15048
a     227     226      15048
a     227     233      15048
a     227     221      15048
a     228     274        320
a     228     227      15048
a     228     234      15048
a     228     222      15048
a     229     284        248
a     229     230      15048
a     229     235      15048
a     229     223      15048
a     230     261        171
a     230     231      15048
a     230     229      15048
a     230     236      15048
a     230     224      15048
a     231     273        199
a     231     232      15048
a     231     230      15048
a     231     237      15048
a     231     225      15048
a     232     263        200
a     232     233      15048
a     232     231      15048
a     232     238      15048
a     232     226      15048
a     233     254        137
a     233     234      15048
a     233     232      15048
a     233     239      15048
a     233     227      15048
a     234     276        265
a     234     233      15048
a     234     240      15048
a     234     228      15048
a     235     264        232
a     235     236      15048
a     235     241      15048
a     235     229      15048
a     236     288        196
a     236     237      15048
a     236     235      15048
a     236     242      15048
a     236     230      15048
a     237     255        368
a     237     238      15048
a     237     236      15048
a     237     243      15048
a     237     231      15048
a     238     269        221
a     238     239      15048
a     238     237      15048
a     238     244      15048
a     238     232      15048
a     239     279         90
a     239     240      15048
a     239     238      15048
a     239     245      15048
a     239     233      15048
a     240     278        173
a     240     239      15048
a     240     246      15048
a     240     234      15048
a     241     280        154
a     241     242      15048
a     241     247      15048
a     241     235      15048
a     242     283        145
a     242     243      15048
a     242     241      15048
a     242     248      15048
a     242     236      15048
a     243     253        245
a     243     244      15048
a     243     242      15048
a     243     249      15048
a     243     237      15048
a     244     286        327
a     244     245      15048
a     244     243      15048
a     244     250      15048
a     244     238      15048
a     245     266        121
a     245     246      15048
a     245     244      15048
a     245     251      15048
a     245     239      15048
a     246     268         95
a     246     245      15048
a     246     252      15048
a     246     240      15048
a     247     272        237
a     247     248      15048
a     247     241      15048
a     248     257        325
a     248     249      15048
a     248     247      15048
a     248     242      15048
a     249     277        257
a     249     250      15048
a     249     248      15048
a     249     243      15048
a     250     258        322
a     250     251      15048
a     250     249      15048
a     250     244      15048
a     251     260        272
a     251     252      15048
a     251     250      15048
a     251     245      15048
a     252     275        365
a     252     251      15048
a     252     246      15048
a     253     300        269
a     253     254      15048
a     253     259      15048
a     254     319        116
a     254     255      15048
a     254     253      15048
a     254     260      15048
a     255     324         87
a     255     256      15048
a     255     254      15048
a     255     261      15048
a     256     308        118
a     256     257      15048
a     256     255      15048
a     256     262      15048
a     257     289        131
a     257     258      15048
a     257     256      15048
a     257     263      15048
a     258     303         63
a     258     257      15048
a     258     264      15048
a     259     311        239
a     259     260      15048
a     259     265      15048
a     259     253      15048
a     260     309        385
a     260     261      15048
a     260     259      15048
a     260     266      15048
a     260     254      15048
a     261     292         59
a     261     262      15048
a     261     260      15048
a     261     267      15048
a     261     255      15048
a     262     312        282
a     262     263      15048
a     262     261      15048
a     262     268      15048
a     262     256      15048
a     263     296        288
a     263     264      15048
a     263     262      15048
a     263     269      15048
a     263     257      15048
a     264     304        288
a     264     263      15048
a     264     270      15048
a     264     258      15048
a     265     313        115
a     265     266      15048
a     265     271      15048
a     265     259      15048
a     266     310        393
a     266     267      15048
a     266     265      15048
a     266     272      15048
a     266     260      15048
a     267     316        250
a     267     268      15048
a     267     266      15048
a     267     273      15048
a     267     261      15048
a     268     295        354
a     268     269      15048
a     268     267      15048
a     268     274      15048
a     268     262      15048
a     269     298        267
a     269     270      15048
a     269     268      15048
a     269     275      15048
a     269     263      15048
a     270     307         88
a     270     269      15048
a     270     276      15048
a     270     264      15048
a     271     305        380
a     271     272      15048
a     271     277      15048
a     271     265      15048
a     272     301        113
a     272     273      15048
a     272     271      15048
a     272     278      15048
a     272     266      15048
a     273     314        288
a     273     274      15048
a     273     272      15048
a     273     279      15048
a     273     267      15048
a     274     306        222
a     274     275      15048
a     274     273      15048
a     274     280      15048
a     274     268      15048
a     275     297         88
a     275     276      15048
a     275     274      15048
a     275     281      15048
a     275     269      15048
a     276     317        283
a     276     275      15048
a     276     282      15048
a     276     270      15048
a     277     290        132
a     277     278      15048
a     277     283      15048
a     277     271      15048
a     278     322        138
a     278     279      15048
a     278     277      15048
a     278     284      15048
a     278     272      15048
a     279     315        146
a     279     280      15048
a     279     278      15048
a     279     285      15048
a     279     273      15048
a     280     320        335
a     280     281      15048
a     280     279      15048
a     280     286      15048
a     280     274      15048
a     281     318        312
a     281     282      15048
a     281     280      15048
a     281     287      15048
a     281     275      15048
a     282     291        396
a     282     281      15048
a     282     288      15048
a     282     276      15048
a     283     302        329
a     283     284      15048
a     283     277      15048
a     284     294        257
a     284     285      15048
a     284     283      15048
a     284     278      15048
a     285     323        360
a     285     286      15048
a     285     284      15048
a     285     279      15048
a     286     299        178
a     286     287      15048
a     286     285      15048
a     286     280      15048
a     287     321        146
a     287     288      15048
a     287     286      15048
a     287     281      15048
a     288     293        218
a     288     287      15048
a     288     282      15048
a     289     344        207
a     289     290      15048
a     289     295      15048
a     290     329        108
a     290     291      15048
a     290     289      15048
a     290     296      15048
a     291     341        175
a     291     292      15048
a     291     290      15048
a     291     297      15048
a     292     348        340
a     292     293      15048
a     292     291      15048
a     292     298      15048
a     293     331        270
a     293     294      15048
a     293     292      15048
a     293     299      15048
a     294     349        341
a     294     293      15048
a     294     300      15048
a     295     355        133
a     295     296      15048
a     295     301      15048
a     295     289      15048
a     296     326        340
a     296     297      15048
a     296     295      15048
a     296     302      15048
a     296     290      15048
a     297     333        373
a     297     298      15048
a     297     296      15048
a     297     303      15048
a     297     291      15048
a     298     345        241
a     298     299      15048
a     298     297      15048
a     298     304      15048
a     298     292      15048
a     299     360        327
a     299     300      15048
a     299     298      15048
a     299     305      15048
a     299     293      15048
a     300     343        149
a     300     299      15048
a     300     306      15048
a     300     294      15048
a     301     353        245
a     301     302      15048
a     301     307      15048
a     301     295      15048
a     302     354        396
a     302     303      15048
a     302     301      15048
a     302     308      15048
a     302     296      15048
a     303     347        230
a     303     304      15048
a     303     302      15048
a     303     309      15048
a     303     297      15048
a     304     346        195
a     304     305      15048
a     304     303      15048
a     304     310      15048
a     304     298      15048
a     305     328        356
a     305     306      15048
a     305     304      15048
a     305     311      15048
a     305     299      15048
a     306     330        400
a     306     305      15048
a     306     312      15048
a     306     300      15048
a     307     337        100
a     307     308      15048
a     307     313      15048
a     307     301      15048
a     308     357        249
a     308     309      15048
a     308     307      15048
a     308     314      15048
a     308     302      15048
a     309     342        376
a     309     310      15048
a     309     308      15048
a     309     315      15048
a     309     303      15048
a     310     336         77
a     310     311      15048
a     310     309      15048
a     310     316      15048
a     310     304      15048
a     311     340         85
a     311     312      15048
a     311     310      15048
a     311     317      15048
a     311     305      15048
a     312     351        256
a     312     311      15048
a     312     318      15048
a     312     306      15048
a     313     339        318
a     313     314      15048
a     313     319      15048
a     313     307      15048
a     314     338        138
a     314     315      15048
a     314     313      15048
a     314     320      15048
a     314     308      15048
a     315     332        286
a     315     316      15048
a     315     314      15048
a     315     321      15048
a     315     309      15048
a     316     334        390
a     316     317      15048
a     316     315      15048
a     316     322      15048
a     316     310      15048
a     317     356        151
a     317     318      15048
a     317     316      15048
a     317     323      15048
a     317     311      15048
a     318     335        202
a     318     317      15048
a     318     324      15048
a     318     312      15048
a     319     359        214
a     319     320      15048
a     319     313      15048
a     320     350        337
a     320     321      15048
a     320     319      15048
a     320     314      15048
a     321     358        355
a     321     322      15048
a     321     320      15048
a     321     315      15048
a     322     325        361
a     322     323      15048
a     322     321      15048
a     322     316      15048
a     323     327        307
a     323     324      15048
a     323     322      15048
a     323     317      15048
a     324     352        239
a     324     323      15048
a     324     318      15048
a     325     388        345
a     325     326      15048
a     325     331      15048
a     326     386        132
a     326     327      15048
a     326     325      15048
a     326     332      15048
a     327     365        276
a     327     328      15048
a     327     326      15048
a     327     333      15048
a     328     384        417
a     328     329      15048
a     328     327      15048
a     328     334      15048
a     329     363        257
a     329     330      15048
a     329     328      15048
a     329     335      15048
a     330     387        146
a     330     329      15048
a     330     336      15048
a     331     369        238
a     331     332      15048
a     331     337      15048
a     331     325      15048
a     332     382        289
a     332     333      15048
a     332     331      15048
a     332     338      15048
a     332     326      15048
a     333     377        182
a     333     334      15048
a     333     332      15048
a     333     339      15048
a     333     327      15048
a     334     362        239
a     334     335      15048
a     334     333      15048
a     334     340      15048
a     334     328      15048
a     335     372        131
a     335     336      15048
a     335     334      15048
a     335     341      15048
a     335     329      15048
a     336     374         68
a     336     335      15048
a     336     342      15048
a     336     330      15048
a     337     366        322
a     337     338      15048
a     337     343      15048
a     337     331      15048
a     338     361        354
a     338     339      15048
a     338     337      15048
a     338     344      15048
a     338     332      15048
a     339     393        363
a     339     340      15048
a     339     338      15048
a     339     345      15048
a     339     333      15048
a     340     373         62
a     340     341      15048
a     340     339      15048
a     340     346      15048
a     340     334      15048
a     341     390        171
a     341     342      15048
a     341     340      15048
a     341     347      15048
a     341     335      15048
a     342     371        209
a     342     341      15048
a     342     348      15048
a     342     336      15048
a     343     395        217
a     343     344      15048
a     343     349      15048
a     343     337      15048
a     344     380        301
a     344     345      15048
a     344     343      15048
a     344     350      15048
a     344     338      15048
a     345     385        180
a     345     346      15048
a     345     344      15048
a     345     351      15048
a     345     339      15048
a     346     376        189
a     346     347      15048
a     346     345      15048
a     346     352      15048
a     346     340      15048
a     347     396        320
a     347     348      15048
a     347     346      15048
a     347     353      15048
a     347     341      15048
a     348     379        132
a     348     347      15048
a     348     354      15048
a     348     342      15048
a     349     367        163
a     349     350      15048
a     349     355      15048
a     349     343      15048
a     350     394        104
a     350     351      15048
a     350     349      15048
a     350     356      15048
a     350     344      15048
a     351     378        182
a     351     352      15048
a     351     350      15048
a     351     357      15048
a     351     345      15048
a     352     364        101
a     352     353      15048
a     352     351      15048
a     352     358      15048
a     352     346      15048
a     353     383        279
a     353     354      15048
a     353     352      15048
a     353     359      15048
a     353     347      15048
a     354     370        285
a     354     353      15048
a     354     360      15048
a     354     348      15048
a     355     392        320
a     355     356      15048
a     355     349      15048
a     356     375        325
a     356     357      15048
a     356     355      15048
a     356     350      15048
a     357     381        314
a     357     358      15048
a     357     356      15048
a     357     351      15048
a     358     389        301
a     358     359      15048
a     358     357      15048
a     358     352      15048
a     359     391        406
a     359     360      15048
a     359     358      15048
a     359     353      15048
a     360     368        217
a     360     359      15048
a     360     354      15048
a     361     409        176
a     361     362      15048
a     361     367      15048
a     362     397        175
a     362     363      15048
a     362     361      15048
a     362     368      15048
a     363     403        168
a     363     364      15048
a     363     362      15048
a     363     369      15048
a     364     407        365
a     364     365      15048
a     364     363      15048
a     364     370      15048
a     365     429        335
a     365     366      15048
a     365     364      15048
a     365     371      15048
a     366     404         84
a     366     365      15048
a     366     372      15048
a     367     426        168
a     367     368      15048
a     367     373      15048
a     367     361      15048
a     368     405         80
a     368     369      15048
a     368     367      15048
a     368     374      15048
a     368     362      15048
a     369     425         58
a     369     370      15048
a     369     368      15048
a     369     375      15048
a     369     363      15048
a     370     424        122
a     370     371      15048
a     370     369      15048
a     370     376      15048
a     370     364      15048
a     371     415        212
a     371     372      15048
a     371     370      15048
a     371     377      15048
a     371     365      15048
a     372     412        237
a     372     371      15048
a     372     378      15048
a     372     366      15048
a     373     416        137
a     373     374      15048
a     373     379      15048
a     373     367      15048
a     374     430         63
a     374     375      15048
a     374     373      15048
a     374     380      15048
a     374     368      15048
a     375     420        106
a     375     376      15048
a     375     374      15048
a     375     381      15048
a     375     369      15048
a     376     423        227
a     376     377      15048
a     376     375      15048
a     376     382      15048
a     376     370      15048
a     377     422        181
a     377     378      15048
a     377     376      15048
a     377     383      15048
a     377     371      15048
a     378     428         61
a     378     377      15048
a     378     384      15048
a     378     372      15048
a     379     413        241
a     379     380      15048
a     379     385      15048
a     379     373      15048
a     380     401         67
a     380     381      15048
a     380     379      15048
a     380     386      15048
a     380     374      15048
a     381     432         70
a     381     382      15048
a     381     380      15048
a     381     387      15048
a     381     375      15048
a     382     400        363
a     382     383      15048
a     382     381      15048
a     382     388      15048
a     382     376      15048
a     383     421        305
a     383     384      15048
a     383     382      15048
a     383     389      15048
a     383     377      15048
a     384     408        343
a     384     383      15048
a     384     390      15048
a     384     378      15048
a     385     418        203
a     385     386      15048
a     385     391      15048
a     385     379      15048
a     386     406        108
a     386     387      15048
a     386     385      15048
a     386     392      15048
a     386     380      15048
a     387     402         81
a     387     388      15048
a     387     386      15048
a     387     393      15048
a     387     381      15048
a     388     414        116
a     388     389      15048
a     388     387      15048
a     388     394      15048
a     388     382      15048
a     389     431        219
a     389     390      15048
a     389     388      15048
a     389     395      15048
a     389     383      15048
a     390     411        314
a     390     389      15048
a     390     396      15048
a     390     384      15048
a     391     419        253
a     391     392      15048
a     391     385      15048
a     392     410        216
a     392     393      15048
a     392     391      15048
a     392     386      15048
a     393     417        340
a     393     394      15048
a     393     392      15048
a     393     387      15048
a     394     399        200
a     394     395      15048
a     394     393      15048
a     394     388      15048
a     395     398        204
a     395     396      15048
a     395     394      15048
a     395     389      15048
a     396     427         56
a     396     395      15048
a     396     390      15048
a     397     436        399
a     397     398      15048
a     397     403      15048
a     398     447        251
a     398     399      15048
a     398     397      15048
a     398     404      15048
a     399     462        403
a     399     400      15048
a     399     398      15048
a     399     405      15048
a     400     446        295
a     400     401      15048
a     400     399      15048
a     400     406      15048
a     401     458        338
a     401     402      15048
a     401     400      15048
a     401     407      15048
a     402     434        188
a     402     401      15048
a     402     408      15048
a     403     443        139
a     403     404      15048
a     403     409      15048
a     403     397      15048
a     404     459        235
a     404     405      15048
a     404     403      15048
a     404     410      15048
a     404     398      15048
a     405     451        286
a     405     406      15048
a     405     404      15048
a     405     411      15048
a     405     399      15048
a     406     465         52
a     406     407      15048
a     406     405      15048
a     406     412      15048
a     406     400      15048
a     407     433        225
a     407     408      15048
a     407     406      15048
a     407     413      15048
a     407     401      15048
a     408     448        379
a     408     407      15048
a     408     414      15048
a     408     402      15048
a     409     442        396
a     409     410      15048
a     409     415      15048
a     409     403      15048
a     410     440         88
a     410     411      15048
a     410     409      15048
a     410     416      15048
a     410     404      15048
a     411     454        386
a     411     412      15048
a     411     410      15048
a     411     417      15048
a     411     405      15048
a     412     450        352
a     412     413      15048
a     412     411      15048
a     412     418      15048
a     412     406      15048
a     413     449        192
a     413     414      15048
a     413     412      15048
a     413     419      15048
a     413     407      15048
a     414     435        194
a     414     413      15048
a     414     420      15048
a     414     408      15048
a     415     455        118
a     415     416      15048
a     415     421      15048
a     415     409      15048
a     416     437        246
a     416     417      15048
a     416     415      15048
a     416     422      15048
a     416     410      15048
a     417     466        105
a     417     418      15048
a     417     416      15048
a     417     423      15048
a     417     411      15048
a     418     468        125
a     418     419      15048
a     418     417      15048
a     418     424      15048
a     418     412      15048
a     419     467        253
a     419     420      15048
a     419     418      15048
a     419     425      15048
a     419     413      15048
a     420     445        219
a     420     419      15048
a     420     426      15048
a     420     414      15048
a     421     463        201
a     421     422      15048
a     421     427      15048
a     421     415      15048
a     422     461        168
a     422     423      15048
a     422     421      15048
a     422     428      15048
a     422     416      15048
a     423     444        369
a     423     424      15048
a     423     422      15048
a     423     429      15048
a     423     417      15048
a     424     457        187
a     424     425      15048
a     424     423      15048
a     424     430      15048
a     424     418      15048
a     425     439        341
a     425     426      15048
a     425     424      15048
a     425     431      15048
a     425     419      15048
a     426     453        114
a     426     425      15048
a     426     432      15048
a     426     420      15048
a     427     460        339
a     427     428      15048
a     427     421      15048
a     428     456        296
a     428     429      15048
a     428     427      15048
a     428     422      15048
a     429     438         79
a     429     430      15048
a     429     428      15048
a     429     423      15048
a     430     464        116
a     430     431      15048
a     430     429      15048
a     430     424      15048
a     431     441        310
a     431     432      15048
a     431     430      15048
a     431     425      15048
a     432     452        361
a     432     431      15048
a     432     426      15048
a     433     434      15048
a     433     439      15048
a     434     435      15048
a     434     433      15048
a     434     440      15048
a     435     436      15048
a     435     434      15048
a     435     441      15048
a     436     437      15048
a     436     435      15048
a     436     442      15048
a     437     438      15048
a     437     436      15048
a     437     443      15048
a     438     437      15048
a     438     444      15048
a     439     440      15048
a     439     445      15048
a     439     433      15048
a     440     441      15048
a     440     439      15048
a     440     446      15048
a     440     434      15048
a     441     442      15048
a     441     440      15048
a     441     447      15048
a     441     435      15048
a     442     443      15048
a     442     441      15048
a     442     448      15048
a     442     436      15048
a     443     444      15048
a     443     442      15048
a     443     449      15048
a     443     437      15048
a     444     443      15048
a     444     450      15048
a     444     438      15048
a     445     446      15048
a     445     451      15048
a     445     439      15048
a     446     447      15048
a     446     445      15048
a     446     452      15048
a     446     440      15048
a     447     448      15048
a     447     446      15048
a     447     453      15048
a     447     441      15048
a     448     449      15048
a     448     447      15048
a     448     454      15048
a     448     442      15048
a     449     450      15048
a     449     448      15048
a     449     455      15048
a     449     443      15048
a     450     449      15048
a     450     456      15048
a     450     444      15048
a     451     452      15048
a     451     457      15048
a     451     445      15048
a     452     453      15048
a     452     451      15048
a     452     458      15048
a     452     446      15048
a     453     454      15048
a     453     452      15048
a     453     459      15048
a     453     447      15048
a     454     455      15048
a     454     453      15048
a     454     460      15048
a     454     448      15048
a     455     456      15048
a     455     454      15048
a     455     461      15048
a     455     449      15048
a     456     455      15048
a     456     462      15048
a     456     450      15048
a     457     458      15048
a     457     463      15048
a     457     451      15048
a     458     459      15048
a     458     457      15048
a     458     464      15048
a     458     452      15048
a     459     460      15048
a     459     458      15048
a     459     465      15048
a     459     453      15048
a     460     461      15048
a     460     459      15048
a     460     466      15048
a     460     454      15048
a     461     462      15048
a     461     460      15048
a     461     467      15048
a     461     455      15048
a     462     461      15048
a     462     468      15048
a     462     456      15048
a     463     464      15048
a     463     457      15048
a     464     465      15048
a     464     463      15048
a     464     458      15048
a     465     466      15048
a     465     464      15048
a     465     459      15048
a     466     467      15048
a     466     465      15048
a     466     460      15048
a     467     468      15048
a     467     466      15048
a     467     461      15048
a     468     467      15048
a     468     462      15048
