c This file was generated by genrmf.
c The parameters are: a: 6 b: 9 c1: 228 c2: 1370 seed: 1666103673
p max     324       1368
n       1 s
n     324 t
a       1      40        600
a       1       2      49320
a       1       7      49320
a       2      44        300
a       2       3      49320
a       2       1      49320
a       2       8      49320
a       3      38       1222
a       3       4      49320
a       3       2      49320
a       3       9      49320
a       4      66        602
a       4       5      49320
a       4       3      49320
a       4      10      49320
a       5      37        843
a       5       6      49320
a       5       4      49320
a       5      11      49320
a       6      61       1157
a       6       5      49320
a       6      12      49320
a       7      57        271
a       7       8      49320
a       7      13      49320
a       7       1      49320
a       8      39       1060
a       8       9      49320
a       8       7      49320
a       8      14      49320
a       8       2      49320
a       9      67        946
a       9      10      49320
a       9       8      49320
a       9      15      49320
a       9       3      49320
a      10      54        337
a      10      11      49320
a      10       9      49320
a      10      16      49320
a      10       4      49320
a      11      45       1068
a      11      12      49320
a      11      10      49320
a      11      17      49320
a      11       5      49320
a      12      43        639
a      12      11      49320
a      12      18      49320
a      12       6      49320
a      13      56       1307
a      13      14      49320
a      13      19      49320
a      13       7      49320
a      14      68        649
a      14      15      49320
a      14      13      49320
a      14      20      49320
a      14       8      49320
a      15      70        736
a      15      16      49320
a      15      14      49320
a      15      21      49320
a      15       9      49320
a      16      52        478
a      16      17      49320
a      16      15      49320
a      16      22      49320
a      16      10      49320
a      17      59        428
a      17      18      49320
a      17      16      49320
a      17      23      49320
a      17      11      49320
a      18      71        613
a      18      17      49320
a      18      24      49320
a      18      12      49320
a      19      63        711
a      19      20      49320
a      19      25      49320
a      19      13      49320
a      20      53       1316
a      20      21      49320
a      20      19      49320
a      20      26      49320
a      20      14      49320
a      21      49       1083
a      21      22      49320
a      21      20      49320
a      21      27      49320
a      21      15      49320
a      22      41        849
a      22      23      49320
a      22      21      49320
a      22      28      49320
a      22      16      49320
a      23      65        294
a      23      24      49320
a      23      22      49320
a      23      29      49320
a      23      17      49320
a      24      42       1049
a      24      23      49320
a      24      30      49320
a      24      18      49320
a      25      72        920
a      25      26      49320
a      25      31      49320
a      25      19      49320
a      26      69        732
a      26      27      49320
a      26      25      49320
a      26      32      49320
a      26      20      49320
a      27      47        273
a      27      28      49320
a      27      26      49320
a      27      33      49320
a      27      21      49320
a      28      48        730
a      28      29      49320
a      28      27      49320
a      28      34      49320
a      28      22      49320
a      29      51        339
a      29      30      49320
a      29      28      49320
a      29      35      49320
a      29      23      49320
a      30      55        682
a      30      29      49320
a      30      36      49320
a      30      24      49320
a      31      50        377
a      31      32      49320
a      31      25      49320
a      32      60        394
a      32      33      49320
a      32      31      49320
a      32      26      49320
a      33      46       1246
a      33      34      49320
a      33      32      49320
a      33      27      49320
a      34      64        577
a      34      35      49320
a      34      33      49320
a      34      28      49320
a      35      62        586
a      35      36      49320
a      35      34      49320
a      35      29      49320
a      36      58       1048
a      36      35      49320
a      36      30      49320
a      37      92        797
a      37      38      49320
a      37      43      49320
a      38     105       1248
a      38      39      49320
a      38      37      49320
a      38      44      49320
a      39      98        904
a      39      40      49320
a      39      38      49320
a      39      45      49320
a      40      91        717
a      40      41      49320
a      40      39      49320
a      40      46      49320
a      41     101        477
a      41      42      49320
a      41      40      49320
a      41      47      49320
a      42      94        524
a      42      41      49320
a      42      48      49320
a      43      75        887
a      43      44      49320
a      43      49      49320
a      43      37      49320
a      44      97       1308
a      44      45      49320
a      44      43      49320
a      44      50      49320
a      44      38      49320
a      45      90        639
a      45      46      49320
a      45      44      49320
a      45      51      49320
a      45      39      49320
a      46      87        751
a      46      47      49320
a      46      45      49320
a      46      52      49320
a      46      40      49320
a      47      80       1323
a      47      48      49320
a      47      46      49320
a      47      53      49320
a      47      41      49320
a      48      93        798
a      48      47      49320
a      48      54      49320
a      48      42      49320
a      49     104       1173
a      49      50      49320
a      49      55      49320
a      49      43      49320
a      50      84       1116
a      50      51      49320
a      50      49      49320
a      50      56      49320
a      50      44      49320
a      51     103        915
a      51      52      49320
a      51      50      49320
a      51      57      49320
a      51      45      49320
a      52      74       1354
a      52      53      49320
a      52      51      49320
a      52      58      49320
a      52      46      49320
a      53      88        675
a      53      54      49320
a      53      52      49320
a      53      59      49320
a      53      47      49320
a      54      82       1298
a      54      53      49320
a      54      60      49320
a      54      48      49320
a      55     108        706
a      55      56      49320
a      55      61      49320
a      55      49      49320
a      56      85       1093
a      56      57      49320
a      56      55      49320
a      56      62      49320
a      56      50      49320
a      57      77        974
a      57      58      49320
a      57      56      49320
a      57      63      49320
a      57      51      49320
a      58      86        343
a      58      59      49320
a      58      57      49320
a      58      64      49320
a      58      52      49320
a      59      83        416
a      59      60      49320
a      59      58      49320
a      59      65      49320
a      59      53      49320
a      60      73        468
a      60      59      49320
a      60      66      49320
a      60      54      49320
a      61      78       1025
a      61      62      49320
a      61      67      49320
a      61      55      49320
a      62     106        811
a      62      63      49320
a      62      61      49320
a      62      68      49320
a      62      56      49320
a      63     100       1244
a      63      64      49320
a      63      62      49320
a      63      69      49320
a      63      57      49320
a      64      99       1114
a      64      65      49320
a      64      63      49320
a      64      70      49320
a      64      58      49320
a      65      79        293
a      65      66      49320
a      65      64      49320
a      65      71      49320
a      65      59      49320
a      66      76        641
a      66      65      49320
a      66      72      49320
a      66      60      49320
a      67     107        918
a      67      68      49320
a      67      61      49320
a      68      81        540
a      68      69      49320
a      68      67      49320
a      68      62      49320
a      69     102       1006
a      69      70      49320
a      69      68      49320
a      69      63      49320
a      70      89       1082
a      70      71      49320
a      70      69      49320
a      70      64      49320
a      71      95        938
a      71      72      49320
a      71      70      49320
a      71      65      49320
a      72      96       1084
a      72      71      49320
a      72      66      49320
a      73     123        556
a      73      74      49320
a      73      79      49320
a      74     135        701
a      74      75      49320
a      74      73      49320
a      74      80      49320
a      75     133       1186
a      75      76      49320
a      75      74      49320
a      75      81      49320
a      76     122        403
a      76      77      49320
a      76      75      49320
a      76      82      49320
a      77     109        565
a      77      78      49320
a      77      76      49320
a      77      83      49320
a      78     128        629
a      78      77      49320
a      78      84      49320
a      79     131       1354
a      79      80      49320
a      79      85      49320
a      79      73      49320
a      80     144        913
a      80      81      49320
a      80      79      49320
a      80      86      49320
a      80      74      49320
a      81     139        691
a      81      82      49320
a      81      80      49320
a      81      87      49320
a      81      75      49320
a      82     132        949
a      82      83      49320
a      82      81      49320
a      82      88      49320
a      82      76      49320
a      83     118        242
a      83      84      49320
a      83      82      49320
a      83      89      49320
a      83      77      49320
a      84     134        655
a      84      83      49320
a      84      90      49320
a      84      78      49320
a      85     127        940
a      85      86      49320
a      85      91      49320
a      85      79      49320
a      86     140        791
a      86      87      49320
a      86      85      49320
a      86      92      49320
a      86      80      49320
a      87     117       1052
a      87      88      49320
a      87      86      49320
a      87      93      49320
a      87      81      49320
a      88     124        466
a      88      89      49320
a      88      87      49320
a      88      94      49320
a      88      82      49320
a      89     143       1230
a      89      90      49320
a      89      88      49320
a      89      95      49320
a      89      83      49320
a      90     121        265
a      90      89      49320
a      90      96      49320
a      90      84      49320
a      91     130        974
a      91      92      49320
a      91      97      49320
a      91      85      49320
a      92     136        397
a      92      93      49320
a      92      91      49320
a      92      98      49320
a      92      86      49320
a      93     119       1057
a      93      94      49320
a      93      92      49320
a      93      99      49320
a      93      87      49320
a      94     138        269
a      94      95      49320
a      94      93      49320
a      94     100      49320
a      94      88      49320
a      95     116        398
a      95      96      49320
a      95      94      49320
a      95     101      49320
a      95      89      49320
a      96     125        431
a      96      95      49320
a      96     102      49320
a      96      90      49320
a      97     120       1040
a      97      98      49320
a      97     103      49320
a      97      91      49320
a      98     137        265
a      98      99      49320
a      98      97      49320
a      98     104      49320
a      98      92      49320
a      99     114        925
a      99     100      49320
a      99      98      49320
a      99     105      49320
a      99      93      49320
a     100     129        492
a     100     101      49320
a     100      99      49320
a     100     106      49320
a     100      94      49320
a     101     141       1105
a     101     102      49320
a     101     100      49320
a     101     107      49320
a     101      95      49320
a     102     126        440
a     102     101      49320
a     102     108      49320
a     102      96      49320
a     103     142        353
a     103     104      49320
a     103      97      49320
a     104     115        258
a     104     105      49320
a     104     103      49320
a     104      98      49320
a     105     111        909
a     105     106      49320
a     105     104      49320
a     105      99      49320
a     106     113        905
a     106     107      49320
a     106     105      49320
a     106     100      49320
a     107     110        470
a     107     108      49320
a     107     106      49320
a     107     101      49320
a     108     112       1230
a     108     107      49320
a     108     102      49320
a     109     147        382
a     109     110      49320
a     109     115      49320
a     110     157        638
a     110     111      49320
a     110     109      49320
a     110     116      49320
a     111     164       1114
a     111     112      49320
a     111     110      49320
a     111     117      49320
a     112     180       1142
a     112     113      49320
a     112     111      49320
a     112     118      49320
a     113     162        740
a     113     114      49320
a     113     112      49320
a     113     119      49320
a     114     150        984
a     114     113      49320
a     114     120      49320
a     115     152        982
a     115     116      49320
a     115     121      49320
a     115     109      49320
a     116     179       1180
a     116     117      49320
a     116     115      49320
a     116     122      49320
a     116     110      49320
a     117     178        934
a     117     118      49320
a     117     116      49320
a     117     123      49320
a     117     111      49320
a     118     160        610
a     118     119      49320
a     118     117      49320
a     118     124      49320
a     118     112      49320
a     119     155        660
a     119     120      49320
a     119     118      49320
a     119     125      49320
a     119     113      49320
a     120     158       1250
a     120     119      49320
a     120     126      49320
a     120     114      49320
a     121     170        661
a     121     122      49320
a     121     127      49320
a     121     115      49320
a     122     146       1354
a     122     123      49320
a     122     121      49320
a     122     128      49320
a     122     116      49320
a     123     168       1028
a     123     124      49320
a     123     122      49320
a     123     129      49320
a     123     117      49320
a     124     151        284
a     124     125      49320
a     124     123      49320
a     124     130      49320
a     124     118      49320
a     125     175       1061
a     125     126      49320
a     125     124      49320
a     125     131      49320
a     125     119      49320
a     126     169        456
a     126     125      49320
a     126     132      49320
a     126     120      49320
a     127     148        416
a     127     128      49320
a     127     133      49320
a     127     121      49320
a     128     161        589
a     128     129      49320
a     128     127      49320
a     128     134      49320
a     128     122      49320
a     129     165        415
a     129     130      49320
a     129     128      49320
a     129     135      49320
a     129     123      49320
a     130     167        665
a     130     131      49320
a     130     129      49320
a     130     136      49320
a     130     124      49320
a     131     163       1346
a     131     132      49320
a     131     130      49320
a     131     137      49320
a     131     125      49320
a     132     154        674
a     132     131      49320
a     132     138      49320
a     132     126      49320
a     133     149       1188
a     133     134      49320
a     133     139      49320
a     133     127      49320
a     134     176        493
a     134     135      49320
a     134     133      49320
a     134     140      49320
a     134     128      49320
a     135     153        855
a     135     136      49320
a     135     134      49320
a     135     141      49320
a     135     129      49320
a     136     174        530
a     136     137      49320
a     136     135      49320
a     136     142      49320
a     136     130      49320
a     137     156        816
a     137     138      49320
a     137     136      49320
a     137     143      49320
a     137     131      49320
a     138     171        967
a     138     137      49320
a     138     144      49320
a     138     132      49320
a     139     172        964
a     139     140      49320
a     139     133      49320
a     140     177       1153
a     140     141      49320
a     140     139      49320
a     140     134      49320
a     141     159       1117
a     141     142      49320
a     141     140      49320
a     141     135      49320
a     142     166       1136
a     142     143      49320
a     142     141      49320
a     142     136      49320
a     143     173       1288
a     143     144      49320
a     143     142      49320
a     143     137      49320
a     144     145        611
a     144     143      49320
a     144     138      49320
a     145     182        449
a     145     146      49320
a     145     151      49320
a     146     192        375
a     146     147      49320
a     146     145      49320
a     146     152      49320
a     147     212        914
a     147     148      49320
a     147     146      49320
a     147     153      49320
a     148     190        842
a     148     149      49320
a     148     147      49320
a     148     154      49320
a     149     197       1077
a     149     150      49320
a     149     148      49320
a     149     155      49320
a     150     183        965
a     150     149      49320
a     150     156      49320
a     151     189        432
a     151     152      49320
a     151     157      49320
a     151     145      49320
a     152     198       1362
a     152     153      49320
a     152     151      49320
a     152     158      49320
a     152     146      49320
a     153     216        527
a     153     154      49320
a     153     152      49320
a     153     159      49320
a     153     147      49320
a     154     203        567
a     154     155      49320
a     154     153      49320
a     154     160      49320
a     154     148      49320
a     155     215       1090
a     155     156      49320
a     155     154      49320
a     155     161      49320
a     155     149      49320
a     156     208        884
a     156     155      49320
a     156     162      49320
a     156     150      49320
a     157     202        905
a     157     158      49320
a     157     163      49320
a     157     151      49320
a     158     204        642
a     158     159      49320
a     158     157      49320
a     158     164      49320
a     158     152      49320
a     159     214        306
a     159     160      49320
a     159     158      49320
a     159     165      49320
a     159     153      49320
a     160     209        875
a     160     161      49320
a     160     159      49320
a     160     166      49320
a     160     154      49320
a     161     207        330
a     161     162      49320
a     161     160      49320
a     161     167      49320
a     161     155      49320
a     162     185       1096
a     162     161      49320
a     162     168      49320
a     162     156      49320
a     163     193       1188
a     163     164      49320
a     163     169      49320
a     163     157      49320
a     164     196       1141
a     164     165      49320
a     164     163      49320
a     164     170      49320
a     164     158      49320
a     165     188        716
a     165     166      49320
a     165     164      49320
a     165     171      49320
a     165     159      49320
a     166     206        815
a     166     167      49320
a     166     165      49320
a     166     172      49320
a     166     160      49320
a     167     213        483
a     167     168      49320
a     167     166      49320
a     167     173      49320
a     167     161      49320
a     168     181       1191
a     168     167      49320
a     168     174      49320
a     168     162      49320
a     169     186       1072
a     169     170      49320
a     169     175      49320
a     169     163      49320
a     170     201       1235
a     170     171      49320
a     170     169      49320
a     170     176      49320
a     170     164      49320
a     171     184        749
a     171     172      49320
a     171     170      49320
a     171     177      49320
a     171     165      49320
a     172     211       1207
a     172     173      49320
a     172     171      49320
a     172     178      49320
a     172     166      49320
a     173     191        332
a     173     174      49320
a     173     172      49320
a     173     179      49320
a     173     167      49320
a     174     187        794
a     174     173      49320
a     174     180      49320
a     174     168      49320
a     175     195        453
a     175     176      49320
a     175     169      49320
a     176     194       1286
a     176     177      49320
a     176     175      49320
a     176     170      49320
a     177     200       1110
a     177     178      49320
a     177     176      49320
a     177     171      49320
a     178     205        252
a     178     179      49320
a     178     177      49320
a     178     172      49320
a     179     210        604
a     179     180      49320
a     179     178      49320
a     179     173      49320
a     180     199       1273
a     180     179      49320
a     180     174      49320
a     181     223        691
a     181     182      49320
a     181     187      49320
a     182     228       1040
a     182     183      49320
a     182     181      49320
a     182     188      49320
a     183     232       1276
a     183     184      49320
a     183     182      49320
a     183     189      49320
a     184     221        583
a     184     185      49320
a     184     183      49320
a     184     190      49320
a     185     248        995
a     185     186      49320
a     185     184      49320
a     185     191      49320
a     186     236        356
a     186     185      49320
a     186     192      49320
a     187     238       1181
a     187     188      49320
a     187     193      49320
a     187     181      49320
a     188     240        755
a     188     189      49320
a     188     187      49320
a     188     194      49320
a     188     182      49320
a     189     227        868
a     189     190      49320
a     189     188      49320
a     189     195      49320
a     189     183      49320
a     190     229        249
a     190     191      49320
a     190     189      49320
a     190     196      49320
a     190     184      49320
a     191     219        883
a     191     192      49320
a     191     190      49320
a     191     197      49320
a     191     185      49320
a     192     242        268
a     192     191      49320
a     192     198      49320
a     192     186      49320
a     193     230        253
a     193     194      49320
a     193     199      49320
a     193     187      49320
a     194     241        339
a     194     195      49320
a     194     193      49320
a     194     200      49320
a     194     188      49320
a     195     252       1125
a     195     196      49320
a     195     194      49320
a     195     201      49320
a     195     189      49320
a     196     231        691
a     196     197      49320
a     196     195      49320
a     196     202      49320
a     196     190      49320
a     197     243       1115
a     197     198      49320
a     197     196      49320
a     197     203      49320
a     197     191      49320
a     198     220       1235
a     198     197      49320
a     198     204      49320
a     198     192      49320
a     199     224       1210
a     199     200      49320
a     199     205      49320
a     199     193      49320
a     200     249        391
a     200     201      49320
a     200     199      49320
a     200     206      49320
a     200     194      49320
a     201     233        887
a     201     202      49320
a     201     200      49320
a     201     207      49320
a     201     195      49320
a     202     247       1179
a     202     203      49320
a     202     201      49320
a     202     208      49320
a     202     196      49320
a     203     244        759
a     203     204      49320
a     203     202      49320
a     203     209      49320
a     203     197      49320
a     204     239       1364
a     204     203      49320
a     204     210      49320
a     204     198      49320
a     205     245        995
a     205     206      49320
a     205     211      49320
a     205     199      49320
a     206     250        237
a     206     207      49320
a     206     205      49320
a     206     212      49320
a     206     200      49320
a     207     225        281
a     207     208      49320
a     207     206      49320
a     207     213      49320
a     207     201      49320
a     208     222       1185
a     208     209      49320
a     208     207      49320
a     208     214      49320
a     208     202      49320
a     209     237       1075
a     209     210      49320
a     209     208      49320
a     209     215      49320
a     209     203      49320
a     210     246        574
a     210     209      49320
a     210     216      49320
a     210     204      49320
a     211     218        536
a     211     212      49320
a     211     205      49320
a     212     217        941
a     212     213      49320
a     212     211      49320
a     212     206      49320
a     213     251       1156
a     213     214      49320
a     213     212      49320
a     213     207      49320
a     214     234       1244
a     214     215      49320
a     214     213      49320
a     214     208      49320
a     215     235        920
a     215     216      49320
a     215     214      49320
a     215     209      49320
a     216     226        272
a     216     215      49320
a     216     210      49320
a     217     256        898
a     217     218      49320
a     217     223      49320
a     218     285        882
a     218     219      49320
a     218     217      49320
a     218     224      49320
a     219     259       1047
a     219     220      49320
a     219     218      49320
a     219     225      49320
a     220     262       1231
a     220     221      49320
a     220     219      49320
a     220     226      49320
a     221     271        548
a     221     222      49320
a     221     220      49320
a     221     227      49320
a     222     282        380
a     222     221      49320
a     222     228      49320
a     223     287        633
a     223     224      49320
a     223     229      49320
a     223     217      49320
a     224     267        654
a     224     225      49320
a     224     223      49320
a     224     230      49320
a     224     218      49320
a     225     281        642
a     225     226      49320
a     225     224      49320
a     225     231      49320
a     225     219      49320
a     226     265        734
a     226     227      49320
a     226     225      49320
a     226     232      49320
a     226     220      49320
a     227     270        603
a     227     228      49320
a     227     226      49320
a     227     233      49320
a     227     221      49320
a     228     274       1064
a     228     227      49320
a     228     234      49320
a     228     222      49320
a     229     284        840
a     229     230      49320
a     229     235      49320
a     229     223      49320
a     230     261        599
a     230     231      49320
a     230     229      49320
a     230     236      49320
a     230     224      49320
a     231     273        686
a     231     232      49320
a     231     230      49320
a     231     237      49320
a     231     225      49320
a     232     263        691
a     232     233      49320
a     232     231      49320
a     232     238      49320
a     232     226      49320
a     233     254        494
a     233     234      49320
a     233     232      49320
a     233     239      49320
a     233     227      49320
a     234     276        893
a     234     233      49320
a     234     240      49320
a     234     228      49320
a     235     264        789
a     235     236      49320
a     235     241      49320
a     235     229      49320
a     236     288        677
a     236     237      49320
a     236     235      49320
a     236     242      49320
a     236     230      49320
a     237     255       1213
a     237     238      49320
a     237     236      49320
a     237     243      49320
a     237     231      49320
a     238     269        757
a     238     239      49320
a     238     237      49320
a     238     244      49320
a     238     232      49320
a     239     279        348
a     239     240      49320
a     239     238      49320
a     239     245      49320
a     239     233      49320
a     240     278        604
a     240     239      49320
a     240     246      49320
a     240     234      49320
a     241     280        546
a     241     242      49320
a     241     247      49320
a     241     235      49320
a     242     283        518
a     242     243      49320
a     242     241      49320
a     242     248      49320
a     242     236      49320
a     243     253        830
a     243     244      49320
a     243     242      49320
a     243     249      49320
a     243     237      49320
a     244     286       1084
a     244     245      49320
a     244     243      49320
a     244     250      49320
a     244     238      49320
a     245     266        443
a     245     246      49320
a     245     244      49320
a     245     251      49320
a     245     239      49320
a     246     268        363
a     246     245      49320
a     246     252      49320
a     246     240      49320
a     247     272        805
a     247     248      49320
a     247     241      49320
a     248     257       1079
a     248     249      49320
a     248     247      49320
a     248     242      49320
a     249     277        869
a     249     250      49320
a     249     248      49320
a     249     243      49320
a     250     258       1069
a     250     251      49320
a     250     249      49320
a     250     244      49320
a     251     260        915
a     251     252      49320
a     251     250      49320
a     251     245      49320
a     252     275       1205
a     252     251      49320
a     252     246      49320
a     253     300        905
a     253     254      49320
a     253     259      49320
a     254     319        429
a     254     255      49320
a     254     253      49320
a     254     260      49320
a     255     324        339
a     255     256      49320
a     255     254      49320
a     255     261      49320
a     256     308        434
a     256     257      49320
a     256     255      49320
a     256     262      49320
a     257     289        474
a     257     258      49320
a     257     256      49320
a     257     263      49320
a     258     303        263
a     258     257      49320
a     258     264      49320
a     259     311        813
a     259     260      49320
a     259     265      49320
a     259     253      49320
a     260     309       1267
a     260     261      49320
a     260     259      49320
a     260     266      49320
a     260     254      49320
a     261     292        251
a     261     262      49320
a     261     260      49320
a     261     267      49320
a     261     255      49320
a     262     312        947
a     262     263      49320
a     262     261      49320
a     262     268      49320
a     262     256      49320
a     263     296        966
a     263     264      49320
a     263     262      49320
a     263     269      49320
a     263     257      49320
a     264     304        964
a     264     263      49320
a     264     270      49320
a     264     258      49320
a     265     313        425
a     265     266      49320
a     265     271      49320
a     265     259      49320
a     266     310       1290
a     266     267      49320
a     266     265      49320
a     266     272      49320
a     266     260      49320
a     267     316        846
a     267     268      49320
a     267     266      49320
a     267     273      49320
a     267     261      49320
a     268     295       1170
a     268     269      49320
a     268     267      49320
a     268     274      49320
a     268     262      49320
a     269     298        900
a     269     270      49320
a     269     268      49320
a     269     275      49320
a     269     263      49320
a     270     307        342
a     270     269      49320
a     270     276      49320
a     270     264      49320
a     271     305       1251
a     271     272      49320
a     271     277      49320
a     271     265      49320
a     272     301        419
a     272     273      49320
a     272     271      49320
a     272     278      49320
a     272     266      49320
a     273     314        964
a     273     274      49320
a     273     272      49320
a     273     279      49320
a     273     267      49320
a     274     306        760
a     274     275      49320
a     274     273      49320
a     274     280      49320
a     274     268      49320
a     275     297        341
a     275     276      49320
a     275     274      49320
a     275     281      49320
a     275     269      49320
a     276     317        950
a     276     275      49320
a     276     282      49320
a     276     270      49320
a     277     290        479
a     277     278      49320
a     277     283      49320
a     277     271      49320
a     278     322        497
a     278     279      49320
a     278     277      49320
a     278     284      49320
a     278     272      49320
a     279     315        522
a     279     280      49320
a     279     278      49320
a     279     285      49320
a     279     273      49320
a     280     320       1112
a     280     281      49320
a     280     279      49320
a     280     286      49320
a     280     274      49320
a     281     318       1040
a     281     282      49320
a     281     280      49320
a     281     287      49320
a     281     275      49320
a     282     291       1300
a     282     281      49320
a     282     288      49320
a     282     276      49320
a     283     302       1091
a     283     284      49320
a     283     277      49320
a     284     294        866
a     284     285      49320
a     284     283      49320
a     284     278      49320
a     285     323       1190
a     285     286      49320
a     285     284      49320
a     285     279      49320
a     286     299        622
a     286     287      49320
a     286     285      49320
a     286     280      49320
a     287     321        522
a     287     288      49320
a     287     286      49320
a     287     281      49320
a     288     293        747
a     288     287      49320
a     288     282      49320
a     289     290      49320
a     289     295      49320
a     290     291      49320
a     290     289      49320
a     290     296      49320
a     291     292      49320
a     291     290      49320
a     291     297      49320
a     292     293      49320
a     292     291      49320
a     292     298      49320
a     293     294      49320
a     293     292      49320
a     293     299      49320
a     294     293      49320
a     294     300      49320
a     295     296      49320
a     295     301      49320
a     295     289      49320
a     296     297      49320
a     296     295      49320
a     296     302      49320
a     296     290      49320
a     297     298      49320
a     297     296      49320
a     297     303      49320
a     297     291      49320
a     298     299      49320
a     298     297      49320
a     298     304      49320
a     298     292      49320
a     299     300      49320
a     299     298      49320
a     299     305      49320
a     299     293      49320
a     300     299      49320
a     300     306      49320
a     300     294      49320
a     301     302      49320
a     301     307      49320
a     301     295      49320
a     302     303      49320
a     302     301      49320
a     302     308      49320
a     302     296      49320
a     303     304      49320
a     303     302      49320
a     303     309      49320
a     303     297      49320
a     304     305      49320
a     304     303      49320
a     304     310      49320
a     304     298      49320
a     305     306      49320
a     305     304      49320
a     305     311      49320
a     305     299      49320
a     306     305      49320
a     306     312      49320
a     306     300      49320
a     307     308      49320
a     307     313      49320
a     307     301      49320
a     308     309      49320
a     308     307      49320
a     308     314      49320
a     308     302      49320
a     309     310      49320
a     309     308      49320
a     309     315      49320
a     309     303      49320
a     310     311      49320
a     310     309      49320
a     310     316      49320
a     310     304      49320
a     311     312      49320
a     311     310      49320
a     311     317      49320
a     311     305      49320
a     312     311      49320
a     312     318      49320
a     312     306      49320
a     313     314      49320
a     313     319      49320
a     313     307      49320
a     314     315      49320
a     314     313      49320
a     314     320      49320
a     314     308      49320
a     315     316      49320
a     315     314      49320
a     315     321      49320
a     315     309      49320
a     316     317      49320
a     316     315      49320
a     316     322      49320
a     316     310      49320
a     317     318      49320
a     317     316      49320
a     317     323      49320
a     317     311      49320
a     318     317      49320
a     318     324      49320
a     318     312      49320
a     319     320      49320
a     319     313      49320
a     320     321      49320
a     320     319      49320
a     320     314      49320
a     321     322      49320
a     321     320      49320
a     321     315      49320
a     322     323      49320
a     322     321      49320
a     322     316      49320
a     323     324      49320
a     323     322      49320
a     323     317      49320
a     324     323      49320
a     324     318      49320
