c This file was generated by genrmf.
c The parameters are: a: 8 b: 11 c1: 121 c2: 726 seed: 1666103673
p max     704       3104
n       1 s
n     704 t
a       1      71        179
a       1       2      46464
a       1       9      46464
a       2      77        361
a       2       3      46464
a       2       1      46464
a       2      10      46464
a       3      76        200
a       3       4      46464
a       3       2      46464
a       3      11      46464
a       4     117        209
a       4       5      46464
a       4       3      46464
a       4      12      46464
a       5     116        661
a       5       6      46464
a       5       4      46464
a       5      13      46464
a       6     106        306
a       6       7      46464
a       6       5      46464
a       6      14      46464
a       7      98        311
a       7       8      46464
a       7       6      46464
a       7      15      46464
a       8      73        555
a       8       7      46464
a       8      16      46464
a       9     118        331
a       9      10      46464
a       9      17      46464
a       9       1      46464
a      10      92        539
a      10      11      46464
a      10       9      46464
a      10      18      46464
a      10       2      46464
a      11      72        701
a      11      12      46464
a      11      10      46464
a      11      19      46464
a      11       3      46464
a      12      95        606
a      12      13      46464
a      12      11      46464
a      12      20      46464
a      12       4      46464
a      13      74        466
a      13      14      46464
a      13      12      46464
a      13      21      46464
a      13       5      46464
a      14     119        714
a      14      15      46464
a      14      13      46464
a      14      22      46464
a      14       6      46464
a      15     122        145
a      15      16      46464
a      15      14      46464
a      15      23      46464
a      15       7      46464
a      16      81        714
a      16      15      46464
a      16      24      46464
a      16       8      46464
a      17      67        160
a      17      18      46464
a      17      25      46464
a      17       9      46464
a      18     124        566
a      18      19      46464
a      18      17      46464
a      18      26      46464
a      18      10      46464
a      19     105        471
a      19      20      46464
a      19      18      46464
a      19      27      46464
a      19      11      46464
a      20      66        721
a      20      21      46464
a      20      19      46464
a      20      28      46464
a      20      12      46464
a      21      90        166
a      21      22      46464
a      21      20      46464
a      21      29      46464
a      21      13      46464
a      22     109        502
a      22      23      46464
a      22      21      46464
a      22      30      46464
a      22      14      46464
a      23     107        518
a      23      24      46464
a      23      22      46464
a      23      31      46464
a      23      15      46464
a      24      84        679
a      24      23      46464
a      24      32      46464
a      24      16      46464
a      25     128        683
a      25      26      46464
a      25      33      46464
a      25      17      46464
a      26     115        603
a      26      27      46464
a      26      25      46464
a      26      34      46464
a      26      18      46464
a      27      70        323
a      27      28      46464
a      27      26      46464
a      27      35      46464
a      27      19      46464
a      28      97        185
a      28      29      46464
a      28      27      46464
a      28      36      46464
a      28      20      46464
a      29      78        194
a      29      30      46464
a      29      28      46464
a      29      37      46464
a      29      21      46464
a      30     100        505
a      30      31      46464
a      30      29      46464
a      30      38      46464
a      30      22      46464
a      31      83        327
a      31      32      46464
a      31      30      46464
a      31      39      46464
a      31      23      46464
a      32      79        274
a      32      31      46464
a      32      40      46464
a      32      24      46464
a      33      69        230
a      33      34      46464
a      33      41      46464
a      33      25      46464
a      34     103        290
a      34      35      46464
a      34      33      46464
a      34      42      46464
a      34      26      46464
a      35      80        565
a      35      36      46464
a      35      34      46464
a      35      43      46464
a      35      27      46464
a      36      86        576
a      36      37      46464
a      36      35      46464
a      36      44      46464
a      36      28      46464
a      37     102        722
a      37      38      46464
a      37      36      46464
a      37      45      46464
a      37      29      46464
a      38     125        471
a      38      39      46464
a      38      37      46464
a      38      46      46464
a      38      30      46464
a      39     111        410
a      39      40      46464
a      39      38      46464
a      39      47      46464
a      39      31      46464
a      40      68        613
a      40      39      46464
a      40      48      46464
a      40      32      46464
a      41      82        281
a      41      42      46464
a      41      49      46464
a      41      33      46464
a      42      91        151
a      42      43      46464
a      42      41      46464
a      42      50      46464
a      42      34      46464
a      43     123        263
a      43      44      46464
a      43      42      46464
a      43      51      46464
a      43      35      46464
a      44     121        423
a      44      45      46464
a      44      43      46464
a      44      52      46464
a      44      36      46464
a      45     110        661
a      45      46      46464
a      45      44      46464
a      45      53      46464
a      45      37      46464
a      46      87        479
a      46      47      46464
a      46      45      46464
a      46      54      46464
a      46      38      46464
a      47     104        380
a      47      48      46464
a      47      46      46464
a      47      55      46464
a      47      39      46464
a      48      89        253
a      48      47      46464
a      48      56      46464
a      48      40      46464
a      49      75        278
a      49      50      46464
a      49      57      46464
a      49      41      46464
a      50     120        470
a      50      51      46464
a      50      49      46464
a      50      58      46464
a      50      42      46464
a      51     113        693
a      51      52      46464
a      51      50      46464
a      51      59      46464
a      51      43      46464
a      52      85        339
a      52      53      46464
a      52      51      46464
a      52      60      46464
a      52      44      46464
a      53     108        398
a      53      54      46464
a      53      52      46464
a      53      61      46464
a      53      45      46464
a      54      96        702
a      54      55      46464
a      54      53      46464
a      54      62      46464
a      54      46      46464
a      55     112        423
a      55      56      46464
a      55      54      46464
a      55      63      46464
a      55      47      46464
a      56     126        622
a      56      55      46464
a      56      64      46464
a      56      48      46464
a      57     101        592
a      57      58      46464
a      57      49      46464
a      58      88        485
a      58      59      46464
a      58      57      46464
a      58      50      46464
a      59     127        718
a      59      60      46464
a      59      58      46464
a      59      51      46464
a      60      94        358
a      60      61      46464
a      60      59      46464
a      60      52      46464
a      61     114        688
a      61      62      46464
a      61      60      46464
a      61      53      46464
a      62      65        374
a      62      63      46464
a      62      61      46464
a      62      54      46464
a      63      99        579
a      63      64      46464
a      63      62      46464
a      63      55      46464
a      64      93        516
a      64      63      46464
a      64      56      46464
a      65     162        419
a      65      66      46464
a      65      73      46464
a      66     159        558
a      66      67      46464
a      66      65      46464
a      66      74      46464
a      67     145        247
a      67      68      46464
a      67      66      46464
a      67      75      46464
a      68     151        652
a      68      69      46464
a      68      67      46464
a      68      76      46464
a      69     144        140
a      69      70      46464
a      69      68      46464
a      69      77      46464
a      70     152        516
a      70      71      46464
a      70      69      46464
a      70      78      46464
a      71     149        211
a      71      72      46464
a      71      70      46464
a      71      79      46464
a      72     136        560
a      72      71      46464
a      72      80      46464
a      73     142        143
a      73      74      46464
a      73      81      46464
a      73      65      46464
a      74     187        211
a      74      75      46464
a      74      73      46464
a      74      82      46464
a      74      66      46464
a      75     192        228
a      75      76      46464
a      75      74      46464
a      75      83      46464
a      75      67      46464
a      76     153        551
a      76      77      46464
a      76      75      46464
a      76      84      46464
a      76      68      46464
a      77     177        140
a      77      78      46464
a      77      76      46464
a      77      85      46464
a      77      69      46464
a      78     174        490
a      78      79      46464
a      78      77      46464
a      78      86      46464
a      78      70      46464
a      79     135        261
a      79      80      46464
a      79      78      46464
a      79      87      46464
a      79      71      46464
a      80     182        586
a      80      79      46464
a      80      88      46464
a      80      72      46464
a      81     172        233
a      81      82      46464
a      81      89      46464
a      81      73      46464
a      82     137        187
a      82      83      46464
a      82      81      46464
a      82      90      46464
a      82      74      46464
a      83     185        137
a      83      84      46464
a      83      82      46464
a      83      91      46464
a      83      75      46464
a      84     168        482
a      84      85      46464
a      84      83      46464
a      84      92      46464
a      84      76      46464
a      85     134        480
a      85      86      46464
a      85      84      46464
a      85      93      46464
a      85      77      46464
a      86     129        249
a      86      87      46464
a      86      85      46464
a      86      94      46464
a      86      78      46464
a      87     132        652
a      87      88      46464
a      87      86      46464
a      87      95      46464
a      87      79      46464
a      88     133        676
a      88      87      46464
a      88      96      46464
a      88      80      46464
a      89     157        410
a      89      90      46464
a      89      97      46464
a      89      81      46464
a      90     166        176
a      90      91      46464
a      90      89      46464
a      90      98      46464
a      90      82      46464
a      91     179        202
a      91      92      46464
a      91      90      46464
a      91      99      46464
a      91      83      46464
a      92     155        606
a      92      93      46464
a      92      91      46464
a      92     100      46464
a      92      84      46464
a      93     161        539
a      93      94      46464
a      93      92      46464
a      93     101      46464
a      93      85      46464
a      94     165        456
a      94      95      46464
a      94      93      46464
a      94     102      46464
a      94      86      46464
a      95     167        321
a      95      96      46464
a      95      94      46464
a      95     103      46464
a      95      87      46464
a      96     176        598
a      96      95      46464
a      96     104      46464
a      96      88      46464
a      97     154        262
a      97      98      46464
a      97     105      46464
a      97      89      46464
a      98     163        372
a      98      99      46464
a      98      97      46464
a      98     106      46464
a      98      90      46464
a      99     130        250
a      99     100      46464
a      99      98      46464
a      99     107      46464
a      99      91      46464
a     100     175        239
a     100     101      46464
a     100      99      46464
a     100     108      46464
a     100      92      46464
a     101     164        689
a     101     102      46464
a     101     100      46464
a     101     109      46464
a     101      93      46464
a     102     181        154
a     102     103      46464
a     102     101      46464
a     102     110      46464
a     102      94      46464
a     103     158        583
a     103     104      46464
a     103     102      46464
a     103     111      46464
a     103      95      46464
a     104     148        571
a     104     103      46464
a     104     112      46464
a     104      96      46464
a     105     170        420
a     105     106      46464
a     105     113      46464
a     105      97      46464
a     106     171        714
a     106     107      46464
a     106     105      46464
a     106     114      46464
a     106      98      46464
a     107     147        288
a     107     108      46464
a     107     106      46464
a     107     115      46464
a     107      99      46464
a     108     173        418
a     108     109      46464
a     108     107      46464
a     108     116      46464
a     108     100      46464
a     109     184        181
a     109     110      46464
a     109     108      46464
a     109     117      46464
a     109     101      46464
a     110     190        498
a     110     111      46464
a     110     109      46464
a     110     118      46464
a     110     102      46464
a     111     156        351
a     111     112      46464
a     111     110      46464
a     111     119      46464
a     111     103      46464
a     112     189        580
a     112     111      46464
a     112     120      46464
a     112     104      46464
a     113     191        623
a     113     114      46464
a     113     121      46464
a     113     105      46464
a     114     160        476
a     114     115      46464
a     114     113      46464
a     114     122      46464
a     114     106      46464
a     115     143        375
a     115     116      46464
a     115     114      46464
a     115     123      46464
a     115     107      46464
a     116     140        570
a     116     117      46464
a     116     115      46464
a     116     124      46464
a     116     108      46464
a     117     180        324
a     117     118      46464
a     117     116      46464
a     117     125      46464
a     117     109      46464
a     118     138        191
a     118     119      46464
a     118     117      46464
a     118     126      46464
a     118     110      46464
a     119     186        438
a     119     120      46464
a     119     118      46464
a     119     127      46464
a     119     111      46464
a     120     139        133
a     120     119      46464
a     120     128      46464
a     120     112      46464
a     121     188        557
a     121     122      46464
a     121     113      46464
a     122     169        379
a     122     123      46464
a     122     121      46464
a     122     114      46464
a     123     178        203
a     123     124      46464
a     123     122      46464
a     123     115      46464
a     124     131        338
a     124     125      46464
a     124     123      46464
a     124     116      46464
a     125     141        590
a     125     126      46464
a     125     124      46464
a     125     117      46464
a     126     150        605
a     126     127      46464
a     126     125      46464
a     126     118      46464
a     127     183        392
a     127     128      46464
a     127     126      46464
a     127     119      46464
a     128     146        522
a     128     127      46464
a     128     120      46464
a     129     211        574
a     129     130      46464
a     129     137      46464
a     130     202        195
a     130     131      46464
a     130     129      46464
a     130     138      46464
a     131     234        238
a     131     132      46464
a     131     130      46464
a     131     139      46464
a     132     197        199
a     132     133      46464
a     132     131      46464
a     132     140      46464
a     133     243        484
a     133     134      46464
a     133     132      46464
a     133     141      46464
a     134     233        446
a     134     135      46464
a     134     133      46464
a     134     142      46464
a     135     219        571
a     135     136      46464
a     135     134      46464
a     135     143      46464
a     136     210        512
a     136     135      46464
a     136     144      46464
a     137     253        229
a     137     138      46464
a     137     145      46464
a     137     129      46464
a     138     217        722
a     138     139      46464
a     138     137      46464
a     138     146      46464
a     138     130      46464
a     139     224        279
a     139     140      46464
a     139     138      46464
a     139     147      46464
a     139     131      46464
a     140     193        300
a     140     141      46464
a     140     139      46464
a     140     148      46464
a     140     132      46464
a     141     198        578
a     141     142      46464
a     141     140      46464
a     141     149      46464
a     141     133      46464
a     142     229        469
a     142     143      46464
a     142     141      46464
a     142     150      46464
a     142     134      46464
a     143     196        480
a     143     144      46464
a     143     142      46464
a     143     151      46464
a     143     135      46464
a     144     227        340
a     144     143      46464
a     144     152      46464
a     144     136      46464
a     145     247        162
a     145     146      46464
a     145     153      46464
a     145     137      46464
a     146     239        464
a     146     147      46464
a     146     145      46464
a     146     154      46464
a     146     138      46464
a     147     252        175
a     147     148      46464
a     147     146      46464
a     147     155      46464
a     147     139      46464
a     148     238        581
a     148     149      46464
a     148     147      46464
a     148     156      46464
a     148     140      46464
a     149     248        630
a     149     150      46464
a     149     148      46464
a     149     157      46464
a     149     141      46464
a     150     218        605
a     150     151      46464
a     150     149      46464
a     150     158      46464
a     150     142      46464
a     151     237        380
a     151     152      46464
a     151     150      46464
a     151     159      46464
a     151     143      46464
a     152     256        432
a     152     151      46464
a     152     160      46464
a     152     144      46464
a     153     215        256
a     153     154      46464
a     153     161      46464
a     153     145      46464
a     154     249        632
a     154     155      46464
a     154     153      46464
a     154     162      46464
a     154     146      46464
a     155     203        568
a     155     156      46464
a     155     154      46464
a     155     163      46464
a     155     147      46464
a     156     230        655
a     156     157      46464
a     156     155      46464
a     156     164      46464
a     156     148      46464
a     157     214        397
a     157     158      46464
a     157     156      46464
a     157     165      46464
a     157     149      46464
a     158     209        640
a     158     159      46464
a     158     157      46464
a     158     166      46464
a     158     150      46464
a     159     199        176
a     159     160      46464
a     159     158      46464
a     159     167      46464
a     159     151      46464
a     160     213        421
a     160     159      46464
a     160     168      46464
a     160     152      46464
a     161     223        240
a     161     162      46464
a     161     169      46464
a     161     153      46464
a     162     244        682
a     162     163      46464
a     162     161      46464
a     162     170      46464
a     162     154      46464
a     163     255        589
a     163     164      46464
a     163     162      46464
a     163     171      46464
a     163     155      46464
a     164     231        133
a     164     165      46464
a     164     163      46464
a     164     172      46464
a     164     156      46464
a     165     250        320
a     165     166      46464
a     165     164      46464
a     165     173      46464
a     165     157      46464
a     166     194        675
a     166     167      46464
a     166     165      46464
a     166     174      46464
a     166     158      46464
a     167     246        622
a     167     168      46464
a     167     166      46464
a     167     175      46464
a     167     159      46464
a     168     207        129
a     168     167      46464
a     168     176      46464
a     168     160      46464
a     169     221        424
a     169     170      46464
a     169     177      46464
a     169     161      46464
a     170     195        386
a     170     171      46464
a     170     169      46464
a     170     178      46464
a     170     162      46464
a     171     225        419
a     171     172      46464
a     171     170      46464
a     171     179      46464
a     171     163      46464
a     172     241        655
a     172     173      46464
a     172     171      46464
a     172     180      46464
a     172     164      46464
a     173     222        255
a     173     174      46464
a     173     172      46464
a     173     181      46464
a     173     165      46464
a     174     236        267
a     174     175      46464
a     174     173      46464
a     174     182      46464
a     174     166      46464
a     175     242        570
a     175     176      46464
a     175     174      46464
a     175     183      46464
a     175     167      46464
a     176     251        330
a     176     175      46464
a     176     184      46464
a     176     168      46464
a     177     216        654
a     177     178      46464
a     177     185      46464
a     177     169      46464
a     178     204        365
a     178     179      46464
a     178     177      46464
a     178     186      46464
a     178     170      46464
a     179     240        609
a     179     180      46464
a     179     178      46464
a     179     187      46464
a     179     171      46464
a     180     254        660
a     180     181      46464
a     180     179      46464
a     180     188      46464
a     180     172      46464
a     181     205        533
a     181     182      46464
a     181     180      46464
a     181     189      46464
a     181     173      46464
a     182     200        580
a     182     183      46464
a     182     181      46464
a     182     190      46464
a     182     174      46464
a     183     206        123
a     183     184      46464
a     183     182      46464
a     183     191      46464
a     183     175      46464
a     184     212        425
a     184     183      46464
a     184     192      46464
a     184     176      46464
a     185     220        196
a     185     186      46464
a     185     177      46464
a     186     208        254
a     186     187      46464
a     186     185      46464
a     186     178      46464
a     187     226        212
a     187     188      46464
a     187     186      46464
a     187     179      46464
a     188     228        364
a     188     189      46464
a     188     187      46464
a     188     180      46464
a     189     245        350
a     189     190      46464
a     189     188      46464
a     189     181      46464
a     190     232        341
a     190     191      46464
a     190     189      46464
a     190     182      46464
a     191     201        470
a     191     192      46464
a     191     190      46464
a     191     183      46464
a     192     235        333
a     192     191      46464
a     192     184      46464
a     193     308        155
a     193     194      46464
a     193     201      46464
a     194     320        474
a     194     195      46464
a     194     193      46464
a     194     202      46464
a     195     261        618
a     195     196      46464
a     195     194      46464
a     195     203      46464
a     196     280        623
a     196     197      46464
a     196     195      46464
a     196     204      46464
a     197     269        508
a     197     198      46464
a     197     196      46464
a     197     205      46464
a     198     306        579
a     198     199      46464
a     198     197      46464
a     198     206      46464
a     199     302        453
a     199     200      46464
a     199     198      46464
a     199     207      46464
a     200     293        585
a     200     199      46464
a     200     208      46464
a     201     300        479
a     201     202      46464
a     201     209      46464
a     201     193      46464
a     202     277        591
a     202     203      46464
a     202     201      46464
a     202     210      46464
a     202     194      46464
a     203     298        647
a     203     204      46464
a     203     202      46464
a     203     211      46464
a     203     195      46464
a     204     292        213
a     204     205      46464
a     204     203      46464
a     204     212      46464
a     204     196      46464
a     205     278        215
a     205     206      46464
a     205     204      46464
a     205     213      46464
a     205     197      46464
a     206     315        616
a     206     207      46464
a     206     205      46464
a     206     214      46464
a     206     198      46464
a     207     283        576
a     207     208      46464
a     207     206      46464
a     207     215      46464
a     207     199      46464
a     208     276        193
a     208     207      46464
a     208     216      46464
a     208     200      46464
a     209     310        353
a     209     210      46464
a     209     217      46464
a     209     201      46464
a     210     305        476
a     210     211      46464
a     210     209      46464
a     210     218      46464
a     210     202      46464
a     211     316        468
a     211     212      46464
a     211     210      46464
a     211     219      46464
a     211     203      46464
a     212     286        555
a     212     213      46464
a     212     211      46464
a     212     220      46464
a     212     204      46464
a     213     282        653
a     213     214      46464
a     213     212      46464
a     213     221      46464
a     213     205      46464
a     214     312        290
a     214     215      46464
a     214     213      46464
a     214     222      46464
a     214     206      46464
a     215     267        201
a     215     216      46464
a     215     214      46464
a     215     223      46464
a     215     207      46464
a     216     291        335
a     216     215      46464
a     216     224      46464
a     216     208      46464
a     217     285        347
a     217     218      46464
a     217     225      46464
a     217     209      46464
a     218     266        341
a     218     219      46464
a     218     217      46464
a     218     226      46464
a     218     210      46464
a     219     257        389
a     219     220      46464
a     219     218      46464
a     219     227      46464
a     219     211      46464
a     220     290        320
a     220     221      46464
a     220     219      46464
a     220     228      46464
a     220     212      46464
a     221     275        564
a     221     222      46464
a     221     220      46464
a     221     229      46464
a     221     213      46464
a     222     268        445
a     222     223      46464
a     222     221      46464
a     222     230      46464
a     222     214      46464
a     223     294        318
a     223     224      46464
a     223     222      46464
a     223     231      46464
a     223     215      46464
a     224     297        364
a     224     223      46464
a     224     232      46464
a     224     216      46464
a     225     299        366
a     225     226      46464
a     225     233      46464
a     225     217      46464
a     226     264        262
a     226     227      46464
a     226     225      46464
a     226     234      46464
a     226     218      46464
a     227     319        473
a     227     228      46464
a     227     226      46464
a     227     235      46464
a     227     219      46464
a     228     314        418
a     228     229      46464
a     228     227      46464
a     228     236      46464
a     228     220      46464
a     229     301        359
a     229     230      46464
a     229     228      46464
a     229     237      46464
a     229     221      46464
a     230     272        643
a     230     231      46464
a     230     229      46464
a     230     238      46464
a     230     222      46464
a     231     317        401
a     231     232      46464
a     231     230      46464
a     231     239      46464
a     231     223      46464
a     232     311        184
a     232     231      46464
a     232     240      46464
a     232     224      46464
a     233     270        320
a     233     234      46464
a     233     241      46464
a     233     225      46464
a     234     295        289
a     234     235      46464
a     234     233      46464
a     234     242      46464
a     234     226      46464
a     235     296        274
a     235     236      46464
a     235     234      46464
a     235     243      46464
a     235     227      46464
a     236     313        440
a     236     237      46464
a     236     235      46464
a     236     244      46464
a     236     228      46464
a     237     260        575
a     237     238      46464
a     237     236      46464
a     237     245      46464
a     237     229      46464
a     238     279        235
a     238     239      46464
a     238     237      46464
a     238     246      46464
a     238     230      46464
a     239     303        193
a     239     240      46464
a     239     238      46464
a     239     247      46464
a     239     231      46464
a     240     271        427
a     240     239      46464
a     240     248      46464
a     240     232      46464
a     241     287        572
a     241     242      46464
a     241     249      46464
a     241     233      46464
a     242     288        460
a     242     243      46464
a     242     241      46464
a     242     250      46464
a     242     234      46464
a     243     289        567
a     243     244      46464
a     243     242      46464
a     243     251      46464
a     243     235      46464
a     244     265        485
a     244     245      46464
a     244     243      46464
a     244     252      46464
a     244     236      46464
a     245     281        639
a     245     246      46464
a     245     244      46464
a     245     253      46464
a     245     237      46464
a     246     259        440
a     246     247      46464
a     246     245      46464
a     246     254      46464
a     246     238      46464
a     247     274        546
a     247     248      46464
a     247     246      46464
a     247     255      46464
a     247     239      46464
a     248     273        432
a     248     247      46464
a     248     256      46464
a     248     240      46464
a     249     318        632
a     249     250      46464
a     249     241      46464
a     250     307        538
a     250     251      46464
a     250     249      46464
a     250     242      46464
a     251     304        161
a     251     252      46464
a     251     250      46464
a     251     243      46464
a     252     284        720
a     252     253      46464
a     252     251      46464
a     252     244      46464
a     253     263        267
a     253     254      46464
a     253     252      46464
a     253     245      46464
a     254     258        340
a     254     255      46464
a     254     253      46464
a     254     246      46464
a     255     262        313
a     255     256      46464
a     255     254      46464
a     255     247      46464
a     256     309        687
a     256     255      46464
a     256     248      46464
a     257     367        244
a     257     258      46464
a     257     265      46464
a     258     338        340
a     258     259      46464
a     258     257      46464
a     258     266      46464
a     259     372        277
a     259     260      46464
a     259     258      46464
a     259     267      46464
a     260     328        722
a     260     261      46464
a     260     259      46464
a     260     268      46464
a     261     374        481
a     261     262      46464
a     261     260      46464
a     261     269      46464
a     262     351        432
a     262     263      46464
a     262     261      46464
a     262     270      46464
a     263     383        457
a     263     264      46464
a     263     262      46464
a     263     271      46464
a     264     350        325
a     264     263      46464
a     264     272      46464
a     265     361        272
a     265     266      46464
a     265     273      46464
a     265     257      46464
a     266     357        419
a     266     267      46464
a     266     265      46464
a     266     274      46464
a     266     258      46464
a     267     368        541
a     267     268      46464
a     267     266      46464
a     267     275      46464
a     267     259      46464
a     268     375        725
a     268     269      46464
a     268     267      46464
a     268     276      46464
a     268     260      46464
a     269     362        502
a     269     270      46464
a     269     268      46464
a     269     277      46464
a     269     261      46464
a     270     359        310
a     270     271      46464
a     270     269      46464
a     270     278      46464
a     270     262      46464
a     271     349        591
a     271     272      46464
a     271     270      46464
a     271     279      46464
a     271     263      46464
a     272     358        156
a     272     271      46464
a     272     280      46464
a     272     264      46464
a     273     324        690
a     273     274      46464
a     273     281      46464
a     273     265      46464
a     274     363        163
a     274     275      46464
a     274     273      46464
a     274     282      46464
a     274     266      46464
a     275     323        244
a     275     276      46464
a     275     274      46464
a     275     283      46464
a     275     267      46464
a     276     331        517
a     276     277      46464
a     276     275      46464
a     276     284      46464
a     276     268      46464
a     277     360        299
a     277     278      46464
a     277     276      46464
a     277     285      46464
a     277     269      46464
a     278     380        264
a     278     279      46464
a     278     277      46464
a     278     286      46464
a     278     270      46464
a     279     356        415
a     279     280      46464
a     279     278      46464
a     279     287      46464
a     279     271      46464
a     280     370        662
a     280     279      46464
a     280     288      46464
a     280     272      46464
a     281     335        456
a     281     282      46464
a     281     289      46464
a     281     273      46464
a     282     364        374
a     282     283      46464
a     282     281      46464
a     282     290      46464
a     282     274      46464
a     283     332        484
a     283     284      46464
a     283     282      46464
a     283     291      46464
a     283     275      46464
a     284     344        399
a     284     285      46464
a     284     283      46464
a     284     292      46464
a     284     276      46464
a     285     378        559
a     285     286      46464
a     285     284      46464
a     285     293      46464
a     285     277      46464
a     286     340        159
a     286     287      46464
a     286     285      46464
a     286     294      46464
a     286     278      46464
a     287     347        361
a     287     288      46464
a     287     286      46464
a     287     295      46464
a     287     279      46464
a     288     322        125
a     288     287      46464
a     288     296      46464
a     288     280      46464
a     289     369        377
a     289     290      46464
a     289     297      46464
a     289     281      46464
a     290     345        214
a     290     291      46464
a     290     289      46464
a     290     298      46464
a     290     282      46464
a     291     376        325
a     291     292      46464
a     291     290      46464
a     291     299      46464
a     291     283      46464
a     292     366        596
a     292     293      46464
a     292     291      46464
a     292     300      46464
a     292     284      46464
a     293     334        482
a     293     294      46464
a     293     292      46464
a     293     301      46464
a     293     285      46464
a     294     326        599
a     294     295      46464
a     294     293      46464
a     294     302      46464
a     294     286      46464
a     295     354        255
a     295     296      46464
a     295     294      46464
a     295     303      46464
a     295     287      46464
a     296     348        597
a     296     295      46464
a     296     304      46464
a     296     288      46464
a     297     384        651
a     297     298      46464
a     297     305      46464
a     297     289      46464
a     298     377        433
a     298     299      46464
a     298     297      46464
a     298     306      46464
a     298     290      46464
a     299     330        576
a     299     300      46464
a     299     298      46464
a     299     307      46464
a     299     291      46464
a     300     325        281
a     300     301      46464
a     300     299      46464
a     300     308      46464
a     300     292      46464
a     301     382        440
a     301     302      46464
a     301     300      46464
a     301     309      46464
a     301     293      46464
a     302     339        690
a     302     303      46464
a     302     301      46464
a     302     310      46464
a     302     294      46464
a     303     321        415
a     303     304      46464
a     303     302      46464
a     303     311      46464
a     303     295      46464
a     304     371        358
a     304     303      46464
a     304     312      46464
a     304     296      46464
a     305     329        624
a     305     306      46464
a     305     313      46464
a     305     297      46464
a     306     381        696
a     306     307      46464
a     306     305      46464
a     306     314      46464
a     306     298      46464
a     307     343        201
a     307     308      46464
a     307     306      46464
a     307     315      46464
a     307     299      46464
a     308     346        447
a     308     309      46464
a     308     307      46464
a     308     316      46464
a     308     300      46464
a     309     327        656
a     309     310      46464
a     309     308      46464
a     309     317      46464
a     309     301      46464
a     310     373        162
a     310     311      46464
a     310     309      46464
a     310     318      46464
a     310     302      46464
a     311     355        176
a     311     312      46464
a     311     310      46464
a     311     319      46464
a     311     303      46464
a     312     352        458
a     312     311      46464
a     312     320      46464
a     312     304      46464
a     313     336        561
a     313     314      46464
a     313     305      46464
a     314     341        264
a     314     315      46464
a     314     313      46464
a     314     306      46464
a     315     379        508
a     315     316      46464
a     315     314      46464
a     315     307      46464
a     316     365        680
a     316     317      46464
a     316     315      46464
a     316     308      46464
a     317     337        285
a     317     318      46464
a     317     316      46464
a     317     309      46464
a     318     353        369
a     318     319      46464
a     318     317      46464
a     318     310      46464
a     319     333        389
a     319     320      46464
a     319     318      46464
a     319     311      46464
a     320     342        592
a     320     319      46464
a     320     312      46464
a     321     391        305
a     321     322      46464
a     321     329      46464
a     322     419        207
a     322     323      46464
a     322     321      46464
a     322     330      46464
a     323     403        335
a     323     324      46464
a     323     322      46464
a     323     331      46464
a     324     440        202
a     324     325      46464
a     324     323      46464
a     324     332      46464
a     325     406        496
a     325     326      46464
a     325     324      46464
a     325     333      46464
a     326     400        506
a     326     327      46464
a     326     325      46464
a     326     334      46464
a     327     415        564
a     327     328      46464
a     327     326      46464
a     327     335      46464
a     328     425        572
a     328     327      46464
a     328     336      46464
a     329     417        553
a     329     330      46464
a     329     337      46464
a     329     321      46464
a     330     441        533
a     330     331      46464
a     330     329      46464
a     330     338      46464
a     330     322      46464
a     331     422        705
a     331     332      46464
a     331     330      46464
a     331     339      46464
a     331     323      46464
a     332     396        393
a     332     333      46464
a     332     331      46464
a     332     340      46464
a     332     324      46464
a     333     416        377
a     333     334      46464
a     333     332      46464
a     333     341      46464
a     333     325      46464
a     334     439        345
a     334     335      46464
a     334     333      46464
a     334     342      46464
a     334     326      46464
a     335     398        529
a     335     336      46464
a     335     334      46464
a     335     343      46464
a     335     327      46464
a     336     394        386
a     336     335      46464
a     336     344      46464
a     336     328      46464
a     337     408        318
a     337     338      46464
a     337     345      46464
a     337     329      46464
a     338     443        713
a     338     339      46464
a     338     337      46464
a     338     346      46464
a     338     330      46464
a     339     404        341
a     339     340      46464
a     339     338      46464
a     339     347      46464
a     339     331      46464
a     340     423        319
a     340     341      46464
a     340     339      46464
a     340     348      46464
a     340     332      46464
a     341     429        678
a     341     342      46464
a     341     340      46464
a     341     349      46464
a     341     333      46464
a     342     407        272
a     342     343      46464
a     342     341      46464
a     342     350      46464
a     342     334      46464
a     343     444        427
a     343     344      46464
a     343     342      46464
a     343     351      46464
a     343     335      46464
a     344     397        370
a     344     343      46464
a     344     352      46464
a     344     336      46464
a     345     409        308
a     345     346      46464
a     345     353      46464
a     345     337      46464
a     346     387        451
a     346     347      46464
a     346     345      46464
a     346     354      46464
a     346     338      46464
a     347     442        213
a     347     348      46464
a     347     346      46464
a     347     355      46464
a     347     339      46464
a     348     399        699
a     348     349      46464
a     348     347      46464
a     348     356      46464
a     348     340      46464
a     349     427        418
a     349     350      46464
a     349     348      46464
a     349     357      46464
a     349     341      46464
a     350     410        561
a     350     351      46464
a     350     349      46464
a     350     358      46464
a     350     342      46464
a     351     431        632
a     351     352      46464
a     351     350      46464
a     351     359      46464
a     351     343      46464
a     352     437        301
a     352     351      46464
a     352     360      46464
a     352     344      46464
a     353     414        221
a     353     354      46464
a     353     361      46464
a     353     345      46464
a     354     428        366
a     354     355      46464
a     354     353      46464
a     354     362      46464
a     354     346      46464
a     355     438        155
a     355     356      46464
a     355     354      46464
a     355     363      46464
a     355     347      46464
a     356     447        126
a     356     357      46464
a     356     355      46464
a     356     364      46464
a     356     348      46464
a     357     401        183
a     357     358      46464
a     357     356      46464
a     357     365      46464
a     357     349      46464
a     358     432        380
a     358     359      46464
a     358     357      46464
a     358     366      46464
a     358     350      46464
a     359     418        333
a     359     360      46464
a     359     358      46464
a     359     367      46464
a     359     351      46464
a     360     395        314
a     360     359      46464
a     360     368      46464
a     360     352      46464
a     361     436        523
a     361     362      46464
a     361     369      46464
a     361     353      46464
a     362     426        324
a     362     363      46464
a     362     361      46464
a     362     370      46464
a     362     354      46464
a     363     392        481
a     363     364      46464
a     363     362      46464
a     363     371      46464
a     363     355      46464
a     364     402        126
a     364     365      46464
a     364     363      46464
a     364     372      46464
a     364     356      46464
a     365     445        222
a     365     366      46464
a     365     364      46464
a     365     373      46464
a     365     357      46464
a     366     389        236
a     366     367      46464
a     366     365      46464
a     366     374      46464
a     366     358      46464
a     367     405        478
a     367     368      46464
a     367     366      46464
a     367     375      46464
a     367     359      46464
a     368     386        326
a     368     367      46464
a     368     376      46464
a     368     360      46464
a     369     430        325
a     369     370      46464
a     369     377      46464
a     369     361      46464
a     370     411        312
a     370     371      46464
a     370     369      46464
a     370     378      46464
a     370     362      46464
a     371     420        639
a     371     372      46464
a     371     370      46464
a     371     379      46464
a     371     363      46464
a     372     413        589
a     372     373      46464
a     372     371      46464
a     372     380      46464
a     372     364      46464
a     373     433        173
a     373     374      46464
a     373     372      46464
a     373     381      46464
a     373     365      46464
a     374     434        313
a     374     375      46464
a     374     373      46464
a     374     382      46464
a     374     366      46464
a     375     448        167
a     375     376      46464
a     375     374      46464
a     375     383      46464
a     375     367      46464
a     376     385        131
a     376     375      46464
a     376     384      46464
a     376     368      46464
a     377     424        237
a     377     378      46464
a     377     369      46464
a     378     388        386
a     378     379      46464
a     378     377      46464
a     378     370      46464
a     379     435        427
a     379     380      46464
a     379     378      46464
a     379     371      46464
a     380     421        262
a     380     381      46464
a     380     379      46464
a     380     372      46464
a     381     446        139
a     381     382      46464
a     381     380      46464
a     381     373      46464
a     382     390        211
a     382     383      46464
a     382     381      46464
a     382     374      46464
a     383     412        410
a     383     384      46464
a     383     382      46464
a     383     375      46464
a     384     393        335
a     384     383      46464
a     384     376      46464
a     385     483        121
a     385     386      46464
a     385     393      46464
a     386     492        406
a     386     387      46464
a     386     385      46464
a     386     394      46464
a     387     470        661
a     387     388      46464
a     387     386      46464
a     387     395      46464
a     388     479        690
a     388     389      46464
a     388     387      46464
a     388     396      46464
a     389     512        181
a     389     390      46464
a     389     388      46464
a     389     397      46464
a     390     453        673
a     390     391      46464
a     390     389      46464
a     390     398      46464
a     391     497        616
a     391     392      46464
a     391     390      46464
a     391     399      46464
a     392     495        353
a     392     391      46464
a     392     400      46464
a     393     472        355
a     393     394      46464
a     393     401      46464
a     393     385      46464
a     394     503        231
a     394     395      46464
a     394     393      46464
a     394     402      46464
a     394     386      46464
a     395     487        442
a     395     396      46464
a     395     394      46464
a     395     403      46464
a     395     387      46464
a     396     511        209
a     396     397      46464
a     396     395      46464
a     396     404      46464
a     396     388      46464
a     397     475        242
a     397     398      46464
a     397     396      46464
a     397     405      46464
a     397     389      46464
a     398     490        453
a     398     399      46464
a     398     397      46464
a     398     406      46464
a     398     390      46464
a     399     465        398
a     399     400      46464
a     399     398      46464
a     399     407      46464
a     399     391      46464
a     400     498        368
a     400     399      46464
a     400     408      46464
a     400     392      46464
a     401     460        313
a     401     402      46464
a     401     409      46464
a     401     393      46464
a     402     462        645
a     402     403      46464
a     402     401      46464
a     402     410      46464
a     402     394      46464
a     403     468        344
a     403     404      46464
a     403     402      46464
a     403     411      46464
a     403     395      46464
a     404     464        598
a     404     405      46464
a     404     403      46464
a     404     412      46464
a     404     396      46464
a     405     449        224
a     405     406      46464
a     405     404      46464
a     405     413      46464
a     405     397      46464
a     406     506        595
a     406     407      46464
a     406     405      46464
a     406     414      46464
a     406     398      46464
a     407     499        524
a     407     408      46464
a     407     406      46464
a     407     415      46464
a     407     399      46464
a     408     459        166
a     408     407      46464
a     408     416      46464
a     408     400      46464
a     409     476        228
a     409     410      46464
a     409     417      46464
a     409     401      46464
a     410     452        548
a     410     411      46464
a     410     409      46464
a     410     418      46464
a     410     402      46464
a     411     496        632
a     411     412      46464
a     411     410      46464
a     411     419      46464
a     411     403      46464
a     412     489        137
a     412     413      46464
a     412     411      46464
a     412     420      46464
a     412     404      46464
a     413     482        420
a     413     414      46464
a     413     412      46464
a     413     421      46464
a     413     405      46464
a     414     467        246
a     414     415      46464
a     414     413      46464
a     414     422      46464
a     414     406      46464
a     415     501        490
a     415     416      46464
a     415     414      46464
a     415     423      46464
a     415     407      46464
a     416     480        450
a     416     415      46464
a     416     424      46464
a     416     408      46464
a     417     473        230
a     417     418      46464
a     417     425      46464
a     417     409      46464
a     418     494        465
a     418     419      46464
a     418     417      46464
a     418     426      46464
a     418     410      46464
a     419     504        683
a     419     420      46464
a     419     418      46464
a     419     427      46464
a     419     411      46464
a     420     471        155
a     420     421      46464
a     420     419      46464
a     420     428      46464
a     420     412      46464
a     421     485        175
a     421     422      46464
a     421     420      46464
a     421     429      46464
a     421     413      46464
a     422     493        576
a     422     423      46464
a     422     421      46464
a     422     430      46464
a     422     414      46464
a     423     461        223
a     423     424      46464
a     423     422      46464
a     423     431      46464
a     423     415      46464
a     424     454        606
a     424     423      46464
a     424     432      46464
a     424     416      46464
a     425     491        316
a     425     426      46464
a     425     433      46464
a     425     417      46464
a     426     484        493
a     426     427      46464
a     426     425      46464
a     426     434      46464
a     426     418      46464
a     427     500        684
a     427     428      46464
a     427     426      46464
a     427     435      46464
a     427     419      46464
a     428     457        247
a     428     429      46464
a     428     427      46464
a     428     436      46464
a     428     420      46464
a     429     502        632
a     429     430      46464
a     429     428      46464
a     429     437      46464
a     429     421      46464
a     430     510        536
a     430     431      46464
a     430     429      46464
a     430     438      46464
a     430     422      46464
a     431     463        123
a     431     432      46464
a     431     430      46464
a     431     439      46464
a     431     423      46464
a     432     458        621
a     432     431      46464
a     432     440      46464
a     432     424      46464
a     433     488        650
a     433     434      46464
a     433     441      46464
a     433     425      46464
a     434     505        126
a     434     435      46464
a     434     433      46464
a     434     442      46464
a     434     426      46464
a     435     478        289
a     435     436      46464
a     435     434      46464
a     435     443      46464
a     435     427      46464
a     436     486        292
a     436     437      46464
a     436     435      46464
a     436     444      46464
a     436     428      46464
a     437     509        593
a     437     438      46464
a     437     436      46464
a     437     445      46464
a     437     429      46464
a     438     477        658
a     438     439      46464
a     438     437      46464
a     438     446      46464
a     438     430      46464
a     439     466        640
a     439     440      46464
a     439     438      46464
a     439     447      46464
a     439     431      46464
a     440     507        196
a     440     439      46464
a     440     448      46464
a     440     432      46464
a     441     474        457
a     441     442      46464
a     441     433      46464
a     442     456        179
a     442     443      46464
a     442     441      46464
a     442     434      46464
a     443     469        239
a     443     444      46464
a     443     442      46464
a     443     435      46464
a     444     450        137
a     444     445      46464
a     444     443      46464
a     444     436      46464
a     445     481        327
a     445     446      46464
a     445     444      46464
a     445     437      46464
a     446     508        647
a     446     447      46464
a     446     445      46464
a     446     438      46464
a     447     455        197
a     447     448      46464
a     447     446      46464
a     447     439      46464
a     448     451        569
a     448     447      46464
a     448     440      46464
a     449     539        161
a     449     450      46464
a     449     457      46464
a     450     555        672
a     450     451      46464
a     450     449      46464
a     450     458      46464
a     451     556        202
a     451     452      46464
a     451     450      46464
a     451     459      46464
a     452     575        419
a     452     453      46464
a     452     451      46464
a     452     460      46464
a     453     517        243
a     453     454      46464
a     453     452      46464
a     453     461      46464
a     454     545        629
a     454     455      46464
a     454     453      46464
a     454     462      46464
a     455     542        703
a     455     456      46464
a     455     454      46464
a     455     463      46464
a     456     543        269
a     456     455      46464
a     456     464      46464
a     457     569        466
a     457     458      46464
a     457     465      46464
a     457     449      46464
a     458     534        512
a     458     459      46464
a     458     457      46464
a     458     466      46464
a     458     450      46464
a     459     527        180
a     459     460      46464
a     459     458      46464
a     459     467      46464
a     459     451      46464
a     460     549        298
a     460     461      46464
a     460     459      46464
a     460     468      46464
a     460     452      46464
a     461     524        180
a     461     462      46464
a     461     460      46464
a     461     469      46464
a     461     453      46464
a     462     554        126
a     462     463      46464
a     462     461      46464
a     462     470      46464
a     462     454      46464
a     463     573        606
a     463     464      46464
a     463     462      46464
a     463     471      46464
a     463     455      46464
a     464     566        671
a     464     463      46464
a     464     472      46464
a     464     456      46464
a     465     518        634
a     465     466      46464
a     465     473      46464
a     465     457      46464
a     466     525        378
a     466     467      46464
a     466     465      46464
a     466     474      46464
a     466     458      46464
a     467     574        503
a     467     468      46464
a     467     466      46464
a     467     475      46464
a     467     459      46464
a     468     562        414
a     468     469      46464
a     468     467      46464
a     468     476      46464
a     468     460      46464
a     469     531        633
a     469     470      46464
a     469     468      46464
a     469     477      46464
a     469     461      46464
a     470     514        138
a     470     471      46464
a     470     469      46464
a     470     478      46464
a     470     462      46464
a     471     547        502
a     471     472      46464
a     471     470      46464
a     471     479      46464
a     471     463      46464
a     472     532        610
a     472     471      46464
a     472     480      46464
a     472     464      46464
a     473     521        705
a     473     474      46464
a     473     481      46464
a     473     465      46464
a     474     571        634
a     474     475      46464
a     474     473      46464
a     474     482      46464
a     474     466      46464
a     475     520        512
a     475     476      46464
a     475     474      46464
a     475     483      46464
a     475     467      46464
a     476     558        718
a     476     477      46464
a     476     475      46464
a     476     484      46464
a     476     468      46464
a     477     540        631
a     477     478      46464
a     477     476      46464
a     477     485      46464
a     477     469      46464
a     478     568        487
a     478     479      46464
a     478     477      46464
a     478     486      46464
a     478     470      46464
a     479     576        123
a     479     480      46464
a     479     478      46464
a     479     487      46464
a     479     471      46464
a     480     559        510
a     480     479      46464
a     480     488      46464
a     480     472      46464
a     481     567        139
a     481     482      46464
a     481     489      46464
a     481     473      46464
a     482     548        392
a     482     483      46464
a     482     481      46464
a     482     490      46464
a     482     474      46464
a     483     541        512
a     483     484      46464
a     483     482      46464
a     483     491      46464
a     483     475      46464
a     484     565        694
a     484     485      46464
a     484     483      46464
a     484     492      46464
a     484     476      46464
a     485     519        198
a     485     486      46464
a     485     484      46464
a     485     493      46464
a     485     477      46464
a     486     522        144
a     486     487      46464
a     486     485      46464
a     486     494      46464
a     486     478      46464
a     487     537        267
a     487     488      46464
a     487     486      46464
a     487     495      46464
a     487     479      46464
a     488     528        354
a     488     487      46464
a     488     496      46464
a     488     480      46464
a     489     529        338
a     489     490      46464
a     489     497      46464
a     489     481      46464
a     490     553        393
a     490     491      46464
a     490     489      46464
a     490     498      46464
a     490     482      46464
a     491     523        146
a     491     492      46464
a     491     490      46464
a     491     499      46464
a     491     483      46464
a     492     533        349
a     492     493      46464
a     492     491      46464
a     492     500      46464
a     492     484      46464
a     493     530        139
a     493     494      46464
a     493     492      46464
a     493     501      46464
a     493     485      46464
a     494     563        140
a     494     495      46464
a     494     493      46464
a     494     502      46464
a     494     486      46464
a     495     551        259
a     495     496      46464
a     495     494      46464
a     495     503      46464
a     495     487      46464
a     496     561        585
a     496     495      46464
a     496     504      46464
a     496     488      46464
a     497     544        521
a     497     498      46464
a     497     505      46464
a     497     489      46464
a     498     526        671
a     498     499      46464
a     498     497      46464
a     498     506      46464
a     498     490      46464
a     499     550        357
a     499     500      46464
a     499     498      46464
a     499     507      46464
a     499     491      46464
a     500     564        593
a     500     501      46464
a     500     499      46464
a     500     508      46464
a     500     492      46464
a     501     538        357
a     501     502      46464
a     501     500      46464
a     501     509      46464
a     501     493      46464
a     502     513        642
a     502     503      46464
a     502     501      46464
a     502     510      46464
a     502     494      46464
a     503     535        316
a     503     504      46464
a     503     502      46464
a     503     511      46464
a     503     495      46464
a     504     560        287
a     504     503      46464
a     504     512      46464
a     504     496      46464
a     505     515        158
a     505     506      46464
a     505     497      46464
a     506     516        331
a     506     507      46464
a     506     505      46464
a     506     498      46464
a     507     572        455
a     507     508      46464
a     507     506      46464
a     507     499      46464
a     508     552        319
a     508     509      46464
a     508     507      46464
a     508     500      46464
a     509     570        198
a     509     510      46464
a     509     508      46464
a     509     501      46464
a     510     557        559
a     510     511      46464
a     510     509      46464
a     510     502      46464
a     511     546        607
a     511     512      46464
a     511     510      46464
a     511     503      46464
a     512     536        476
a     512     511      46464
a     512     504      46464
a     513     607        141
a     513     514      46464
a     513     521      46464
a     514     589        331
a     514     515      46464
a     514     513      46464
a     514     522      46464
a     515     617        174
a     515     516      46464
a     515     514      46464
a     515     523      46464
a     516     598        411
a     516     517      46464
a     516     515      46464
a     516     524      46464
a     517     599        354
a     517     518      46464
a     517     516      46464
a     517     525      46464
a     518     582        614
a     518     519      46464
a     518     517      46464
a     518     526      46464
a     519     627        193
a     519     520      46464
a     519     518      46464
a     519     527      46464
a     520     616        368
a     520     519      46464
a     520     528      46464
a     521     602        605
a     521     522      46464
a     521     529      46464
a     521     513      46464
a     522     578        312
a     522     523      46464
a     522     521      46464
a     522     530      46464
a     522     514      46464
a     523     579        462
a     523     524      46464
a     523     522      46464
a     523     531      46464
a     523     515      46464
a     524     623        621
a     524     525      46464
a     524     523      46464
a     524     532      46464
a     524     516      46464
a     525     621        430
a     525     526      46464
a     525     524      46464
a     525     533      46464
a     525     517      46464
a     526     591        252
a     526     527      46464
a     526     525      46464
a     526     534      46464
a     526     518      46464
a     527     631        203
a     527     528      46464
a     527     526      46464
a     527     535      46464
a     527     519      46464
a     528     613        293
a     528     527      46464
a     528     536      46464
a     528     520      46464
a     529     601        244
a     529     530      46464
a     529     537      46464
a     529     521      46464
a     530     637        361
a     530     531      46464
a     530     529      46464
a     530     538      46464
a     530     522      46464
a     531     614        143
a     531     532      46464
a     531     530      46464
a     531     539      46464
a     531     523      46464
a     532     624        350
a     532     533      46464
a     532     531      46464
a     532     540      46464
a     532     524      46464
a     533     626        708
a     533     534      46464
a     533     532      46464
a     533     541      46464
a     533     525      46464
a     534     590        381
a     534     535      46464
a     534     533      46464
a     534     542      46464
a     534     526      46464
a     535     592        466
a     535     536      46464
a     535     534      46464
a     535     543      46464
a     535     527      46464
a     536     595        405
a     536     535      46464
a     536     544      46464
a     536     528      46464
a     537     581        523
a     537     538      46464
a     537     545      46464
a     537     529      46464
a     538     587        563
a     538     539      46464
a     538     537      46464
a     538     546      46464
a     538     530      46464
a     539     612        253
a     539     540      46464
a     539     538      46464
a     539     547      46464
a     539     531      46464
a     540     630        184
a     540     541      46464
a     540     539      46464
a     540     548      46464
a     540     532      46464
a     541     597        460
a     541     542      46464
a     541     540      46464
a     541     549      46464
a     541     533      46464
a     542     585        216
a     542     543      46464
a     542     541      46464
a     542     550      46464
a     542     534      46464
a     543     608        287
a     543     544      46464
a     543     542      46464
a     543     551      46464
a     543     535      46464
a     544     609        522
a     544     543      46464
a     544     552      46464
a     544     536      46464
a     545     632        503
a     545     546      46464
a     545     553      46464
a     545     537      46464
a     546     593        414
a     546     547      46464
a     546     545      46464
a     546     554      46464
a     546     538      46464
a     547     636        576
a     547     548      46464
a     547     546      46464
a     547     555      46464
a     547     539      46464
a     548     603        511
a     548     549      46464
a     548     547      46464
a     548     556      46464
a     548     540      46464
a     549     634        613
a     549     550      46464
a     549     548      46464
a     549     557      46464
a     549     541      46464
a     550     580        536
a     550     551      46464
a     550     549      46464
a     550     558      46464
a     550     542      46464
a     551     610        254
a     551     552      46464
a     551     550      46464
a     551     559      46464
a     551     543      46464
a     552     629        147
a     552     551      46464
a     552     560      46464
a     552     544      46464
a     553     619        452
a     553     554      46464
a     553     561      46464
a     553     545      46464
a     554     588        507
a     554     555      46464
a     554     553      46464
a     554     562      46464
a     554     546      46464
a     555     639        570
a     555     556      46464
a     555     554      46464
a     555     563      46464
a     555     547      46464
a     556     622        363
a     556     557      46464
a     556     555      46464
a     556     564      46464
a     556     548      46464
a     557     605        550
a     557     558      46464
a     557     556      46464
a     557     565      46464
a     557     549      46464
a     558     635        219
a     558     559      46464
a     558     557      46464
a     558     566      46464
a     558     550      46464
a     559     611        490
a     559     560      46464
a     559     558      46464
a     559     567      46464
a     559     551      46464
a     560     638        451
a     560     559      46464
a     560     568      46464
a     560     552      46464
a     561     577        200
a     561     562      46464
a     561     569      46464
a     561     553      46464
a     562     633        673
a     562     563      46464
a     562     561      46464
a     562     570      46464
a     562     554      46464
a     563     586        558
a     563     564      46464
a     563     562      46464
a     563     571      46464
a     563     555      46464
a     564     628        456
a     564     565      46464
a     564     563      46464
a     564     572      46464
a     564     556      46464
a     565     625        522
a     565     566      46464
a     565     564      46464
a     565     573      46464
a     565     557      46464
a     566     584        165
a     566     567      46464
a     566     565      46464
a     566     574      46464
a     566     558      46464
a     567     640        370
a     567     568      46464
a     567     566      46464
a     567     575      46464
a     567     559      46464
a     568     596        314
a     568     567      46464
a     568     576      46464
a     568     560      46464
a     569     604        541
a     569     570      46464
a     569     561      46464
a     570     606        272
a     570     571      46464
a     570     569      46464
a     570     562      46464
a     571     618        249
a     571     572      46464
a     571     570      46464
a     571     563      46464
a     572     594        590
a     572     573      46464
a     572     571      46464
a     572     564      46464
a     573     600        711
a     573     574      46464
a     573     572      46464
a     573     565      46464
a     574     583        421
a     574     575      46464
a     574     573      46464
a     574     566      46464
a     575     620        310
a     575     576      46464
a     575     574      46464
a     575     567      46464
a     576     615        576
a     576     575      46464
a     576     568      46464
a     577     654        324
a     577     578      46464
a     577     585      46464
a     578     691        380
a     578     579      46464
a     578     577      46464
a     578     586      46464
a     579     702        605
a     579     580      46464
a     579     578      46464
a     579     587      46464
a     580     703        124
a     580     581      46464
a     580     579      46464
a     580     588      46464
a     581     694        650
a     581     582      46464
a     581     580      46464
a     581     589      46464
a     582     685        380
a     582     583      46464
a     582     581      46464
a     582     590      46464
a     583     660        391
a     583     584      46464
a     583     582      46464
a     583     591      46464
a     584     663        165
a     584     583      46464
a     584     592      46464
a     585     704        173
a     585     586      46464
a     585     593      46464
a     585     577      46464
a     586     682        528
a     586     587      46464
a     586     585      46464
a     586     594      46464
a     586     578      46464
a     587     687        406
a     587     588      46464
a     587     586      46464
a     587     595      46464
a     587     579      46464
a     588     681        633
a     588     589      46464
a     588     587      46464
a     588     596      46464
a     588     580      46464
a     589     657        662
a     589     590      46464
a     589     588      46464
a     589     597      46464
a     589     581      46464
a     590     683        610
a     590     591      46464
a     590     589      46464
a     590     598      46464
a     590     582      46464
a     591     679        508
a     591     592      46464
a     591     590      46464
a     591     599      46464
a     591     583      46464
a     592     647        310
a     592     591      46464
a     592     600      46464
a     592     584      46464
a     593     680        382
a     593     594      46464
a     593     601      46464
a     593     585      46464
a     594     646        619
a     594     595      46464
a     594     593      46464
a     594     602      46464
a     594     586      46464
a     595     653        386
a     595     596      46464
a     595     594      46464
a     595     603      46464
a     595     587      46464
a     596     693        417
a     596     597      46464
a     596     595      46464
a     596     604      46464
a     596     588      46464
a     597     701        616
a     597     598      46464
a     597     596      46464
a     597     605      46464
a     597     589      46464
a     598     651        588
a     598     599      46464
a     598     597      46464
a     598     606      46464
a     598     590      46464
a     599     699        259
a     599     600      46464
a     599     598      46464
a     599     607      46464
a     599     591      46464
a     600     668        184
a     600     599      46464
a     600     608      46464
a     600     592      46464
a     601     667        478
a     601     602      46464
a     601     609      46464
a     601     593      46464
a     602     676        404
a     602     603      46464
a     602     601      46464
a     602     610      46464
a     602     594      46464
a     603     644        342
a     603     604      46464
a     603     602      46464
a     603     611      46464
a     603     595      46464
a     604     686        479
a     604     605      46464
a     604     603      46464
a     604     612      46464
a     604     596      46464
a     605     671        487
a     605     606      46464
a     605     604      46464
a     605     613      46464
a     605     597      46464
a     606     650        267
a     606     607      46464
a     606     605      46464
a     606     614      46464
a     606     598      46464
a     607     669        542
a     607     608      46464
a     607     606      46464
a     607     615      46464
a     607     599      46464
a     608     664        351
a     608     607      46464
a     608     616      46464
a     608     600      46464
a     609     642        122
a     609     610      46464
a     609     617      46464
a     609     601      46464
a     610     700        387
a     610     611      46464
a     610     609      46464
a     610     618      46464
a     610     602      46464
a     611     649        305
a     611     612      46464
a     611     610      46464
a     611     619      46464
a     611     603      46464
a     612     652        587
a     612     613      46464
a     612     611      46464
a     612     620      46464
a     612     604      46464
a     613     696        597
a     613     614      46464
a     613     612      46464
a     613     621      46464
a     613     605      46464
a     614     675        308
a     614     615      46464
a     614     613      46464
a     614     622      46464
a     614     606      46464
a     615     643        721
a     615     616      46464
a     615     614      46464
a     615     623      46464
a     615     607      46464
a     616     698        230
a     616     615      46464
a     616     624      46464
a     616     608      46464
a     617     670        264
a     617     618      46464
a     617     625      46464
a     617     609      46464
a     618     648        464
a     618     619      46464
a     618     617      46464
a     618     626      46464
a     618     610      46464
a     619     645        457
a     619     620      46464
a     619     618      46464
a     619     627      46464
a     619     611      46464
a     620     656        633
a     620     621      46464
a     620     619      46464
a     620     628      46464
a     620     612      46464
a     621     695        329
a     621     622      46464
a     621     620      46464
a     621     629      46464
a     621     613      46464
a     622     641        298
a     622     623      46464
a     622     621      46464
a     622     630      46464
a     622     614      46464
a     623     697        454
a     623     624      46464
a     623     622      46464
a     623     631      46464
a     623     615      46464
a     624     677        219
a     624     623      46464
a     624     632      46464
a     624     616      46464
a     625     692        352
a     625     626      46464
a     625     633      46464
a     625     617      46464
a     626     655        195
a     626     627      46464
a     626     625      46464
a     626     634      46464
a     626     618      46464
a     627     688        177
a     627     628      46464
a     627     626      46464
a     627     635      46464
a     627     619      46464
a     628     678        634
a     628     629      46464
a     628     627      46464
a     628     636      46464
a     628     620      46464
a     629     689        615
a     629     630      46464
a     629     628      46464
a     629     637      46464
a     629     621      46464
a     630     662        472
a     630     631      46464
a     630     629      46464
a     630     638      46464
a     630     622      46464
a     631     690        350
a     631     632      46464
a     631     630      46464
a     631     639      46464
a     631     623      46464
a     632     672        602
a     632     631      46464
a     632     640      46464
a     632     624      46464
a     633     659        721
a     633     634      46464
a     633     625      46464
a     634     684        192
a     634     635      46464
a     634     633      46464
a     634     626      46464
a     635     674        404
a     635     636      46464
a     635     634      46464
a     635     627      46464
a     636     673        678
a     636     637      46464
a     636     635      46464
a     636     628      46464
a     637     658        172
a     637     638      46464
a     637     636      46464
a     637     629      46464
a     638     666        192
a     638     639      46464
a     638     637      46464
a     638     630      46464
a     639     665        475
a     639     640      46464
a     639     638      46464
a     639     631      46464
a     640     661        425
a     640     639      46464
a     640     632      46464
a     641     642      46464
a     641     649      46464
a     642     643      46464
a     642     641      46464
a     642     650      46464
a     643     644      46464
a     643     642      46464
a     643     651      46464
a     644     645      46464
a     644     643      46464
a     644     652      46464
a     645     646      46464
a     645     644      46464
a     645     653      46464
a     646     647      46464
a     646     645      46464
a     646     654      46464
a     647     648      46464
a     647     646      46464
a     647     655      46464
a     648     647      46464
a     648     656      46464
a     649     650      46464
a     649     657      46464
a     649     641      46464
a     650     651      46464
a     650     649      46464
a     650     658      46464
a     650     642      46464
a     651     652      46464
a     651     650      46464
a     651     659      46464
a     651     643      46464
a     652     653      46464
a     652     651      46464
a     652     660      46464
a     652     644      46464
a     653     654      46464
a     653     652      46464
a     653     661      46464
a     653     645      46464
a     654     655      46464
a     654     653      46464
a     654     662      46464
a     654     646      46464
a     655     656      46464
a     655     654      46464
a     655     663      46464
a     655     647      46464
a     656     655      46464
a     656     664      46464
a     656     648      46464
a     657     658      46464
a     657     665      46464
a     657     649      46464
a     658     659      46464
a     658     657      46464
a     658     666      46464
a     658     650      46464
a     659     660      46464
a     659     658      46464
a     659     667      46464
a     659     651      46464
a     660     661      46464
a     660     659      46464
a     660     668      46464
a     660     652      46464
a     661     662      46464
a     661     660      46464
a     661     669      46464
a     661     653      46464
a     662     663      46464
a     662     661      46464
a     662     670      46464
a     662     654      46464
a     663     664      46464
a     663     662      46464
a     663     671      46464
a     663     655      46464
a     664     663      46464
a     664     672      46464
a     664     656      46464
a     665     666      46464
a     665     673      46464
a     665     657      46464
a     666     667      46464
a     666     665      46464
a     666     674      46464
a     666     658      46464
a     667     668      46464
a     667     666      46464
a     667     675      46464
a     667     659      46464
a     668     669      46464
a     668     667      46464
a     668     676      46464
a     668     660      46464
a     669     670      46464
a     669     668      46464
a     669     677      46464
a     669     661      46464
a     670     671      46464
a     670     669      46464
a     670     678      46464
a     670     662      46464
a     671     672      46464
a     671     670      46464
a     671     679      46464
a     671     663      46464
a     672     671      46464
a     672     680      46464
a     672     664      46464
a     673     674      46464
a     673     681      46464
a     673     665      46464
a     674     675      46464
a     674     673      46464
a     674     682      46464
a     674     666      46464
a     675     676      46464
a     675     674      46464
a     675     683      46464
a     675     667      46464
a     676     677      46464
a     676     675      46464
a     676     684      46464
a     676     668      46464
a     677     678      46464
a     677     676      46464
a     677     685      46464
a     677     669      46464
a     678     679      46464
a     678     677      46464
a     678     686      46464
a     678     670      46464
a     679     680      46464
a     679     678      46464
a     679     687      46464
a     679     671      46464
a     680     679      46464
a     680     688      46464
a     680     672      46464
a     681     682      46464
a     681     689      46464
a     681     673      46464
a     682     683      46464
a     682     681      46464
a     682     690      46464
a     682     674      46464
a     683     684      46464
a     683     682      46464
a     683     691      46464
a     683     675      46464
a     684     685      46464
a     684     683      46464
a     684     692      46464
a     684     676      46464
a     685     686      46464
a     685     684      46464
a     685     693      46464
a     685     677      46464
a     686     687      46464
a     686     685      46464
a     686     694      46464
a     686     678      46464
a     687     688      46464
a     687     686      46464
a     687     695      46464
a     687     679      46464
a     688     687      46464
a     688     696      46464
a     688     680      46464
a     689     690      46464
a     689     697      46464
a     689     681      46464
a     690     691      46464
a     690     689      46464
a     690     698      46464
a     690     682      46464
a     691     692      46464
a     691     690      46464
a     691     699      46464
a     691     683      46464
a     692     693      46464
a     692     691      46464
a     692     700      46464
a     692     684      46464
a     693     694      46464
a     693     692      46464
a     693     701      46464
a     693     685      46464
a     694     695      46464
a     694     693      46464
a     694     702      46464
a     694     686      46464
a     695     696      46464
a     695     694      46464
a     695     703      46464
a     695     687      46464
a     696     695      46464
a     696     704      46464
a     696     688      46464
a     697     698      46464
a     697     689      46464
a     698     699      46464
a     698     697      46464
a     698     690      46464
a     699     700      46464
a     699     698      46464
a     699     691      46464
a     700     701      46464
a     700     699      46464
a     700     692      46464
a     701     702      46464
a     701     700      46464
a     701     693      46464
a     702     703      46464
a     702     701      46464
a     702     694      46464
a     703     704      46464
a     703     702      46464
a     703     695      46464
a     704     703      46464
a     704     696      46464
