c This file was generated by genrmf.
c The parameters are: a: 9 b: 5 c1: 324 c2: 1946 seed: 1666103673
p max     405       1764
n       1 s
n     405 t
a       1      89       1518
a       1       2     157626
a       1      10     157626
a       2      97       1262
a       2       3     157626
a       2       1     157626
a       2      11     157626
a       3      96       1933
a       3       4     157626
a       3       2     157626
a       3      12     157626
a       4     147        446
a       4       5     157626
a       4       3     157626
a       4      13     157626
a       5      85       1345
a       5       6     157626
a       5       4     157626
a       5      14     157626
a       6     133       1389
a       6       7     157626
a       6       5     157626
a       6      15     157626
a       7     123       1818
a       7       8     157626
a       7       6     157626
a       7      16     157626
a       8      90       1829
a       8       9     157626
a       8       7     157626
a       8      17     157626
a       9     149       1615
a       9       8     157626
a       9      18     157626
a      10     114        865
a      10      11     157626
a      10      19     157626
a      10       1     157626
a      11     148        495
a      11      12     157626
a      11      10     157626
a      11      20     157626
a      11       2     157626
a      12     118        521
a      12      13     157626
a      12      11     157626
a      12      21     157626
a      12       3     157626
a      13      91       1352
a      13      14     157626
a      13      12     157626
a      13      22     157626
a      13       4     157626
a      14     150        876
a      14      15     157626
a      14      13     157626
a      14      23     157626
a      14       5     157626
a      15     154        735
a      15      16     157626
a      15      14     157626
a      15      24     157626
a      15       6     157626
a      16      98        616
a      16      17     157626
a      16      15     157626
a      16      25     157626
a      16       7     157626
a      17     117        779
a      17      18     157626
a      17      16     157626
a      17      26     157626
a      17       8     157626
a      18     157       1515
a      18      17     157626
a      18      27     157626
a      18       9     157626
a      19     131       1543
a      19      20     157626
a      19      28     157626
a      19      10     157626
a      20     113       1934
a      20      21     157626
a      20      19     157626
a      20      29     157626
a      20      11     157626
a      21     109       1263
a      21      22     157626
a      21      20     157626
a      21      30     157626
a      21      12     157626
a      22     135       1099
a      22      23     157626
a      22      21     157626
a      22      31     157626
a      22      13     157626
a      23      87       1642
a      23      24     157626
a      23      22     157626
a      23      32     157626
a      23      14     157626
a      24     111        754
a      24      25     157626
a      24      23     157626
a      24      33     157626
a      24      15     157626
a      25     161        404
a      25      26     157626
a      25      24     157626
a      25      34     157626
a      25      16     157626
a      26     143        705
a      26      27     157626
a      26      25     157626
a      26      35     157626
a      26      17     157626
a      27     100       1133
a      27      26     157626
a      27      36     157626
a      27      18     157626
a      28      83       1772
a      28      29     157626
a      28      37     157626
a      28      19     157626
a      29      92       1285
a      29      30     157626
a      29      28     157626
a      29      38     157626
a      29      20     157626
a      30     120       1018
a      30      31     157626
a      30      29     157626
a      30      39     157626
a      30      21     157626
a      31     128        678
a      31      32     157626
a      31      30     157626
a      31      40     157626
a      31      22     157626
a      32     153        745
a      32      33     157626
a      32      31     157626
a      32      41     157626
a      32      23     157626
a      33     144       1260
a      33      34     157626
a      33      32     157626
a      33      42     157626
a      33      24     157626
a      34     124       1858
a      34      35     157626
a      34      33     157626
a      34      43     157626
a      34      25     157626
a      35     125        908
a      35      36     157626
a      35      34     157626
a      35      44     157626
a      35      26     157626
a      36     108       1067
a      36      35     157626
a      36      45     157626
a      36      27     157626
a      37     105       1880
a      37      38     157626
a      37      46     157626
a      37      28     157626
a      38      99       1134
a      38      39     157626
a      38      37     157626
a      38      47     157626
a      38      29     157626
a      39     134       1667
a      39      40     157626
a      39      38     157626
a      39      48     157626
a      39      30     157626
a      40     107       1586
a      40      41     157626
a      40      39     157626
a      40      49     157626
a      40      31     157626
a      41     155       1300
a      41      42     157626
a      41      40     157626
a      41      50     157626
a      41      32     157626
a      42     115       1923
a      42      43     157626
a      42      41     157626
a      42      51     157626
a      42      33     157626
a      43     152        959
a      43      44     157626
a      43      42     157626
a      43      52     157626
a      43      34     157626
a      44     110       1843
a      44      45     157626
a      44      43     157626
a      44      53     157626
a      44      35     157626
a      45     129       1003
a      45      44     157626
a      45      54     157626
a      45      36     157626
a      46     101       1552
a      46      47     157626
a      46      55     157626
a      46      37     157626
a      47     140       1383
a      47      48     157626
a      47      46     157626
a      47      56     157626
a      47      38     157626
a      48     106        488
a      48      49     157626
a      48      47     157626
a      48      57     157626
a      48      39     157626
a      49     142        591
a      49      50     157626
a      49      48     157626
a      49      58     157626
a      49      40     157626
a      50     145        665
a      50      51     157626
a      50      49     157626
a      50      59     157626
a      50      41     157626
a      51     138       1455
a      51      52     157626
a      51      50     157626
a      51      60     157626
a      51      42     157626
a      52     132       1152
a      52      53     157626
a      52      51     157626
a      52      61     157626
a      52      43     157626
a      53     121       1767
a      53      54     157626
a      53      52     157626
a      53      62     157626
a      53      44     157626
a      54     146       1583
a      54      53     157626
a      54      63     157626
a      54      45     157626
a      55     126        417
a      55      56     157626
a      55      64     157626
a      55      46     157626
a      56     156        910
a      56      57     157626
a      56      55     157626
a      56      65     157626
a      56      47     157626
a      57     151       1303
a      57      58     157626
a      57      56     157626
a      57      66     157626
a      57      48     157626
a      58     112        767
a      58      59     157626
a      58      57     157626
a      58      67     157626
a      58      49     157626
a      59     137       1428
a      59      60     157626
a      59      58     157626
a      59      68     157626
a      59      50     157626
a      60      84       1537
a      60      61     157626
a      60      59     157626
a      60      69     157626
a      60      51     157626
a      61     104       1332
a      61      62     157626
a      61      60     157626
a      61      70     157626
a      61      52     157626
a      62      93       1540
a      62      63     157626
a      62      61     157626
a      62      71     157626
a      62      53     157626
a      63      88        770
a      63      62     157626
a      63      72     157626
a      63      54     157626
a      64     103       1564
a      64      65     157626
a      64      73     157626
a      64      55     157626
a      65      94        570
a      65      66     157626
a      65      64     157626
a      65      74     157626
a      65      56     157626
a      66      82       1217
a      66      67     157626
a      66      65     157626
a      66      75     157626
a      66      57     157626
a      67      95       1307
a      67      68     157626
a      67      66     157626
a      67      76     157626
a      67      58     157626
a      68     136        566
a      68      69     157626
a      68      67     157626
a      68      77     157626
a      68      59     157626
a      69     127       1839
a      69      70     157626
a      69      68     157626
a      69      78     157626
a      69      60     157626
a      70     141        992
a      70      71     157626
a      70      69     157626
a      70      79     157626
a      70      61     157626
a      71     159        697
a      71      72     157626
a      71      70     157626
a      71      80     157626
a      71      62     157626
a      72     139       1940
a      72      71     157626
a      72      81     157626
a      72      63     157626
a      73     160        809
a      73      74     157626
a      73      64     157626
a      74     162        788
a      74      75     157626
a      74      73     157626
a      74      65     157626
a      75      86        963
a      75      76     157626
a      75      74     157626
a      75      66     157626
a      76     130        926
a      76      77     157626
a      76      75     157626
a      76      67     157626
a      77     122       1584
a      77      78     157626
a      77      76     157626
a      77      68     157626
a      78     102        472
a      78      79     157626
a      78      77     157626
a      78      69     157626
a      79     158       1490
a      79      80     157626
a      79      78     157626
a      79      70     157626
a      80     116        565
a      80      81     157626
a      80      79     157626
a      80      71     157626
a      81     119       1857
a      81      80     157626
a      81      72     157626
a      82     205       1527
a      82      83     157626
a      82      91     157626
a      83     199        870
a      83      84     157626
a      83      82     157626
a      83      92     157626
a      84     165        512
a      84      85     157626
a      84      83     157626
a      84      93     157626
a      85     181       1174
a      85      86     157626
a      85      84     157626
a      85      94     157626
a      86     217        358
a      86      87     157626
a      86      85     157626
a      86      95     157626
a      87     177       1493
a      87      88     157626
a      87      86     157626
a      87      96     157626
a      88     174       1017
a      88      89     157626
a      88      87     157626
a      88      97     157626
a      89     218        544
a      89      90     157626
a      89      88     157626
a      89      98     157626
a      90     211        906
a      90      89     157626
a      90      99     157626
a      91     241       1582
a      91      92     157626
a      91     100     157626
a      91      82     157626
a      92     209       1622
a      92      93     157626
a      92      91     157626
a      92     101     157626
a      92      83     157626
a      93     219       1051
a      93      94     157626
a      93      92     157626
a      93     102     157626
a      93      84     157626
a      94     167       1398
a      94      95     157626
a      94      93     157626
a      94     103     157626
a      94      85     157626
a      95     223       1395
a      95      96     157626
a      95      94     157626
a      95     104     157626
a      95      86     157626
a      96     237       1676
a      96      97     157626
a      96      95     157626
a      96     105     157626
a      96      87     157626
a      97     189       1327
a      97      98     157626
a      97      96     157626
a      97     106     157626
a      97      88     157626
a      98     206        867
a      98      99     157626
a      98      97     157626
a      98     107     157626
a      98      89     157626
a      99     191        937
a      99      98     157626
a      99     108     157626
a      99      90     157626
a     100     240       1776
a     100     101     157626
a     100     109     157626
a     100      91     157626
a     101     173        938
a     101     102     157626
a     101     100     157626
a     101     110     157626
a     101      92     157626
a     102     215       1923
a     102     103     157626
a     102     101     157626
a     102     111     157626
a     102      93     157626
a     103     233       1460
a     103     104     157626
a     103     102     157626
a     103     112     157626
a     103      94     157626
a     104     200        404
a     104     105     157626
a     104     103     157626
a     104     113     157626
a     104      95     157626
a     105     193       1508
a     105     106     157626
a     105     104     157626
a     105     114     157626
a     105      96     157626
a     106     187        648
a     106     107     157626
a     106     105     157626
a     106     115     157626
a     106      97     157626
a     107     185        591
a     107     108     157626
a     107     106     157626
a     107     116     157626
a     107      98     157626
a     108     228        836
a     108     107     157626
a     108     117     157626
a     108      99     157626
a     109     242        590
a     109     110     157626
a     109     118     157626
a     109     100     157626
a     110     204        945
a     110     111     157626
a     110     109     157626
a     110     119     157626
a     110     101     157626
a     111     207       1912
a     111     112     157626
a     111     110     157626
a     111     120     157626
a     111     102     157626
a     112     176        958
a     112     113     157626
a     112     111     157626
a     112     121     157626
a     112     103     157626
a     113     196       1687
a     113     114     157626
a     113     112     157626
a     113     122     157626
a     113     104     157626
a     114     172        700
a     114     115     157626
a     114     113     157626
a     114     123     157626
a     114     105     157626
a     115     198       1215
a     115     116     157626
a     115     114     157626
a     115     124     157626
a     115     106     157626
a     116     175        752
a     116     117     157626
a     116     115     157626
a     116     125     157626
a     116     107     157626
a     117     234       1159
a     117     116     157626
a     117     126     157626
a     117     108     157626
a     118     208       1374
a     118     119     157626
a     118     127     157626
a     118     109     157626
a     119     190       1370
a     119     120     157626
a     119     118     157626
a     119     128     157626
a     119     110     157626
a     120     210       1638
a     120     121     157626
a     120     119     157626
a     120     129     157626
a     120     111     157626
a     121     221       1586
a     121     122     157626
a     121     120     157626
a     121     130     157626
a     121     112     157626
a     122     222       1613
a     122     123     157626
a     122     121     157626
a     122     131     157626
a     122     113     157626
a     123     216       1830
a     123     124     157626
a     123     122     157626
a     123     132     157626
a     123     114     157626
a     124     163        869
a     124     125     157626
a     124     123     157626
a     124     133     157626
a     124     115     157626
a     125     213        952
a     125     126     157626
a     125     124     157626
a     125     134     157626
a     125     116     157626
a     126     195       1588
a     126     125     157626
a     126     135     157626
a     126     117     157626
a     127     238       1431
a     127     128     157626
a     127     136     157626
a     127     118     157626
a     128     226       1321
a     128     129     157626
a     128     127     157626
a     128     137     157626
a     128     119     157626
a     129     164       1135
a     129     130     157626
a     129     128     157626
a     129     138     157626
a     129     120     157626
a     130     166        785
a     130     131     157626
a     130     129     157626
a     130     139     157626
a     130     121     157626
a     131     231       1424
a     131     132     157626
a     131     130     157626
a     131     140     157626
a     131     122     157626
a     132     232       1044
a     132     133     157626
a     132     131     157626
a     132     141     157626
a     132     123     157626
a     133     183       1205
a     133     134     157626
a     133     132     157626
a     133     142     157626
a     133     124     157626
a     134     239       1091
a     134     135     157626
a     134     133     157626
a     134     143     157626
a     134     125     157626
a     135     229        942
a     135     134     157626
a     135     144     157626
a     135     126     157626
a     136     178       1611
a     136     137     157626
a     136     145     157626
a     136     127     157626
a     137     171       1796
a     137     138     157626
a     137     136     157626
a     137     146     157626
a     137     128     157626
a     138     203        409
a     138     139     157626
a     138     137     157626
a     138     147     157626
a     138     129     157626
a     139     243        999
a     139     140     157626
a     139     138     157626
a     139     148     157626
a     139     130     157626
a     140     212       1845
a     140     141     157626
a     140     139     157626
a     140     149     157626
a     140     131     157626
a     141     227       1451
a     141     142     157626
a     141     140     157626
a     141     150     157626
a     141     132     157626
a     142     201        981
a     142     143     157626
a     142     141     157626
a     142     151     157626
a     142     133     157626
a     143     179       1240
a     143     144     157626
a     143     142     157626
a     143     152     157626
a     143     134     157626
a     144     236        568
a     144     143     157626
a     144     153     157626
a     144     135     157626
a     145     214       1030
a     145     146     157626
a     145     154     157626
a     145     136     157626
a     146     188       1707
a     146     147     157626
a     146     145     157626
a     146     155     157626
a     146     137     157626
a     147     168       1478
a     147     148     157626
a     147     146     157626
a     147     156     157626
a     147     138     157626
a     148     184       1900
a     148     149     157626
a     148     147     157626
a     148     157     157626
a     148     139     157626
a     149     182       1833
a     149     150     157626
a     149     148     157626
a     149     158     157626
a     149     140     157626
a     150     170        511
a     150     151     157626
a     150     149     157626
a     150     159     157626
a     150     141     157626
a     151     225        734
a     151     152     157626
a     151     150     157626
a     151     160     157626
a     151     142     157626
a     152     194        781
a     152     153     157626
a     152     151     157626
a     152     161     157626
a     152     143     157626
a     153     192       1380
a     153     152     157626
a     153     162     157626
a     153     144     157626
a     154     224       1624
a     154     155     157626
a     154     145     157626
a     155     220       1016
a     155     156     157626
a     155     154     157626
a     155     146     157626
a     156     202        881
a     156     157     157626
a     156     155     157626
a     156     147     157626
a     157     186        834
a     157     158     157626
a     157     156     157626
a     157     148     157626
a     158     197       1538
a     158     159     157626
a     158     157     157626
a     158     149     157626
a     159     235        523
a     159     160     157626
a     159     158     157626
a     159     150     157626
a     160     180        638
a     160     161     157626
a     160     159     157626
a     160     151     157626
a     161     169        533
a     161     162     157626
a     161     160     157626
a     161     152     157626
a     162     230       1298
a     162     161     157626
a     162     153     157626
a     163     294        360
a     163     164     157626
a     163     172     157626
a     164     282        482
a     164     165     157626
a     164     163     157626
a     164     173     157626
a     165     320       1598
a     165     166     157626
a     165     164     157626
a     165     174     157626
a     166     287        982
a     166     167     157626
a     166     165     157626
a     166     175     157626
a     167     311       1583
a     167     168     157626
a     167     166     157626
a     167     176     157626
a     168     268       1755
a     168     169     157626
a     168     167     157626
a     168     177     157626
a     169     285       1718
a     169     170     157626
a     169     168     157626
a     169     178     157626
a     170     317        556
a     170     171     157626
a     170     169     157626
a     170     179     157626
a     171     312       1260
a     171     170     157626
a     171     180     157626
a     172     264       1674
a     172     173     157626
a     172     181     157626
a     172     163     157626
a     173     315       1079
a     173     174     157626
a     173     172     157626
a     173     182     157626
a     173     164     157626
a     174     270       1937
a     174     175     157626
a     174     173     157626
a     174     183     157626
a     174     165     157626
a     175     322       1413
a     175     176     157626
a     175     174     157626
a     175     184     157626
a     175     166     157626
a     176     254        337
a     176     177     157626
a     176     175     157626
a     176     185     157626
a     176     167     157626
a     177     269        400
a     177     178     157626
a     177     176     157626
a     177     186     157626
a     177     168     157626
a     178     275       1683
a     178     179     157626
a     178     177     157626
a     178     187     157626
a     178     169     157626
a     179     263       1527
a     179     180     157626
a     179     178     157626
a     179     188     157626
a     179     170     157626
a     180     276        815
a     180     179     157626
a     180     189     157626
a     180     171     157626
a     181     313        762
a     181     182     157626
a     181     190     157626
a     181     172     157626
a     182     253       1337
a     182     183     157626
a     182     181     157626
a     182     191     157626
a     182     173     157626
a     183     273       1641
a     183     184     157626
a     183     182     157626
a     183     192     157626
a     183     174     157626
a     184     249       1767
a     184     185     157626
a     184     183     157626
a     184     193     157626
a     184     175     157626
a     185     283       1307
a     185     186     157626
a     185     184     157626
a     185     194     157626
a     185     176     157626
a     186     292        386
a     186     187     157626
a     186     185     157626
a     186     195     157626
a     186     177     157626
a     187     305       1098
a     187     188     157626
a     187     186     157626
a     187     196     157626
a     187     178     157626
a     188     257       1175
a     188     189     157626
a     188     187     157626
a     188     197     157626
a     188     179     157626
a     189     310       1051
a     189     188     157626
a     189     198     157626
a     189     180     157626
a     190     271       1899
a     190     191     157626
a     190     199     157626
a     190     181     157626
a     191     316       1887
a     191     192     157626
a     191     190     157626
a     191     200     157626
a     191     182     157626
a     192     306       1605
a     192     193     157626
a     192     191     157626
a     192     201     157626
a     192     183     157626
a     193     277       1748
a     193     194     157626
a     193     192     157626
a     193     202     157626
a     193     184     157626
a     194     245        807
a     194     195     157626
a     194     193     157626
a     194     203     157626
a     194     185     157626
a     195     278       1276
a     195     196     157626
a     195     194     157626
a     195     204     157626
a     195     186     157626
a     196     258        339
a     196     197     157626
a     196     195     157626
a     196     205     157626
a     196     187     157626
a     197     256       1790
a     197     198     157626
a     197     196     157626
a     197     206     157626
a     197     188     157626
a     198     293       1691
a     198     197     157626
a     198     207     157626
a     198     189     157626
a     199     252       1836
a     199     200     157626
a     199     208     157626
a     199     190     157626
a     200     290       1308
a     200     201     157626
a     200     199     157626
a     200     209     157626
a     200     191     157626
a     201     267       1415
a     201     202     157626
a     201     200     157626
a     201     210     157626
a     201     192     157626
a     202     247       1052
a     202     203     157626
a     202     201     157626
a     202     211     157626
a     202     193     157626
a     203     274       1470
a     203     204     157626
a     203     202     157626
a     203     212     157626
a     203     194     157626
a     204     300        955
a     204     205     157626
a     204     203     157626
a     204     213     157626
a     204     195     157626
a     205     289        417
a     205     206     157626
a     205     204     157626
a     205     214     157626
a     205     196     157626
a     206     304       1271
a     206     207     157626
a     206     205     157626
a     206     215     157626
a     206     197     157626
a     207     323       1656
a     207     206     157626
a     207     216     157626
a     207     198     157626
a     208     281       1670
a     208     209     157626
a     208     217     157626
a     208     199     157626
a     209     255       1360
a     209     210     157626
a     209     208     157626
a     209     218     157626
a     209     200     157626
a     210     297       1552
a     210     211     157626
a     210     209     157626
a     210     219     157626
a     210     201     157626
a     211     301       1215
a     211     212     157626
a     211     210     157626
a     211     220     157626
a     211     202     157626
a     212     303       1567
a     212     213     157626
a     212     211     157626
a     212     221     157626
a     212     203     157626
a     213     314       1284
a     213     214     157626
a     213     212     157626
a     213     222     157626
a     213     204     157626
a     214     259       1584
a     214     215     157626
a     214     213     157626
a     214     223     157626
a     214     205     157626
a     215     272       1734
a     215     216     157626
a     215     214     157626
a     215     224     157626
a     215     206     157626
a     216     324        571
a     216     215     157626
a     216     225     157626
a     216     207     157626
a     217     318        578
a     217     218     157626
a     217     226     157626
a     217     208     157626
a     218     248       1649
a     218     219     157626
a     218     217     157626
a     218     227     157626
a     218     209     157626
a     219     321       1543
a     219     220     157626
a     219     218     157626
a     219     228     157626
a     219     210     157626
a     220     266        518
a     220     221     157626
a     220     219     157626
a     220     229     157626
a     220     211     157626
a     221     265        947
a     221     222     157626
a     221     220     157626
a     221     230     157626
a     221     212     157626
a     222     309       1275
a     222     223     157626
a     222     221     157626
a     222     231     157626
a     222     213     157626
a     223     262       1253
a     223     224     157626
a     223     222     157626
a     223     232     157626
a     223     214     157626
a     224     260       1487
a     224     225     157626
a     224     223     157626
a     224     233     157626
a     224     215     157626
a     225     286       1749
a     225     224     157626
a     225     234     157626
a     225     216     157626
a     226     307        778
a     226     227     157626
a     226     235     157626
a     226     217     157626
a     227     299        540
a     227     228     157626
a     227     226     157626
a     227     236     157626
a     227     218     157626
a     228     251        899
a     228     229     157626
a     228     227     157626
a     228     237     157626
a     228     219     157626
a     229     280        929
a     229     230     157626
a     229     228     157626
a     229     238     157626
a     229     220     157626
a     230     244        913
a     230     231     157626
a     230     229     157626
a     230     239     157626
a     230     221     157626
a     231     302       1042
a     231     232     157626
a     231     230     157626
a     231     240     157626
a     231     222     157626
a     232     295        857
a     232     233     157626
a     232     231     157626
a     232     241     157626
a     232     223     157626
a     233     298       1511
a     233     234     157626
a     233     232     157626
a     233     242     157626
a     233     224     157626
a     234     319       1193
a     234     233     157626
a     234     243     157626
a     234     225     157626
a     235     261        851
a     235     236     157626
a     235     226     157626
a     236     284        975
a     236     237     157626
a     236     235     157626
a     236     227     157626
a     237     250        982
a     237     238     157626
a     237     236     157626
a     237     228     157626
a     238     288        702
a     238     239     157626
a     238     237     157626
a     238     229     157626
a     239     279       1269
a     239     240     157626
a     239     238     157626
a     239     230     157626
a     240     291       1121
a     240     241     157626
a     240     239     157626
a     240     231     157626
a     241     296        962
a     241     242     157626
a     241     240     157626
a     241     232     157626
a     242     246       1723
a     242     243     157626
a     242     241     157626
a     242     233     157626
a     243     308       1075
a     243     242     157626
a     243     234     157626
a     244     393       1230
a     244     245     157626
a     244     253     157626
a     245     352       1690
a     245     246     157626
a     245     244     157626
a     245     254     157626
a     246     386        884
a     246     247     157626
a     246     245     157626
a     246     255     157626
a     247     364        742
a     247     248     157626
a     247     246     157626
a     247     256     157626
a     248     404       1061
a     248     249     157626
a     248     247     157626
a     248     257     157626
a     249     341        486
a     249     250     157626
a     249     248     157626
a     249     258     157626
a     250     354       1909
a     250     251     157626
a     250     249     157626
a     250     259     157626
a     251     356       1097
a     251     252     157626
a     251     250     157626
a     251     260     157626
a     252     392        654
a     252     251     157626
a     252     261     157626
a     253     367        911
a     253     254     157626
a     253     262     157626
a     253     244     157626
a     254     384        742
a     254     255     157626
a     254     253     157626
a     254     263     157626
a     254     245     157626
a     255     345       1935
a     255     256     157626
a     255     254     157626
a     255     264     157626
a     255     246     157626
a     256     405       1288
a     256     257     157626
a     256     255     157626
a     256     265     157626
a     256     247     157626
a     257     400       1157
a     257     258     157626
a     257     256     157626
a     257     266     157626
a     257     248     157626
a     258     396       1226
a     258     259     157626
a     258     257     157626
a     258     267     157626
a     258     249     157626
a     259     349        872
a     259     260     157626
a     259     258     157626
a     259     268     157626
a     259     250     157626
a     260     350        729
a     260     261     157626
a     260     259     157626
a     260     269     157626
a     260     251     157626
a     261     335       1123
a     261     260     157626
a     261     270     157626
a     261     252     157626
a     262     398       1449
a     262     263     157626
a     262     271     157626
a     262     253     157626
a     263     373       1944
a     263     264     157626
a     263     262     157626
a     263     272     157626
a     263     254     157626
a     264     389       1344
a     264     265     157626
a     264     263     157626
a     264     273     157626
a     264     255     157626
a     265     374        832
a     265     266     157626
a     265     264     157626
a     265     274     157626
a     265     256     157626
a     266     385       1583
a     266     267     157626
a     266     265     157626
a     266     275     157626
a     266     257     157626
a     267     381        420
a     267     268     157626
a     267     266     157626
a     267     276     157626
a     267     258     157626
a     268     372       1849
a     268     269     157626
a     268     267     157626
a     268     277     157626
a     268     259     157626
a     269     332        436
a     269     270     157626
a     269     268     157626
a     269     278     157626
a     269     260     157626
a     270     342        654
a     270     269     157626
a     270     279     157626
a     270     261     157626
a     271     361       1387
a     271     272     157626
a     271     280     157626
a     271     262     157626
a     272     399        802
a     272     273     157626
a     272     271     157626
a     272     281     157626
a     272     263     157626
a     273     328        708
a     273     274     157626
a     273     272     157626
a     273     282     157626
a     273     264     157626
a     274     325       1112
a     274     275     157626
a     274     273     157626
a     274     283     157626
a     274     265     157626
a     275     329       1773
a     275     276     157626
a     275     274     157626
a     275     284     157626
a     275     266     157626
a     276     370       1222
a     276     277     157626
a     276     275     157626
a     276     285     157626
a     276     267     157626
a     277     403       1002
a     277     278     157626
a     277     276     157626
a     277     286     157626
a     277     268     157626
a     278     359       1296
a     278     279     157626
a     278     277     157626
a     278     287     157626
a     278     269     157626
a     279     360       1069
a     279     278     157626
a     279     288     157626
a     279     270     157626
a     280     343       1498
a     280     281     157626
a     280     289     157626
a     280     271     157626
a     281     330        426
a     281     282     157626
a     281     280     157626
a     281     290     157626
a     281     272     157626
a     282     351        968
a     282     283     157626
a     282     281     157626
a     282     291     157626
a     282     273     157626
a     283     382        336
a     283     284     157626
a     283     282     157626
a     283     292     157626
a     283     274     157626
a     284     353       1011
a     284     285     157626
a     284     283     157626
a     284     293     157626
a     284     275     157626
a     285     380        574
a     285     286     157626
a     285     284     157626
a     285     294     157626
a     285     276     157626
a     286     326        871
a     286     287     157626
a     286     285     157626
a     286     295     157626
a     286     277     157626
a     287     391       1598
a     287     288     157626
a     287     286     157626
a     287     296     157626
a     287     278     157626
a     288     378       1292
a     288     287     157626
a     288     297     157626
a     288     279     157626
a     289     388       1605
a     289     290     157626
a     289     298     157626
a     289     280     157626
a     290     368        685
a     290     291     157626
a     290     289     157626
a     290     299     157626
a     290     281     157626
a     291     394       1599
a     291     292     157626
a     291     290     157626
a     291     300     157626
a     291     282     157626
a     292     383       1745
a     292     293     157626
a     292     291     157626
a     292     301     157626
a     292     283     157626
a     293     358       1161
a     293     294     157626
a     293     292     157626
a     293     302     157626
a     293     284     157626
a     294     337       1543
a     294     295     157626
a     294     293     157626
a     294     303     157626
a     294     285     157626
a     295     339        753
a     295     296     157626
a     295     294     157626
a     295     304     157626
a     295     286     157626
a     296     347       1179
a     296     297     157626
a     296     295     157626
a     296     305     157626
a     296     287     157626
a     297     390       1848
a     297     296     157626
a     297     306     157626
a     297     288     157626
a     298     397       1112
a     298     299     157626
a     298     307     157626
a     298     289     157626
a     299     387        959
a     299     300     157626
a     299     298     157626
a     299     308     157626
a     299     290     157626
a     300     377       1672
a     300     301     157626
a     300     299     157626
a     300     309     157626
a     300     291     157626
a     301     355       1865
a     301     302     157626
a     301     300     157626
a     301     310     157626
a     301     292     157626
a     302     336        540
a     302     303     157626
a     302     301     157626
a     302     311     157626
a     302     293     157626
a     303     365       1197
a     303     304     157626
a     303     302     157626
a     303     312     157626
a     303     294     157626
a     304     340       1757
a     304     305     157626
a     304     303     157626
a     304     313     157626
a     304     295     157626
a     305     334        435
a     305     306     157626
a     305     304     157626
a     305     314     157626
a     305     296     157626
a     306     327        473
a     306     305     157626
a     306     315     157626
a     306     297     157626
a     307     346       1229
a     307     308     157626
a     307     316     157626
a     307     298     157626
a     308     402       1503
a     308     309     157626
a     308     307     157626
a     308     317     157626
a     308     299     157626
a     309     331        707
a     309     310     157626
a     309     308     157626
a     309     318     157626
a     309     300     157626
a     310     344       1361
a     310     311     157626
a     310     309     157626
a     310     319     157626
a     310     301     157626
a     311     348       1822
a     311     312     157626
a     311     310     157626
a     311     320     157626
a     311     302     157626
a     312     379        765
a     312     313     157626
a     312     311     157626
a     312     321     157626
a     312     303     157626
a     313     371        990
a     313     314     157626
a     313     312     157626
a     313     322     157626
a     313     304     157626
a     314     369       1043
a     314     315     157626
a     314     313     157626
a     314     323     157626
a     314     305     157626
a     315     357       1588
a     315     314     157626
a     315     324     157626
a     315     306     157626
a     316     401       1665
a     316     317     157626
a     316     307     157626
a     317     338       1693
a     317     318     157626
a     317     316     157626
a     317     308     157626
a     318     395       1456
a     318     319     157626
a     318     317     157626
a     318     309     157626
a     319     376       1153
a     319     320     157626
a     319     318     157626
a     319     310     157626
a     320     363       1926
a     320     321     157626
a     320     319     157626
a     320     311     157626
a     321     333       1740
a     321     322     157626
a     321     320     157626
a     321     312     157626
a     322     366       1745
a     322     323     157626
a     322     321     157626
a     322     313     157626
a     323     375        352
a     323     324     157626
a     323     322     157626
a     323     314     157626
a     324     362       1885
a     324     323     157626
a     324     315     157626
a     325     326     157626
a     325     334     157626
a     326     327     157626
a     326     325     157626
a     326     335     157626
a     327     328     157626
a     327     326     157626
a     327     336     157626
a     328     329     157626
a     328     327     157626
a     328     337     157626
a     329     330     157626
a     329     328     157626
a     329     338     157626
a     330     331     157626
a     330     329     157626
a     330     339     157626
a     331     332     157626
a     331     330     157626
a     331     340     157626
a     332     333     157626
a     332     331     157626
a     332     341     157626
a     333     332     157626
a     333     342     157626
a     334     335     157626
a     334     343     157626
a     334     325     157626
a     335     336     157626
a     335     334     157626
a     335     344     157626
a     335     326     157626
a     336     337     157626
a     336     335     157626
a     336     345     157626
a     336     327     157626
a     337     338     157626
a     337     336     157626
a     337     346     157626
a     337     328     157626
a     338     339     157626
a     338     337     157626
a     338     347     157626
a     338     329     157626
a     339     340     157626
a     339     338     157626
a     339     348     157626
a     339     330     157626
a     340     341     157626
a     340     339     157626
a     340     349     157626
a     340     331     157626
a     341     342     157626
a     341     340     157626
a     341     350     157626
a     341     332     157626
a     342     341     157626
a     342     351     157626
a     342     333     157626
a     343     344     157626
a     343     352     157626
a     343     334     157626
a     344     345     157626
a     344     343     157626
a     344     353     157626
a     344     335     157626
a     345     346     157626
a     345     344     157626
a     345     354     157626
a     345     336     157626
a     346     347     157626
a     346     345     157626
a     346     355     157626
a     346     337     157626
a     347     348     157626
a     347     346     157626
a     347     356     157626
a     347     338     157626
a     348     349     157626
a     348     347     157626
a     348     357     157626
a     348     339     157626
a     349     350     157626
a     349     348     157626
a     349     358     157626
a     349     340     157626
a     350     351     157626
a     350     349     157626
a     350     359     157626
a     350     341     157626
a     351     350     157626
a     351     360     157626
a     351     342     157626
a     352     353     157626
a     352     361     157626
a     352     343     157626
a     353     354     157626
a     353     352     157626
a     353     362     157626
a     353     344     157626
a     354     355     157626
a     354     353     157626
a     354     363     157626
a     354     345     157626
a     355     356     157626
a     355     354     157626
a     355     364     157626
a     355     346     157626
a     356     357     157626
a     356     355     157626
a     356     365     157626
a     356     347     157626
a     357     358     157626
a     357     356     157626
a     357     366     157626
a     357     348     157626
a     358     359     157626
a     358     357     157626
a     358     367     157626
a     358     349     157626
a     359     360     157626
a     359     358     157626
a     359     368     157626
a     359     350     157626
a     360     359     157626
a     360     369     157626
a     360     351     157626
a     361     362     157626
a     361     370     157626
a     361     352     157626
a     362     363     157626
a     362     361     157626
a     362     371     157626
a     362     353     157626
a     363     364     157626
a     363     362     157626
a     363     372     157626
a     363     354     157626
a     364     365     157626
a     364     363     157626
a     364     373     157626
a     364     355     157626
a     365     366     157626
a     365     364     157626
a     365     374     157626
a     365     356     157626
a     366     367     157626
a     366     365     157626
a     366     375     157626
a     366     357     157626
a     367     368     157626
a     367     366     157626
a     367     376     157626
a     367     358     157626
a     368     369     157626
a     368     367     157626
a     368     377     157626
a     368     359     157626
a     369     368     157626
a     369     378     157626
a     369     360     157626
a     370     371     157626
a     370     379     157626
a     370     361     157626
a     371     372     157626
a     371     370     157626
a     371     380     157626
a     371     362     157626
a     372     373     157626
a     372     371     157626
a     372     381     157626
a     372     363     157626
a     373     374     157626
a     373     372     157626
a     373     382     157626
a     373     364     157626
a     374     375     157626
a     374     373     157626
a     374     383     157626
a     374     365     157626
a     375     376     157626
a     375     374     157626
a     375     384     157626
a     375     366     157626
a     376     377     157626
a     376     375     157626
a     376     385     157626
a     376     367     157626
a     377     378     157626
a     377     376     157626
a     377     386     157626
a     377     368     157626
a     378     377     157626
a     378     387     157626
a     378     369     157626
a     379     380     157626
a     379     388     157626
a     379     370     157626
a     380     381     157626
a     380     379     157626
a     380     389     157626
a     380     371     157626
a     381     382     157626
a     381     380     157626
a     381     390     157626
a     381     372     157626
a     382     383     157626
a     382     381     157626
a     382     391     157626
a     382     373     157626
a     383     384     157626
a     383     382     157626
a     383     392     157626
a     383     374     157626
a     384     385     157626
a     384     383     157626
a     384     393     157626
a     384     375     157626
a     385     386     157626
a     385     384     157626
a     385     394     157626
a     385     376     157626
a     386     387     157626
a     386     385     157626
a     386     395     157626
a     386     377     157626
a     387     386     157626
a     387     396     157626
a     387     378     157626
a     388     389     157626
a     388     397     157626
a     388     379     157626
a     389     390     157626
a     389     388     157626
a     389     398     157626
a     389     380     157626
a     390     391     157626
a     390     389     157626
a     390     399     157626
a     390     381     157626
a     391     392     157626
a     391     390     157626
a     391     400     157626
a     391     382     157626
a     392     393     157626
a     392     391     157626
a     392     401     157626
a     392     383     157626
a     393     394     157626
a     393     392     157626
a     393     402     157626
a     393     384     157626
a     394     395     157626
a     394     393     157626
a     394     403     157626
a     394     385     157626
a     395     396     157626
a     395     394     157626
a     395     404     157626
a     395     386     157626
a     396     395     157626
a     396     405     157626
a     396     387     157626
a     397     398     157626
a     397     388     157626
a     398     399     157626
a     398     397     157626
a     398     389     157626
a     399     400     157626
a     399     398     157626
a     399     390     157626
a     400     401     157626
a     400     399     157626
a     400     391     157626
a     401     402     157626
a     401     400     157626
a     401     392     157626
a     402     403     157626
a     402     401     157626
a     402     393     157626
a     403     404     157626
a     403     402     157626
a     403     394     157626
a     404     405     157626
a     404     403     157626
a     404     395     157626
a     405     404     157626
a     405     396     157626
