c This file was generated by genrmf.
c The parameters are: a: 5 b: 16 c1: 159 c2: 636 seed: 1666103673
p max     400       1655
n       1 s
n     400 t
a       1      28        627
a       1       2      15900
a       1       6      15900
a       2      31        468
a       2       3      15900
a       2       1      15900
a       2       7      15900
a       3      27        359
a       3       4      15900
a       3       2      15900
a       3       8      15900
a       4      46        230
a       4       5      15900
a       4       3      15900
a       4       9      15900
a       5      29        509
a       5       4      15900
a       5      10      15900
a       6      43        242
a       6       7      15900
a       6      11      15900
a       6       1      15900
a       7      41        313
a       7       8      15900
a       7       6      15900
a       7      12      15900
a       7       2      15900
a       8      33        546
a       8       9      15900
a       8       7      15900
a       8      13      15900
a       8       3      15900
a       9      47        452
a       9      10      15900
a       9       8      15900
a       9      14      15900
a       9       4      15900
a      10      40        248
a      10       9      15900
a      10      15      15900
a      10       5      15900
a      11      34        258
a      11      12      15900
a      11      16      15900
a      11       6      15900
a      12      42        314
a      12      13      15900
a      12      11      15900
a      12      17      15900
a      12       7      15900
a      13      32        189
a      13      14      15900
a      13      12      15900
a      13      18      15900
a      13       8      15900
a      14      48        574
a      14      15      15900
a      14      13      15900
a      14      19      15900
a      14       9      15900
a      15      49        315
a      15      14      15900
a      15      20      15900
a      15      10      15900
a      16      38        416
a      16      17      15900
a      16      21      15900
a      16      11      15900
a      17      44        547
a      17      18      15900
a      17      16      15900
a      17      22      15900
a      17      12      15900
a      18      50        177
a      18      19      15900
a      18      17      15900
a      18      23      15900
a      18      13      15900
a      19      36        507
a      19      20      15900
a      19      18      15900
a      19      24      15900
a      19      14      15900
a      20      30        459
a      20      19      15900
a      20      25      15900
a      20      15      15900
a      21      45        204
a      21      22      15900
a      21      16      15900
a      22      35        510
a      22      23      15900
a      22      21      15900
a      22      17      15900
a      23      37        330
a      23      24      15900
a      23      22      15900
a      23      18      15900
a      24      39        610
a      24      25      15900
a      24      23      15900
a      24      19      15900
a      25      26        335
a      25      24      15900
a      25      20      15900
a      26      67        616
a      26      27      15900
a      26      31      15900
a      27      66        541
a      27      28      15900
a      27      26      15900
a      27      32      15900
a      28      56        431
a      28      29      15900
a      28      27      15900
a      28      33      15900
a      29      59        626
a      29      30      15900
a      29      28      15900
a      29      34      15900
a      30      57        178
a      30      29      15900
a      30      35      15900
a      31      51        626
a      31      32      15900
a      31      36      15900
a      31      26      15900
a      32      70        190
a      32      33      15900
a      32      31      15900
a      32      37      15900
a      32      27      15900
a      33      69        510
a      33      34      15900
a      33      32      15900
a      33      38      15900
a      33      28      15900
a      34      72        435
a      34      35      15900
a      34      33      15900
a      34      39      15900
a      34      29      15900
a      35      52        632
a      35      34      15900
a      35      40      15900
a      35      30      15900
a      36      55        195
a      36      37      15900
a      36      41      15900
a      36      31      15900
a      37      75        459
a      37      38      15900
a      37      36      15900
a      37      42      15900
a      37      32      15900
a      38      54        472
a      38      39      15900
a      38      37      15900
a      38      43      15900
a      38      33      15900
a      39      61        599
a      39      40      15900
a      39      38      15900
a      39      44      15900
a      39      34      15900
a      40      63        602
a      40      39      15900
a      40      45      15900
a      40      35      15900
a      41      73        539
a      41      42      15900
a      41      46      15900
a      41      36      15900
a      42      53        318
a      42      43      15900
a      42      41      15900
a      42      47      15900
a      42      37      15900
a      43      74        209
a      43      44      15900
a      43      42      15900
a      43      48      15900
a      43      38      15900
a      44      68        217
a      44      45      15900
a      44      43      15900
a      44      49      15900
a      44      39      15900
a      45      65        461
a      45      44      15900
a      45      50      15900
a      45      40      15900
a      46      60        321
a      46      47      15900
a      46      41      15900
a      47      64        280
a      47      48      15900
a      47      46      15900
a      47      42      15900
a      48      71        245
a      48      49      15900
a      48      47      15900
a      48      43      15900
a      49      58        293
a      49      50      15900
a      49      48      15900
a      49      44      15900
a      50      62        509
a      50      49      15900
a      50      45      15900
a      51      93        346
a      51      52      15900
a      51      56      15900
a      52      87        606
a      52      53      15900
a      52      51      15900
a      52      57      15900
a      53      98        359
a      53      54      15900
a      53      52      15900
a      53      58      15900
a      54      86        520
a      54      55      15900
a      54      53      15900
a      54      59      15900
a      55      89        471
a      55      54      15900
a      55      60      15900
a      56      80        207
a      56      57      15900
a      56      61      15900
a      56      51      15900
a      57      95        237
a      57      58      15900
a      57      56      15900
a      57      62      15900
a      57      52      15900
a      58     100        259
a      58      59      15900
a      58      57      15900
a      58      63      15900
a      58      53      15900
a      59      78        492
a      59      60      15900
a      59      58      15900
a      59      64      15900
a      59      54      15900
a      60      83        403
a      60      59      15900
a      60      65      15900
a      60      55      15900
a      61      92        584
a      61      62      15900
a      61      66      15900
a      61      56      15900
a      62      97        529
a      62      63      15900
a      62      61      15900
a      62      67      15900
a      62      57      15900
a      63      88        186
a      63      64      15900
a      63      62      15900
a      63      68      15900
a      63      58      15900
a      64      94        331
a      64      65      15900
a      64      63      15900
a      64      69      15900
a      64      59      15900
a      65      85        447
a      65      64      15900
a      65      70      15900
a      65      60      15900
a      66      91        289
a      66      67      15900
a      66      71      15900
a      66      61      15900
a      67      90        484
a      67      68      15900
a      67      66      15900
a      67      72      15900
a      67      62      15900
a      68      79        516
a      68      69      15900
a      68      67      15900
a      68      73      15900
a      68      63      15900
a      69      81        456
a      69      70      15900
a      69      68      15900
a      69      74      15900
a      69      64      15900
a      70      82        517
a      70      69      15900
a      70      75      15900
a      70      65      15900
a      71      76        290
a      71      72      15900
a      71      66      15900
a      72      99        524
a      72      73      15900
a      72      71      15900
a      72      67      15900
a      73      77        231
a      73      74      15900
a      73      72      15900
a      73      68      15900
a      74      84        422
a      74      75      15900
a      74      73      15900
a      74      69      15900
a      75      96        448
a      75      74      15900
a      75      70      15900
a      76     111        296
a      76      77      15900
a      76      81      15900
a      77     109        431
a      77      78      15900
a      77      76      15900
a      77      82      15900
a      78     122        588
a      78      79      15900
a      78      77      15900
a      78      83      15900
a      79     103        406
a      79      80      15900
a      79      78      15900
a      79      84      15900
a      80     121        458
a      80      79      15900
a      80      85      15900
a      81     117        308
a      81      82      15900
a      81      86      15900
a      81      76      15900
a      82     123        296
a      82      83      15900
a      82      81      15900
a      82      87      15900
a      82      77      15900
a      83     110        357
a      83      84      15900
a      83      82      15900
a      83      88      15900
a      83      78      15900
a      84     125        560
a      84      85      15900
a      84      83      15900
a      84      89      15900
a      84      79      15900
a      85     124        232
a      85      84      15900
a      85      90      15900
a      85      80      15900
a      86     120        300
a      86      87      15900
a      86      91      15900
a      86      81      15900
a      87     108        327
a      87      88      15900
a      87      86      15900
a      87      92      15900
a      87      82      15900
a      88     119        630
a      88      89      15900
a      88      87      15900
a      88      93      15900
a      88      83      15900
a      89     114        445
a      89      90      15900
a      89      88      15900
a      89      94      15900
a      89      84      15900
a      90     106        352
a      90      89      15900
a      90      95      15900
a      90      85      15900
a      91     115        460
a      91      92      15900
a      91      96      15900
a      91      86      15900
a      92     102        164
a      92      93      15900
a      92      91      15900
a      92      97      15900
a      92      87      15900
a      93     107        337
a      93      94      15900
a      93      92      15900
a      93      98      15900
a      93      88      15900
a      94     112        457
a      94      95      15900
a      94      93      15900
a      94      99      15900
a      94      89      15900
a      95     118        394
a      95      94      15900
a      95     100      15900
a      95      90      15900
a      96     104        503
a      96      97      15900
a      96      91      15900
a      97     101        258
a      97      98      15900
a      97      96      15900
a      97      92      15900
a      98     113        578
a      98      99      15900
a      98      97      15900
a      98      93      15900
a      99     116        174
a      99     100      15900
a      99      98      15900
a      99      94      15900
a     100     105        471
a     100      99      15900
a     100      95      15900
a     101     128        317
a     101     102      15900
a     101     106      15900
a     102     137        535
a     102     103      15900
a     102     101      15900
a     102     107      15900
a     103     147        270
a     103     104      15900
a     103     102      15900
a     103     108      15900
a     104     148        357
a     104     105      15900
a     104     103      15900
a     104     109      15900
a     105     135        260
a     105     104      15900
a     105     110      15900
a     106     143        252
a     106     107      15900
a     106     111      15900
a     106     101      15900
a     107     136        607
a     107     108      15900
a     107     106      15900
a     107     112      15900
a     107     102      15900
a     108     132        185
a     108     109      15900
a     108     107      15900
a     108     113      15900
a     108     103      15900
a     109     133        523
a     109     110      15900
a     109     108      15900
a     109     114      15900
a     109     104      15900
a     110     126        514
a     110     109      15900
a     110     115      15900
a     110     105      15900
a     111     144        395
a     111     112      15900
a     111     116      15900
a     111     106      15900
a     112     145        627
a     112     113      15900
a     112     111      15900
a     112     117      15900
a     112     107      15900
a     113     150        291
a     113     114      15900
a     113     112      15900
a     113     118      15900
a     113     108      15900
a     114     129        393
a     114     115      15900
a     114     113      15900
a     114     119      15900
a     114     109      15900
a     115     139        206
a     115     114      15900
a     115     120      15900
a     115     110      15900
a     116     146        457
a     116     117      15900
a     116     121      15900
a     116     111      15900
a     117     141        341
a     117     118      15900
a     117     116      15900
a     117     122      15900
a     117     112      15900
a     118     130        521
a     118     119      15900
a     118     117      15900
a     118     123      15900
a     118     113      15900
a     119     149        555
a     119     120      15900
a     119     118      15900
a     119     124      15900
a     119     114      15900
a     120     142        439
a     120     119      15900
a     120     125      15900
a     120     115      15900
a     121     131        360
a     121     122      15900
a     121     116      15900
a     122     140        513
a     122     123      15900
a     122     121      15900
a     122     117      15900
a     123     134        319
a     123     124      15900
a     123     122      15900
a     123     118      15900
a     124     138        214
a     124     125      15900
a     124     123      15900
a     124     119      15900
a     125     127        409
a     125     124      15900
a     125     120      15900
a     126     153        341
a     126     127      15900
a     126     131      15900
a     127     174        626
a     127     128      15900
a     127     126      15900
a     127     132      15900
a     128     170        345
a     128     129      15900
a     128     127      15900
a     128     133      15900
a     129     168        560
a     129     130      15900
a     129     128      15900
a     129     134      15900
a     130     172        269
a     130     129      15900
a     130     135      15900
a     131     156        421
a     131     132      15900
a     131     136      15900
a     131     126      15900
a     132     165        285
a     132     133      15900
a     132     131      15900
a     132     137      15900
a     132     127      15900
a     133     171        405
a     133     134      15900
a     133     132      15900
a     133     138      15900
a     133     128      15900
a     134     167        468
a     134     135      15900
a     134     133      15900
a     134     139      15900
a     134     129      15900
a     135     158        467
a     135     134      15900
a     135     140      15900
a     135     130      15900
a     136     159        546
a     136     137      15900
a     136     141      15900
a     136     131      15900
a     137     151        530
a     137     138      15900
a     137     136      15900
a     137     142      15900
a     137     132      15900
a     138     166        538
a     138     139      15900
a     138     137      15900
a     138     143      15900
a     138     133      15900
a     139     155        602
a     139     140      15900
a     139     138      15900
a     139     144      15900
a     139     134      15900
a     140     163        319
a     140     139      15900
a     140     145      15900
a     140     135      15900
a     141     162        344
a     141     142      15900
a     141     146      15900
a     141     136      15900
a     142     152        531
a     142     143      15900
a     142     141      15900
a     142     147      15900
a     142     137      15900
a     143     169        485
a     143     144      15900
a     143     142      15900
a     143     148      15900
a     143     138      15900
a     144     157        452
a     144     145      15900
a     144     143      15900
a     144     149      15900
a     144     139      15900
a     145     164        397
a     145     144      15900
a     145     150      15900
a     145     140      15900
a     146     161        295
a     146     147      15900
a     146     141      15900
a     147     173        482
a     147     148      15900
a     147     146      15900
a     147     142      15900
a     148     154        371
a     148     149      15900
a     148     147      15900
a     148     143      15900
a     149     160        418
a     149     150      15900
a     149     148      15900
a     149     144      15900
a     150     175        384
a     150     149      15900
a     150     145      15900
a     151     183        217
a     151     152      15900
a     151     156      15900
a     152     186        251
a     152     153      15900
a     152     151      15900
a     152     157      15900
a     153     179        220
a     153     154      15900
a     153     152      15900
a     153     158      15900
a     154     197        446
a     154     155      15900
a     154     153      15900
a     154     159      15900
a     155     191        415
a     155     154      15900
a     155     160      15900
a     156     185        514
a     156     157      15900
a     156     161      15900
a     156     151      15900
a     157     189        467
a     157     158      15900
a     157     156      15900
a     157     162      15900
a     157     152      15900
a     158     188        244
a     158     159      15900
a     158     157      15900
a     158     163      15900
a     158     153      15900
a     159     194        633
a     159     160      15900
a     159     158      15900
a     159     164      15900
a     159     154      15900
a     160     176        284
a     160     159      15900
a     160     165      15900
a     160     155      15900
a     161     177        300
a     161     162      15900
a     161     166      15900
a     161     156      15900
a     162     195        519
a     162     163      15900
a     162     161      15900
a     162     167      15900
a     162     157      15900
a     163     198        433
a     163     164      15900
a     163     162      15900
a     163     168      15900
a     163     158      15900
a     164     200        442
a     164     165      15900
a     164     163      15900
a     164     169      15900
a     164     159      15900
a     165     180        332
a     165     164      15900
a     165     170      15900
a     165     160      15900
a     166     184        191
a     166     167      15900
a     166     171      15900
a     166     161      15900
a     167     182        429
a     167     168      15900
a     167     166      15900
a     167     172      15900
a     167     162      15900
a     168     190        201
a     168     169      15900
a     168     167      15900
a     168     173      15900
a     168     163      15900
a     169     178        522
a     169     170      15900
a     169     168      15900
a     169     174      15900
a     169     164      15900
a     170     181        560
a     170     169      15900
a     170     175      15900
a     170     165      15900
a     171     187        541
a     171     172      15900
a     171     166      15900
a     172     199        363
a     172     173      15900
a     172     171      15900
a     172     167      15900
a     173     193        404
a     173     174      15900
a     173     172      15900
a     173     168      15900
a     174     196        265
a     174     175      15900
a     174     173      15900
a     174     169      15900
a     175     192        562
a     175     174      15900
a     175     170      15900
a     176     203        544
a     176     177      15900
a     176     181      15900
a     177     218        584
a     177     178      15900
a     177     176      15900
a     177     182      15900
a     178     223        484
a     178     179      15900
a     178     177      15900
a     178     183      15900
a     179     224        521
a     179     180      15900
a     179     178      15900
a     179     184      15900
a     180     210        160
a     180     179      15900
a     180     185      15900
a     181     205        399
a     181     182      15900
a     181     186      15900
a     181     176      15900
a     182     201        218
a     182     183      15900
a     182     181      15900
a     182     187      15900
a     182     177      15900
a     183     221        264
a     183     184      15900
a     183     182      15900
a     183     188      15900
a     183     178      15900
a     184     222        231
a     184     185      15900
a     184     183      15900
a     184     189      15900
a     184     179      15900
a     185     214        351
a     185     184      15900
a     185     190      15900
a     185     180      15900
a     186     216        339
a     186     187      15900
a     186     191      15900
a     186     181      15900
a     187     213        333
a     187     188      15900
a     187     186      15900
a     187     192      15900
a     187     182      15900
a     188     211        434
a     188     189      15900
a     188     187      15900
a     188     193      15900
a     188     183      15900
a     189     225        326
a     189     190      15900
a     189     188      15900
a     189     194      15900
a     189     184      15900
a     190     206        411
a     190     189      15900
a     190     195      15900
a     190     185      15900
a     191     202        328
a     191     192      15900
a     191     196      15900
a     191     186      15900
a     192     212        169
a     192     193      15900
a     192     191      15900
a     192     197      15900
a     192     187      15900
a     193     217        518
a     193     194      15900
a     193     192      15900
a     193     198      15900
a     193     188      15900
a     194     209        544
a     194     195      15900
a     194     193      15900
a     194     199      15900
a     194     189      15900
a     195     207        497
a     195     194      15900
a     195     200      15900
a     195     190      15900
a     196     220        270
a     196     197      15900
a     196     191      15900
a     197     204        210
a     197     198      15900
a     197     196      15900
a     197     192      15900
a     198     215        480
a     198     199      15900
a     198     197      15900
a     198     193      15900
a     199     208        352
a     199     200      15900
a     199     198      15900
a     199     194      15900
a     200     219        498
a     200     199      15900
a     200     195      15900
a     201     240        181
a     201     202      15900
a     201     206      15900
a     202     247        559
a     202     203      15900
a     202     201      15900
a     202     207      15900
a     203     242        513
a     203     204      15900
a     203     202      15900
a     203     208      15900
a     204     230        303
a     204     205      15900
a     204     203      15900
a     204     209      15900
a     205     229        288
a     205     204      15900
a     205     210      15900
a     206     231        457
a     206     207      15900
a     206     211      15900
a     206     201      15900
a     207     237        547
a     207     208      15900
a     207     206      15900
a     207     212      15900
a     207     202      15900
a     208     246        584
a     208     209      15900
a     208     207      15900
a     208     213      15900
a     208     203      15900
a     209     248        448
a     209     210      15900
a     209     208      15900
a     209     214      15900
a     209     204      15900
a     210     239        177
a     210     209      15900
a     210     215      15900
a     210     205      15900
a     211     241        387
a     211     212      15900
a     211     216      15900
a     211     206      15900
a     212     236        409
a     212     213      15900
a     212     211      15900
a     212     217      15900
a     212     207      15900
a     213     228        373
a     213     214      15900
a     213     212      15900
a     213     218      15900
a     213     208      15900
a     214     243        622
a     214     215      15900
a     214     213      15900
a     214     219      15900
a     214     209      15900
a     215     238        619
a     215     214      15900
a     215     220      15900
a     215     210      15900
a     216     233        536
a     216     217      15900
a     216     221      15900
a     216     211      15900
a     217     227        578
a     217     218      15900
a     217     216      15900
a     217     222      15900
a     217     212      15900
a     218     234        301
a     218     219      15900
a     218     217      15900
a     218     223      15900
a     218     213      15900
a     219     249        439
a     219     220      15900
a     219     218      15900
a     219     224      15900
a     219     214      15900
a     220     226        163
a     220     219      15900
a     220     225      15900
a     220     215      15900
a     221     250        590
a     221     222      15900
a     221     216      15900
a     222     244        561
a     222     223      15900
a     222     221      15900
a     222     217      15900
a     223     235        604
a     223     224      15900
a     223     222      15900
a     223     218      15900
a     224     232        449
a     224     225      15900
a     224     223      15900
a     224     219      15900
a     225     245        480
a     225     224      15900
a     225     220      15900
a     226     261        292
a     226     227      15900
a     226     231      15900
a     227     259        222
a     227     228      15900
a     227     226      15900
a     227     232      15900
a     228     266        328
a     228     229      15900
a     228     227      15900
a     228     233      15900
a     229     254        337
a     229     230      15900
a     229     228      15900
a     229     234      15900
a     230     252        332
a     230     229      15900
a     230     235      15900
a     231     269        370
a     231     232      15900
a     231     236      15900
a     231     226      15900
a     232     256        316
a     232     233      15900
a     232     231      15900
a     232     237      15900
a     232     227      15900
a     233     274        508
a     233     234      15900
a     233     232      15900
a     233     238      15900
a     233     228      15900
a     234     275        415
a     234     235      15900
a     234     233      15900
a     234     239      15900
a     234     229      15900
a     235     272        314
a     235     234      15900
a     235     240      15900
a     235     230      15900
a     236     262        350
a     236     237      15900
a     236     241      15900
a     236     231      15900
a     237     251        352
a     237     238      15900
a     237     236      15900
a     237     242      15900
a     237     232      15900
a     238     260        270
a     238     239      15900
a     238     237      15900
a     238     243      15900
a     238     233      15900
a     239     257        437
a     239     240      15900
a     239     238      15900
a     239     244      15900
a     239     234      15900
a     240     258        393
a     240     239      15900
a     240     245      15900
a     240     235      15900
a     241     255        346
a     241     242      15900
a     241     246      15900
a     241     236      15900
a     242     268        571
a     242     243      15900
a     242     241      15900
a     242     247      15900
a     242     237      15900
a     243     263        380
a     243     244      15900
a     243     242      15900
a     243     248      15900
a     243     238      15900
a     244     271        209
a     244     245      15900
a     244     243      15900
a     244     249      15900
a     244     239      15900
a     245     267        316
a     245     244      15900
a     245     250      15900
a     245     240      15900
a     246     253        292
a     246     247      15900
a     246     241      15900
a     247     264        280
a     247     248      15900
a     247     246      15900
a     247     242      15900
a     248     270        410
a     248     249      15900
a     248     247      15900
a     248     243      15900
a     249     273        517
a     249     250      15900
a     249     248      15900
a     249     244      15900
a     250     265        248
a     250     249      15900
a     250     245      15900
a     251     291        397
a     251     252      15900
a     251     256      15900
a     252     282        260
a     252     253      15900
a     252     251      15900
a     252     257      15900
a     253     292        361
a     253     254      15900
a     253     252      15900
a     253     258      15900
a     254     280        249
a     254     255      15900
a     254     253      15900
a     254     259      15900
a     255     286        589
a     255     254      15900
a     255     260      15900
a     256     288        417
a     256     257      15900
a     256     261      15900
a     256     251      15900
a     257     295        582
a     257     258      15900
a     257     256      15900
a     257     262      15900
a     257     252      15900
a     258     293        428
a     258     259      15900
a     258     257      15900
a     258     263      15900
a     258     253      15900
a     259     277        263
a     259     260      15900
a     259     258      15900
a     259     264      15900
a     259     254      15900
a     260     294        305
a     260     259      15900
a     260     265      15900
a     260     255      15900
a     261     281        444
a     261     262      15900
a     261     266      15900
a     261     256      15900
a     262     278        320
a     262     263      15900
a     262     261      15900
a     262     267      15900
a     262     257      15900
a     263     285        524
a     263     264      15900
a     263     262      15900
a     263     268      15900
a     263     258      15900
a     264     290        201
a     264     265      15900
a     264     263      15900
a     264     269      15900
a     264     259      15900
a     265     299        403
a     265     264      15900
a     265     270      15900
a     265     260      15900
a     266     296        521
a     266     267      15900
a     266     271      15900
a     266     261      15900
a     267     279        357
a     267     268      15900
a     267     266      15900
a     267     272      15900
a     267     262      15900
a     268     284        454
a     268     269      15900
a     268     267      15900
a     268     273      15900
a     268     263      15900
a     269     298        442
a     269     270      15900
a     269     268      15900
a     269     274      15900
a     269     264      15900
a     270     297        243
a     270     269      15900
a     270     275      15900
a     270     265      15900
a     271     283        205
a     271     272      15900
a     271     266      15900
a     272     287        245
a     272     273      15900
a     272     271      15900
a     272     267      15900
a     273     289        261
a     273     274      15900
a     273     272      15900
a     273     268      15900
a     274     300        173
a     274     275      15900
a     274     273      15900
a     274     269      15900
a     275     276        403
a     275     274      15900
a     275     270      15900
a     276     314        426
a     276     277      15900
a     276     281      15900
a     277     307        561
a     277     278      15900
a     277     276      15900
a     277     282      15900
a     278     304        323
a     278     279      15900
a     278     277      15900
a     278     283      15900
a     279     309        282
a     279     280      15900
a     279     278      15900
a     279     284      15900
a     280     305        376
a     280     279      15900
a     280     285      15900
a     281     302        206
a     281     282      15900
a     281     286      15900
a     281     276      15900
a     282     325        626
a     282     283      15900
a     282     281      15900
a     282     287      15900
a     282     277      15900
a     283     317        386
a     283     284      15900
a     283     282      15900
a     283     288      15900
a     283     278      15900
a     284     316        256
a     284     285      15900
a     284     283      15900
a     284     289      15900
a     284     279      15900
a     285     323        331
a     285     284      15900
a     285     290      15900
a     285     280      15900
a     286     303        282
a     286     287      15900
a     286     291      15900
a     286     281      15900
a     287     320        633
a     287     288      15900
a     287     286      15900
a     287     292      15900
a     287     282      15900
a     288     324        443
a     288     289      15900
a     288     287      15900
a     288     293      15900
a     288     283      15900
a     289     308        404
a     289     290      15900
a     289     288      15900
a     289     294      15900
a     289     284      15900
a     290     322        424
a     290     289      15900
a     290     295      15900
a     290     285      15900
a     291     321        320
a     291     292      15900
a     291     296      15900
a     291     286      15900
a     292     312        278
a     292     293      15900
a     292     291      15900
a     292     297      15900
a     292     287      15900
a     293     319        394
a     293     294      15900
a     293     292      15900
a     293     298      15900
a     293     288      15900
a     294     310        490
a     294     295      15900
a     294     293      15900
a     294     299      15900
a     294     289      15900
a     295     315        636
a     295     294      15900
a     295     300      15900
a     295     290      15900
a     296     306        459
a     296     297      15900
a     296     291      15900
a     297     311        308
a     297     298      15900
a     297     296      15900
a     297     292      15900
a     298     301        529
a     298     299      15900
a     298     297      15900
a     298     293      15900
a     299     313        187
a     299     300      15900
a     299     298      15900
a     299     294      15900
a     300     318        608
a     300     299      15900
a     300     295      15900
a     301     332        405
a     301     302      15900
a     301     306      15900
a     302     327        518
a     302     303      15900
a     302     301      15900
a     302     307      15900
a     303     344        285
a     303     304      15900
a     303     302      15900
a     303     308      15900
a     304     348        410
a     304     305      15900
a     304     303      15900
a     304     309      15900
a     305     341        608
a     305     304      15900
a     305     310      15900
a     306     347        391
a     306     307      15900
a     306     311      15900
a     306     301      15900
a     307     326        346
a     307     308      15900
a     307     306      15900
a     307     312      15900
a     307     302      15900
a     308     337        556
a     308     309      15900
a     308     307      15900
a     308     313      15900
a     308     303      15900
a     309     346        613
a     309     310      15900
a     309     308      15900
a     309     314      15900
a     309     304      15900
a     310     335        222
a     310     309      15900
a     310     315      15900
a     310     305      15900
a     311     342        416
a     311     312      15900
a     311     316      15900
a     311     306      15900
a     312     336        581
a     312     313      15900
a     312     311      15900
a     312     317      15900
a     312     307      15900
a     313     349        191
a     313     314      15900
a     313     312      15900
a     313     318      15900
a     313     308      15900
a     314     329        202
a     314     315      15900
a     314     313      15900
a     314     319      15900
a     314     309      15900
a     315     339        425
a     315     314      15900
a     315     320      15900
a     315     310      15900
a     316     340        506
a     316     317      15900
a     316     321      15900
a     316     311      15900
a     317     333        271
a     317     318      15900
a     317     316      15900
a     317     322      15900
a     317     312      15900
a     318     330        464
a     318     319      15900
a     318     317      15900
a     318     323      15900
a     318     313      15900
a     319     338        600
a     319     320      15900
a     319     318      15900
a     319     324      15900
a     319     314      15900
a     320     350        288
a     320     319      15900
a     320     325      15900
a     320     315      15900
a     321     334        355
a     321     322      15900
a     321     316      15900
a     322     345        370
a     322     323      15900
a     322     321      15900
a     322     317      15900
a     323     343        531
a     323     324      15900
a     323     322      15900
a     323     318      15900
a     324     328        554
a     324     325      15900
a     324     323      15900
a     324     319      15900
a     325     331        562
a     325     324      15900
a     325     320      15900
a     326     355        191
a     326     327      15900
a     326     331      15900
a     327     354        238
a     327     328      15900
a     327     326      15900
a     327     332      15900
a     328     356        564
a     328     329      15900
a     328     327      15900
a     328     333      15900
a     329     368        472
a     329     330      15900
a     329     328      15900
a     329     334      15900
a     330     373        478
a     330     329      15900
a     330     335      15900
a     331     372        482
a     331     332      15900
a     331     336      15900
a     331     326      15900
a     332     369        592
a     332     333      15900
a     332     331      15900
a     332     337      15900
a     332     327      15900
a     333     357        437
a     333     334      15900
a     333     332      15900
a     333     338      15900
a     333     328      15900
a     334     360        634
a     334     335      15900
a     334     333      15900
a     334     339      15900
a     334     329      15900
a     335     352        505
a     335     334      15900
a     335     340      15900
a     335     330      15900
a     336     366        583
a     336     337      15900
a     336     341      15900
a     336     331      15900
a     337     364        249
a     337     338      15900
a     337     336      15900
a     337     342      15900
a     337     332      15900
a     338     362        162
a     338     339      15900
a     338     337      15900
a     338     343      15900
a     338     333      15900
a     339     375        540
a     339     340      15900
a     339     338      15900
a     339     344      15900
a     339     334      15900
a     340     358        264
a     340     339      15900
a     340     345      15900
a     340     335      15900
a     341     353        450
a     341     342      15900
a     341     346      15900
a     341     336      15900
a     342     363        634
a     342     343      15900
a     342     341      15900
a     342     347      15900
a     342     337      15900
a     343     361        426
a     343     344      15900
a     343     342      15900
a     343     348      15900
a     343     338      15900
a     344     351        282
a     344     345      15900
a     344     343      15900
a     344     349      15900
a     344     339      15900
a     345     365        401
a     345     344      15900
a     345     350      15900
a     345     340      15900
a     346     371        468
a     346     347      15900
a     346     341      15900
a     347     374        329
a     347     348      15900
a     347     346      15900
a     347     342      15900
a     348     367        403
a     348     349      15900
a     348     347      15900
a     348     343      15900
a     349     359        262
a     349     350      15900
a     349     348      15900
a     349     344      15900
a     350     370        180
a     350     349      15900
a     350     345      15900
a     351     376        361
a     351     352      15900
a     351     356      15900
a     352     396        335
a     352     353      15900
a     352     351      15900
a     352     357      15900
a     353     399        481
a     353     354      15900
a     353     352      15900
a     353     358      15900
a     354     393        368
a     354     355      15900
a     354     353      15900
a     354     359      15900
a     355     391        314
a     355     354      15900
a     355     360      15900
a     356     400        626
a     356     357      15900
a     356     361      15900
a     356     351      15900
a     357     383        332
a     357     358      15900
a     357     356      15900
a     357     362      15900
a     357     352      15900
a     358     390        315
a     358     359      15900
a     358     357      15900
a     358     363      15900
a     358     353      15900
a     359     397        598
a     359     360      15900
a     359     358      15900
a     359     364      15900
a     359     354      15900
a     360     394        278
a     360     359      15900
a     360     365      15900
a     360     355      15900
a     361     379        400
a     361     362      15900
a     361     366      15900
a     361     356      15900
a     362     377        355
a     362     363      15900
a     362     361      15900
a     362     367      15900
a     362     357      15900
a     363     378        306
a     363     364      15900
a     363     362      15900
a     363     368      15900
a     363     358      15900
a     364     389        419
a     364     365      15900
a     364     363      15900
a     364     369      15900
a     364     359      15900
a     365     386        231
a     365     364      15900
a     365     370      15900
a     365     360      15900
a     366     388        615
a     366     367      15900
a     366     371      15900
a     366     361      15900
a     367     381        393
a     367     368      15900
a     367     366      15900
a     367     372      15900
a     367     362      15900
a     368     392        506
a     368     369      15900
a     368     367      15900
a     368     373      15900
a     368     363      15900
a     369     384        562
a     369     370      15900
a     369     368      15900
a     369     374      15900
a     369     364      15900
a     370     380        301
a     370     369      15900
a     370     375      15900
a     370     365      15900
a     371     382        238
a     371     372      15900
a     371     366      15900
a     372     398        352
a     372     373      15900
a     372     371      15900
a     372     367      15900
a     373     395        186
a     373     374      15900
a     373     372      15900
a     373     368      15900
a     374     387        163
a     374     375      15900
a     374     373      15900
a     374     369      15900
a     375     385        208
a     375     374      15900
a     375     370      15900
a     376     377      15900
a     376     381      15900
a     377     378      15900
a     377     376      15900
a     377     382      15900
a     378     379      15900
a     378     377      15900
a     378     383      15900
a     379     380      15900
a     379     378      15900
a     379     384      15900
a     380     379      15900
a     380     385      15900
a     381     382      15900
a     381     386      15900
a     381     376      15900
a     382     383      15900
a     382     381      15900
a     382     387      15900
a     382     377      15900
a     383     384      15900
a     383     382      15900
a     383     388      15900
a     383     378      15900
a     384     385      15900
a     384     383      15900
a     384     389      15900
a     384     379      15900
a     385     384      15900
a     385     390      15900
a     385     380      15900
a     386     387      15900
a     386     391      15900
a     386     381      15900
a     387     388      15900
a     387     386      15900
a     387     392      15900
a     387     382      15900
a     388     389      15900
a     388     387      15900
a     388     393      15900
a     388     383      15900
a     389     390      15900
a     389     388      15900
a     389     394      15900
a     389     384      15900
a     390     389      15900
a     390     395      15900
a     390     385      15900
a     391     392      15900
a     391     396      15900
a     391     386      15900
a     392     393      15900
a     392     391      15900
a     392     397      15900
a     392     387      15900
a     393     394      15900
a     393     392      15900
a     393     398      15900
a     393     388      15900
a     394     395      15900
a     394     393      15900
a     394     399      15900
a     394     389      15900
a     395     394      15900
a     395     400      15900
a     395     390      15900
a     396     397      15900
a     396     391      15900
a     397     398      15900
a     397     396      15900
a     397     392      15900
a     398     399      15900
a     398     397      15900
a     398     393      15900
a     399     400      15900
a     399     398      15900
a     399     394      15900
a     400     399      15900
a     400     395      15900
