c This file was generated by genrmf.
c The parameters are: a: 8 b: 9 c1: 87 c2: 879 seed: 1666103673
p max     576       2528
n       1 s
n     576 t
a       1      71        164
a       1       2      56256
a       1       9      56256
a       2      77        402
a       2       3      56256
a       2       1      56256
a       2      10      56256
a       3      76        190
a       3       4      56256
a       3       2      56256
a       3      11      56256
a       4     117        202
a       4       5      56256
a       4       3      56256
a       4      12      56256
a       5     116        793
a       5       6      56256
a       5       4      56256
a       5      13      56256
a       6     106        329
a       6       7      56256
a       6       5      56256
a       6      14      56256
a       7      98        335
a       7       8      56256
a       7       6      56256
a       7      15      56256
a       8      73        656
a       8       7      56256
a       8      16      56256
a       9     118        362
a       9      10      56256
a       9      17      56256
a       9       1      56256
a      10      92        634
a      10      11      56256
a      10       9      56256
a      10      18      56256
a      10       2      56256
a      11      72        846
a      11      12      56256
a      11      10      56256
a      11      19      56256
a      11       3      56256
a      12      95        722
a      12      13      56256
a      12      11      56256
a      12      20      56256
a      12       4      56256
a      13      74        539
a      13      14      56256
a      13      12      56256
a      13      21      56256
a      13       5      56256
a      14     119        863
a      14      15      56256
a      14      13      56256
a      14      22      56256
a      14       6      56256
a      15     122        119
a      15      16      56256
a      15      14      56256
a      15      23      56256
a      15       7      56256
a      16      81        863
a      16      15      56256
a      16      24      56256
a      16       8      56256
a      17      67        139
a      17      18      56256
a      17      25      56256
a      17       9      56256
a      18     124        670
a      18      19      56256
a      18      17      56256
a      18      26      56256
a      18      10      56256
a      19     105        545
a      19      20      56256
a      19      18      56256
a      19      27      56256
a      19      11      56256
a      20      66        873
a      20      21      56256
a      20      19      56256
a      20      28      56256
a      20      12      56256
a      21      90        147
a      21      22      56256
a      21      20      56256
a      21      29      56256
a      21      13      56256
a      22     109        586
a      22      23      56256
a      22      21      56256
a      22      30      56256
a      22      14      56256
a      23     107        607
a      23      24      56256
a      23      22      56256
a      23      31      56256
a      23      15      56256
a      24      84        817
a      24      23      56256
a      24      32      56256
a      24      16      56256
a      25     128        822
a      25      26      56256
a      25      33      56256
a      25      17      56256
a      26     115        718
a      26      27      56256
a      26      25      56256
a      26      34      56256
a      26      18      56256
a      27      70        351
a      27      28      56256
a      27      26      56256
a      27      35      56256
a      27      19      56256
a      28      97        170
a      28      29      56256
a      28      27      56256
a      28      36      56256
a      28      20      56256
a      29      78        183
a      29      30      56256
a      29      28      56256
a      29      37      56256
a      29      21      56256
a      30     100        589
a      30      31      56256
a      30      29      56256
a      30      38      56256
a      30      22      56256
a      31      83        356
a      31      32      56256
a      31      30      56256
a      31      39      56256
a      31      23      56256
a      32      79        288
a      32      31      56256
a      32      40      56256
a      32      24      56256
a      33      69        229
a      33      34      56256
a      33      41      56256
a      33      25      56256
a      34     103        309
a      34      35      56256
a      34      33      56256
a      34      42      56256
a      34      26      56256
a      35      80        669
a      35      36      56256
a      35      34      56256
a      35      43      56256
a      35      27      56256
a      36      86        682
a      36      37      56256
a      36      35      56256
a      36      44      56256
a      36      28      56256
a      37     102        873
a      37      38      56256
a      37      36      56256
a      37      45      56256
a      37      29      56256
a      38     125        546
a      38      39      56256
a      38      37      56256
a      38      46      56256
a      38      30      56256
a      39     111        466
a      39      40      56256
a      39      38      56256
a      39      47      56256
a      39      31      56256
a      40      68        731
a      40      39      56256
a      40      48      56256
a      40      32      56256
a      41      82        297
a      41      42      56256
a      41      49      56256
a      41      33      56256
a      42      91        126
a      42      43      56256
a      42      41      56256
a      42      50      56256
a      42      34      56256
a      43     123        273
a      43      44      56256
a      43      42      56256
a      43      51      56256
a      43      35      56256
a      44     121        482
a      44      45      56256
a      44      43      56256
a      44      52      56256
a      44      36      56256
a      45     110        794
a      45      46      56256
a      45      44      56256
a      45      53      56256
a      45      37      56256
a      46      87        556
a      46      47      56256
a      46      45      56256
a      46      54      56256
a      46      38      56256
a      47     104        426
a      47      48      56256
a      47      46      56256
a      47      55      56256
a      47      39      56256
a      48      89        260
a      48      47      56256
a      48      56      56256
a      48      40      56256
a      49      75        292
a      49      50      56256
a      49      57      56256
a      49      41      56256
a      50     120        544
a      50      51      56256
a      50      49      56256
a      50      58      56256
a      50      42      56256
a      51     113        836
a      51      52      56256
a      51      50      56256
a      51      59      56256
a      51      43      56256
a      52      85        372
a      52      53      56256
a      52      51      56256
a      52      60      56256
a      52      44      56256
a      53     108        450
a      53      54      56256
a      53      52      56256
a      53      61      56256
a      53      45      56256
a      54      96        847
a      54      55      56256
a      54      53      56256
a      54      62      56256
a      54      46      56256
a      55     112        483
a      55      56      56256
a      55      54      56256
a      55      63      56256
a      55      47      56256
a      56     126        743
a      56      55      56256
a      56      64      56256
a      56      48      56256
a      57     101        703
a      57      58      56256
a      57      49      56256
a      58      88        563
a      58      59      56256
a      58      57      56256
a      58      50      56256
a      59     127        868
a      59      60      56256
a      59      58      56256
a      59      51      56256
a      60      94        397
a      60      61      56256
a      60      59      56256
a      60      52      56256
a      61     114        829
a      61      62      56256
a      61      60      56256
a      61      53      56256
a      62      65        418
a      62      63      56256
a      62      61      56256
a      62      54      56256
a      63      99        687
a      63      64      56256
a      63      62      56256
a      63      55      56256
a      64      93        604
a      64      63      56256
a      64      56      56256
a      65     162        477
a      65      66      56256
a      65      73      56256
a      66     159        659
a      66      67      56256
a      66      65      56256
a      66      74      56256
a      67     145        252
a      67      68      56256
a      67      66      56256
a      67      75      56256
a      68     151        782
a      68      69      56256
a      68      67      56256
a      68      76      56256
a      69     144        112
a      69      70      56256
a      69      68      56256
a      69      77      56256
a      70     152        604
a      70      71      56256
a      70      69      56256
a      70      78      56256
a      71     149        204
a      71      72      56256
a      71      70      56256
a      71      79      56256
a      72     136        662
a      72      71      56256
a      72      80      56256
a      73     142        116
a      73      74      56256
a      73      81      56256
a      73      65      56256
a      74     187        205
a      74      75      56256
a      74      73      56256
a      74      82      56256
a      74      66      56256
a      75     192        228
a      75      76      56256
a      75      74      56256
a      75      83      56256
a      75      67      56256
a      76     153        650
a      76      77      56256
a      76      75      56256
a      76      84      56256
a      76      68      56256
a      77     177        112
a      77      78      56256
a      77      76      56256
a      77      85      56256
a      77      69      56256
a      78     174        570
a      78      79      56256
a      78      77      56256
a      78      86      56256
a      78      70      56256
a      79     135        270
a      79      80      56256
a      79      78      56256
a      79      87      56256
a      79      71      56256
a      80     182        695
a      80      79      56256
a      80      88      56256
a      80      72      56256
a      81     172        234
a      81      82      56256
a      81      89      56256
a      81      73      56256
a      82     137        173
a      82      83      56256
a      82      81      56256
a      82      90      56256
a      82      74      56256
a      83     185        108
a      83      84      56256
a      83      82      56256
a      83      91      56256
a      83      75      56256
a      84     168        559
a      84      85      56256
a      84      83      56256
a      84      92      56256
a      84      76      56256
a      85     134        556
a      85      86      56256
a      85      84      56256
a      85      93      56256
a      85      77      56256
a      86     129        254
a      86      87      56256
a      86      85      56256
a      86      94      56256
a      86      78      56256
a      87     132        782
a      87      88      56256
a      87      86      56256
a      87      95      56256
a      87      79      56256
a      88     133        813
a      88      87      56256
a      88      96      56256
a      88      80      56256
a      89     157        465
a      89      90      56256
a      89      97      56256
a      89      81      56256
a      90     166        159
a      90      91      56256
a      90      89      56256
a      90      98      56256
a      90      82      56256
a      91     179        193
a      91      92      56256
a      91      90      56256
a      91      99      56256
a      91      83      56256
a      92     155        722
a      92      93      56256
a      92      91      56256
a      92     100      56256
a      92      84      56256
a      93     161        634
a      93      94      56256
a      93      92      56256
a      93     101      56256
a      93      85      56256
a      94     165        525
a      94      95      56256
a      94      93      56256
a      94     102      56256
a      94      86      56256
a      95     167        349
a      95      96      56256
a      95      94      56256
a      95     103      56256
a      95      87      56256
a      96     176        711
a      96      95      56256
a      96     104      56256
a      96      88      56256
a      97     154        272
a      97      98      56256
a      97     105      56256
a      97      89      56256
a      98     163        416
a      98      99      56256
a      98      97      56256
a      98     106      56256
a      98      90      56256
a      99     130        256
a      99     100      56256
a      99      98      56256
a      99     107      56256
a      99      91      56256
a     100     175        241
a     100     101      56256
a     100      99      56256
a     100     108      56256
a     100      92      56256
a     101     164        831
a     101     102      56256
a     101     100      56256
a     101     109      56256
a     101      93      56256
a     102     181        131
a     102     103      56256
a     102     101      56256
a     102     110      56256
a     102      94      56256
a     103     158        692
a     103     104      56256
a     103     102      56256
a     103     111      56256
a     103      95      56256
a     104     148        676
a     104     103      56256
a     104     112      56256
a     104      96      56256
a     105     170        478
a     105     106      56256
a     105     113      56256
a     105      97      56256
a     106     171        863
a     106     107      56256
a     106     105      56256
a     106     114      56256
a     106      98      56256
a     107     147        306
a     107     108      56256
a     107     106      56256
a     107     115      56256
a     107      99      56256
a     108     173        475
a     108     109      56256
a     108     107      56256
a     108     116      56256
a     108     100      56256
a     109     184        166
a     109     110      56256
a     109     108      56256
a     109     117      56256
a     109     101      56256
a     110     190        581
a     110     111      56256
a     110     109      56256
a     110     118      56256
a     110     102      56256
a     111     156        389
a     111     112      56256
a     111     110      56256
a     111     119      56256
a     111     103      56256
a     112     189        688
a     112     111      56256
a     112     120      56256
a     112     104      56256
a     113     191        744
a     113     114      56256
a     113     121      56256
a     113     105      56256
a     114     160        552
a     114     115      56256
a     114     113      56256
a     114     122      56256
a     114     106      56256
a     115     143        420
a     115     116      56256
a     115     114      56256
a     115     123      56256
a     115     107      56256
a     116     140        675
a     116     117      56256
a     116     115      56256
a     116     124      56256
a     116     108      56256
a     117     180        353
a     117     118      56256
a     117     116      56256
a     117     125      56256
a     117     109      56256
a     118     138        178
a     118     119      56256
a     118     117      56256
a     118     126      56256
a     118     110      56256
a     119     186        502
a     119     120      56256
a     119     118      56256
a     119     127      56256
a     119     111      56256
a     120     139        103
a     120     119      56256
a     120     128      56256
a     120     112      56256
a     121     188        658
a     121     122      56256
a     121     113      56256
a     122     169        425
a     122     123      56256
a     122     121      56256
a     122     114      56256
a     123     178        194
a     123     124      56256
a     123     122      56256
a     123     115      56256
a     124     131        371
a     124     125      56256
a     124     123      56256
a     124     116      56256
a     125     141        701
a     125     126      56256
a     125     124      56256
a     125     117      56256
a     126     150        721
a     126     127      56256
a     126     125      56256
a     126     118      56256
a     127     183        442
a     127     128      56256
a     127     126      56256
a     127     119      56256
a     128     146        611
a     128     127      56256
a     128     120      56256
a     129     211        680
a     129     130      56256
a     129     137      56256
a     130     202        184
a     130     131      56256
a     130     129      56256
a     130     138      56256
a     131     234        240
a     131     132      56256
a     131     130      56256
a     131     139      56256
a     132     197        189
a     132     133      56256
a     132     131      56256
a     132     140      56256
a     133     243        563
a     133     134      56256
a     133     132      56256
a     133     141      56256
a     134     233        513
a     134     135      56256
a     134     133      56256
a     134     142      56256
a     135     219        676
a     135     136      56256
a     135     134      56256
a     135     143      56256
a     136     210        598
a     136     135      56256
a     136     144      56256
a     137     253        228
a     137     138      56256
a     137     145      56256
a     137     129      56256
a     138     217        874
a     138     139      56256
a     138     137      56256
a     138     146      56256
a     138     130      56256
a     139     224        294
a     139     140      56256
a     139     138      56256
a     139     147      56256
a     139     131      56256
a     140     193        322
a     140     141      56256
a     140     139      56256
a     140     148      56256
a     140     132      56256
a     141     198        685
a     141     142      56256
a     141     140      56256
a     141     149      56256
a     141     133      56256
a     142     229        542
a     142     143      56256
a     142     141      56256
a     142     150      56256
a     142     134      56256
a     143     196        556
a     143     144      56256
a     143     142      56256
a     143     151      56256
a     143     135      56256
a     144     227        374
a     144     143      56256
a     144     152      56256
a     144     136      56256
a     145     247        141
a     145     146      56256
a     145     153      56256
a     145     137      56256
a     146     239        536
a     146     147      56256
a     146     145      56256
a     146     154      56256
a     146     138      56256
a     147     252        157
a     147     148      56256
a     147     146      56256
a     147     155      56256
a     147     139      56256
a     148     238        689
a     148     149      56256
a     148     147      56256
a     148     156      56256
a     148     140      56256
a     149     248        753
a     149     150      56256
a     149     148      56256
a     149     157      56256
a     149     141      56256
a     150     218        720
a     150     151      56256
a     150     149      56256
a     150     158      56256
a     150     142      56256
a     151     237        426
a     151     152      56256
a     151     150      56256
a     151     159      56256
a     151     143      56256
a     152     256        494
a     152     151      56256
a     152     160      56256
a     152     144      56256
a     153     215        263
a     153     154      56256
a     153     161      56256
a     153     145      56256
a     154     249        755
a     154     155      56256
a     154     153      56256
a     154     162      56256
a     154     146      56256
a     155     203        673
a     155     156      56256
a     155     154      56256
a     155     163      56256
a     155     147      56256
a     156     230        786
a     156     157      56256
a     156     155      56256
a     156     164      56256
a     156     148      56256
a     157     214        448
a     157     158      56256
a     157     156      56256
a     157     165      56256
a     157     149      56256
a     158     209        766
a     158     159      56256
a     158     157      56256
a     158     166      56256
a     158     150      56256
a     159     199        159
a     159     160      56256
a     159     158      56256
a     159     167      56256
a     159     151      56256
a     160     213        480
a     160     159      56256
a     160     168      56256
a     160     152      56256
a     161     223        243
a     161     162      56256
a     161     169      56256
a     161     153      56256
a     162     244        821
a     162     163      56256
a     162     161      56256
a     162     170      56256
a     162     154      56256
a     163     255        699
a     163     164      56256
a     163     162      56256
a     163     171      56256
a     163     155      56256
a     164     231        103
a     164     165      56256
a     164     163      56256
a     164     172      56256
a     164     156      56256
a     165     250        347
a     165     166      56256
a     165     164      56256
a     165     173      56256
a     165     157      56256
a     166     194        812
a     166     167      56256
a     166     165      56256
a     166     174      56256
a     166     158      56256
a     167     246        742
a     167     168      56256
a     167     166      56256
a     167     175      56256
a     167     159      56256
a     168     207         98
a     168     167      56256
a     168     176      56256
a     168     160      56256
a     169     221        483
a     169     170      56256
a     169     177      56256
a     169     161      56256
a     170     195        434
a     170     171      56256
a     170     169      56256
a     170     178      56256
a     170     162      56256
a     171     225        477
a     171     172      56256
a     171     170      56256
a     171     179      56256
a     171     163      56256
a     172     241        785
a     172     173      56256
a     172     171      56256
a     172     180      56256
a     172     164      56256
a     173     222        263
a     173     174      56256
a     173     172      56256
a     173     181      56256
a     173     165      56256
a     174     236        278
a     174     175      56256
a     174     173      56256
a     174     182      56256
a     174     166      56256
a     175     242        674
a     175     176      56256
a     175     174      56256
a     175     183      56256
a     175     167      56256
a     176     251        361
a     176     175      56256
a     176     184      56256
a     176     168      56256
a     177     216        784
a     177     178      56256
a     177     185      56256
a     177     169      56256
a     178     204        406
a     178     179      56256
a     178     177      56256
a     178     186      56256
a     178     170      56256
a     179     240        726
a     179     180      56256
a     179     178      56256
a     179     187      56256
a     179     171      56256
a     180     254        793
a     180     181      56256
a     180     179      56256
a     180     188      56256
a     180     172      56256
a     181     205        626
a     181     182      56256
a     181     180      56256
a     181     189      56256
a     181     173      56256
a     182     200        688
a     182     183      56256
a     182     181      56256
a     182     190      56256
a     182     174      56256
a     183     206         90
a     183     184      56256
a     183     182      56256
a     183     191      56256
a     183     175      56256
a     184     212        485
a     184     183      56256
a     184     192      56256
a     184     176      56256
a     185     220        186
a     185     186      56256
a     185     177      56256
a     186     208        261
a     186     187      56256
a     186     185      56256
a     186     178      56256
a     187     226        206
a     187     188      56256
a     187     186      56256
a     187     179      56256
a     188     228        405
a     188     189      56256
a     188     187      56256
a     188     180      56256
a     189     245        386
a     189     190      56256
a     189     188      56256
a     189     181      56256
a     190     232        375
a     190     191      56256
a     190     189      56256
a     190     182      56256
a     191     201        544
a     191     192      56256
a     191     190      56256
a     191     183      56256
a     192     235        365
a     192     191      56256
a     192     184      56256
a     193     308        132
a     193     194      56256
a     193     201      56256
a     194     320        550
a     194     195      56256
a     194     193      56256
a     194     202      56256
a     195     261        737
a     195     196      56256
a     195     194      56256
a     195     203      56256
a     196     280        744
a     196     197      56256
a     196     195      56256
a     196     204      56256
a     197     269        593
a     197     198      56256
a     197     196      56256
a     197     205      56256
a     198     306        687
a     198     199      56256
a     198     197      56256
a     198     206      56256
a     199     302        522
a     199     200      56256
a     199     198      56256
a     199     207      56256
a     200     293        694
a     200     199      56256
a     200     208      56256
a     201     300        556
a     201     202      56256
a     201     209      56256
a     201     193      56256
a     202     277        703
a     202     203      56256
a     202     201      56256
a     202     210      56256
a     202     194      56256
a     203     298        776
a     203     204      56256
a     203     202      56256
a     203     211      56256
a     203     195      56256
a     204     292        208
a     204     205      56256
a     204     203      56256
a     204     212      56256
a     204     196      56256
a     205     278        211
a     205     206      56256
a     205     204      56256
a     205     213      56256
a     205     197      56256
a     206     315        734
a     206     207      56256
a     206     205      56256
a     206     214      56256
a     206     198      56256
a     207     283        682
a     207     208      56256
a     207     206      56256
a     207     215      56256
a     207     199      56256
a     208     276        182
a     208     207      56256
a     208     216      56256
a     208     200      56256
a     209     310        391
a     209     210      56256
a     209     217      56256
a     209     201      56256
a     210     305        552
a     210     211      56256
a     210     209      56256
a     210     218      56256
a     210     202      56256
a     211     316        541
a     211     212      56256
a     211     210      56256
a     211     219      56256
a     211     203      56256
a     212     286        655
a     212     213      56256
a     212     211      56256
a     212     220      56256
a     212     204      56256
a     213     282        783
a     213     214      56256
a     213     212      56256
a     213     221      56256
a     213     205      56256
a     214     312        309
a     214     215      56256
a     214     213      56256
a     214     222      56256
a     214     206      56256
a     215     267        192
a     215     216      56256
a     215     214      56256
a     215     223      56256
a     215     207      56256
a     216     291        368
a     216     215      56256
a     216     224      56256
a     216     208      56256
a     217     285        382
a     217     218      56256
a     217     225      56256
a     217     209      56256
a     218     266        374
a     218     219      56256
a     218     217      56256
a     218     226      56256
a     218     210      56256
a     219     257        438
a     219     220      56256
a     219     218      56256
a     219     227      56256
a     219     211      56256
a     220     290        347
a     220     221      56256
a     220     219      56256
a     220     228      56256
a     220     212      56256
a     221     275        667
a     221     222      56256
a     221     220      56256
a     221     229      56256
a     221     213      56256
a     222     268        511
a     222     223      56256
a     222     221      56256
a     222     230      56256
a     222     214      56256
a     223     294        344
a     223     224      56256
a     223     222      56256
a     223     231      56256
a     223     215      56256
a     224     297        405
a     224     223      56256
a     224     232      56256
a     224     216      56256
a     225     299        408
a     225     226      56256
a     225     233      56256
a     225     217      56256
a     226     264        272
a     226     227      56256
a     226     225      56256
a     226     234      56256
a     226     218      56256
a     227     319        548
a     227     228      56256
a     227     226      56256
a     227     235      56256
a     227     219      56256
a     228     314        476
a     228     229      56256
a     228     227      56256
a     228     236      56256
a     228     220      56256
a     229     301        398
a     229     230      56256
a     229     228      56256
a     229     237      56256
a     229     221      56256
a     230     272        770
a     230     231      56256
a     230     229      56256
a     230     238      56256
a     230     222      56256
a     231     317        454
a     231     232      56256
a     231     230      56256
a     231     239      56256
a     231     223      56256
a     232     311        170
a     232     231      56256
a     232     240      56256
a     232     224      56256
a     233     270        348
a     233     234      56256
a     233     241      56256
a     233     225      56256
a     234     295        308
a     234     235      56256
a     234     233      56256
a     234     242      56256
a     234     226      56256
a     235     296        288
a     235     236      56256
a     235     234      56256
a     235     243      56256
a     235     227      56256
a     236     313        504
a     236     237      56256
a     236     235      56256
a     236     244      56256
a     236     228      56256
a     237     260        681
a     237     238      56256
a     237     236      56256
a     237     245      56256
a     237     229      56256
a     238     279        236
a     238     239      56256
a     238     237      56256
a     238     246      56256
a     238     230      56256
a     239     303        181
a     239     240      56256
a     239     238      56256
a     239     247      56256
a     239     231      56256
a     240     271        487
a     240     239      56256
a     240     248      56256
a     240     232      56256
a     241     287        677
a     241     242      56256
a     241     249      56256
a     241     233      56256
a     242     288        531
a     242     243      56256
a     242     241      56256
a     242     250      56256
a     242     234      56256
a     243     289        670
a     243     244      56256
a     243     242      56256
a     243     251      56256
a     243     235      56256
a     244     265        564
a     244     245      56256
a     244     243      56256
a     244     252      56256
a     244     236      56256
a     245     281        765
a     245     246      56256
a     245     244      56256
a     245     253      56256
a     245     237      56256
a     246     259        504
a     246     247      56256
a     246     245      56256
a     246     254      56256
a     246     238      56256
a     247     274        643
a     247     248      56256
a     247     246      56256
a     247     255      56256
a     247     239      56256
a     248     273        494
a     248     247      56256
a     248     256      56256
a     248     240      56256
a     249     318        756
a     249     250      56256
a     249     241      56256
a     250     307        633
a     250     251      56256
a     250     249      56256
a     250     242      56256
a     251     304        140
a     251     252      56256
a     251     250      56256
a     251     243      56256
a     252     284        871
a     252     253      56256
a     252     251      56256
a     252     244      56256
a     253     263        279
a     253     254      56256
a     253     252      56256
a     253     245      56256
a     254     258        373
a     254     255      56256
a     254     253      56256
a     254     246      56256
a     255     262        339
a     255     256      56256
a     255     254      56256
a     255     247      56256
a     256     309        828
a     256     255      56256
a     256     248      56256
a     257     367        248
a     257     258      56256
a     257     265      56256
a     258     338        373
a     258     259      56256
a     258     257      56256
a     258     266      56256
a     259     372        291
a     259     260      56256
a     259     258      56256
a     259     267      56256
a     260     328        874
a     260     261      56256
a     260     259      56256
a     260     268      56256
a     261     374        558
a     261     262      56256
a     261     260      56256
a     261     269      56256
a     262     351        494
a     262     263      56256
a     262     261      56256
a     262     270      56256
a     263     383        527
a     263     264      56256
a     263     262      56256
a     263     271      56256
a     264     350        355
a     264     263      56256
a     264     272      56256
a     265     361        285
a     265     266      56256
a     265     273      56256
a     265     257      56256
a     266     357        477
a     266     267      56256
a     266     265      56256
a     266     274      56256
a     266     258      56256
a     267     368        636
a     267     268      56256
a     267     266      56256
a     267     275      56256
a     267     259      56256
a     268     375        878
a     268     269      56256
a     268     267      56256
a     268     276      56256
a     268     260      56256
a     269     362        585
a     269     270      56256
a     269     268      56256
a     269     277      56256
a     269     261      56256
a     270     359        335
a     270     271      56256
a     270     269      56256
a     270     278      56256
a     270     262      56256
a     271     349        702
a     271     272      56256
a     271     270      56256
a     271     279      56256
a     271     263      56256
a     272     358        134
a     272     271      56256
a     272     280      56256
a     272     264      56256
a     273     324        832
a     273     274      56256
a     273     281      56256
a     273     265      56256
a     274     363        142
a     274     275      56256
a     274     273      56256
a     274     282      56256
a     274     266      56256
a     275     323        248
a     275     276      56256
a     275     274      56256
a     275     283      56256
a     275     267      56256
a     276     331        606
a     276     277      56256
a     276     275      56256
a     276     284      56256
a     276     268      56256
a     277     360        320
a     277     278      56256
a     277     276      56256
a     277     285      56256
a     277     269      56256
a     278     380        274
a     278     279      56256
a     278     277      56256
a     278     286      56256
a     278     270      56256
a     279     356        472
a     279     280      56256
a     279     278      56256
a     279     287      56256
a     279     271      56256
a     280     370        795
a     280     279      56256
a     280     288      56256
a     280     272      56256
a     281     335        525
a     281     282      56256
a     281     289      56256
a     281     273      56256
a     282     364        418
a     282     283      56256
a     282     281      56256
a     282     290      56256
a     282     274      56256
a     283     332        562
a     283     284      56256
a     283     282      56256
a     283     291      56256
a     283     275      56256
a     284     344        451
a     284     285      56256
a     284     283      56256
a     284     292      56256
a     284     276      56256
a     285     378        661
a     285     286      56256
a     285     284      56256
a     285     293      56256
a     285     277      56256
a     286     340        137
a     286     287      56256
a     286     285      56256
a     286     294      56256
a     286     278      56256
a     287     347        401
a     287     288      56256
a     287     286      56256
a     287     295      56256
a     287     279      56256
a     288     322         92
a     288     287      56256
a     288     296      56256
a     288     280      56256
a     289     369        423
a     289     290      56256
a     289     297      56256
a     289     281      56256
a     290     345        209
a     290     291      56256
a     290     289      56256
a     290     298      56256
a     290     282      56256
a     291     376        354
a     291     292      56256
a     291     290      56256
a     291     299      56256
a     291     283      56256
a     292     366        709
a     292     293      56256
a     292     291      56256
a     292     300      56256
a     292     284      56256
a     293     334        560
a     293     294      56256
a     293     292      56256
a     293     301      56256
a     293     285      56256
a     294     326        713
a     294     295      56256
a     294     293      56256
a     294     302      56256
a     294     286      56256
a     295     354        263
a     295     296      56256
a     295     294      56256
a     295     303      56256
a     295     287      56256
a     296     348        709
a     296     295      56256
a     296     304      56256
a     296     288      56256
a     297     384        781
a     297     298      56256
a     297     305      56256
a     297     289      56256
a     298     377        496
a     298     299      56256
a     298     297      56256
a     298     306      56256
a     298     290      56256
a     299     330        682
a     299     300      56256
a     299     298      56256
a     299     307      56256
a     299     291      56256
a     300     325        297
a     300     301      56256
a     300     299      56256
a     300     308      56256
a     300     292      56256
a     301     382        504
a     301     302      56256
a     301     300      56256
a     301     309      56256
a     301     293      56256
a     302     339        832
a     302     303      56256
a     302     301      56256
a     302     310      56256
a     302     294      56256
a     303     321        472
a     303     304      56256
a     303     302      56256
a     303     311      56256
a     303     295      56256
a     304     371        397
a     304     303      56256
a     304     312      56256
a     304     296      56256
a     305     329        745
a     305     306      56256
a     305     313      56256
a     305     297      56256
a     306     381        840
a     306     307      56256
a     306     305      56256
a     306     314      56256
a     306     298      56256
a     307     343        192
a     307     308      56256
a     307     306      56256
a     307     315      56256
a     307     299      56256
a     308     346        513
a     308     309      56256
a     308     307      56256
a     308     316      56256
a     308     300      56256
a     309     327        787
a     309     310      56256
a     309     308      56256
a     309     317      56256
a     309     301      56256
a     310     373        141
a     310     311      56256
a     310     309      56256
a     310     318      56256
a     310     302      56256
a     311     355        159
a     311     312      56256
a     311     310      56256
a     311     319      56256
a     311     303      56256
a     312     352        529
a     312     311      56256
a     312     320      56256
a     312     304      56256
a     313     336        663
a     313     314      56256
a     313     305      56256
a     314     341        274
a     314     315      56256
a     314     313      56256
a     314     306      56256
a     315     379        594
a     315     316      56256
a     315     314      56256
a     315     307      56256
a     316     365        819
a     316     317      56256
a     316     315      56256
a     316     308      56256
a     317     337        302
a     317     318      56256
a     317     316      56256
a     317     309      56256
a     318     353        412
a     318     319      56256
a     318     317      56256
a     318     310      56256
a     319     333        438
a     319     320      56256
a     319     318      56256
a     319     311      56256
a     320     342        704
a     320     319      56256
a     320     312      56256
a     321     391        328
a     321     322      56256
a     321     329      56256
a     322     419        200
a     322     323      56256
a     322     321      56256
a     322     330      56256
a     323     403        368
a     323     324      56256
a     323     322      56256
a     323     331      56256
a     324     440        193
a     324     325      56256
a     324     323      56256
a     324     332      56256
a     325     406        578
a     325     326      56256
a     325     324      56256
a     325     333      56256
a     326     400        591
a     326     327      56256
a     326     325      56256
a     326     334      56256
a     327     415        667
a     327     328      56256
a     327     326      56256
a     327     335      56256
a     328     425        677
a     328     327      56256
a     328     336      56256
a     329     417        653
a     329     330      56256
a     329     337      56256
a     329     321      56256
a     330     441        626
a     330     331      56256
a     330     329      56256
a     330     338      56256
a     330     322      56256
a     331     422        852
a     331     332      56256
a     331     330      56256
a     331     339      56256
a     331     323      56256
a     332     396        443
a     332     333      56256
a     332     331      56256
a     332     340      56256
a     332     324      56256
a     333     416        422
a     333     334      56256
a     333     332      56256
a     333     341      56256
a     333     325      56256
a     334     439        380
a     334     335      56256
a     334     333      56256
a     334     342      56256
a     334     326      56256
a     335     398        621
a     335     336      56256
a     335     334      56256
a     335     343      56256
a     335     327      56256
a     336     394        434
a     336     335      56256
a     336     344      56256
a     336     328      56256
a     337     408        345
a     337     338      56256
a     337     345      56256
a     337     329      56256
a     338     443        862
a     338     339      56256
a     338     337      56256
a     338     346      56256
a     338     330      56256
a     339     404        375
a     339     340      56256
a     339     338      56256
a     339     347      56256
a     339     331      56256
a     340     423        347
a     340     341      56256
a     340     339      56256
a     340     348      56256
a     340     332      56256
a     341     429        816
a     341     342      56256
a     341     340      56256
a     341     349      56256
a     341     333      56256
a     342     407        285
a     342     343      56256
a     342     341      56256
a     342     350      56256
a     342     334      56256
a     343     444        487
a     343     344      56256
a     343     342      56256
a     343     351      56256
a     343     335      56256
a     344     397        413
a     344     343      56256
a     344     352      56256
a     344     336      56256
a     345     409        332
a     345     346      56256
a     345     353      56256
a     345     337      56256
a     346     387        519
a     346     347      56256
a     346     345      56256
a     346     354      56256
a     346     338      56256
a     347     442        208
a     347     348      56256
a     347     346      56256
a     347     355      56256
a     347     339      56256
a     348     399        844
a     348     349      56256
a     348     347      56256
a     348     356      56256
a     348     340      56256
a     349     427        476
a     349     350      56256
a     349     348      56256
a     349     357      56256
a     349     341      56256
a     350     410        663
a     350     351      56256
a     350     349      56256
a     350     358      56256
a     350     342      56256
a     351     431        756
a     351     352      56256
a     351     350      56256
a     351     359      56256
a     351     343      56256
a     352     437        323
a     352     351      56256
a     352     360      56256
a     352     344      56256
a     353     414        218
a     353     354      56256
a     353     361      56256
a     353     345      56256
a     354     428        407
a     354     355      56256
a     354     353      56256
a     354     362      56256
a     354     346      56256
a     355     438        132
a     355     356      56256
a     355     354      56256
a     355     363      56256
a     355     347      56256
a     356     447         94
a     356     357      56256
a     356     355      56256
a     356     364      56256
a     356     348      56256
a     357     401        169
a     357     358      56256
a     357     356      56256
a     357     365      56256
a     357     349      56256
a     358     432        426
a     358     359      56256
a     358     357      56256
a     358     366      56256
a     358     350      56256
a     359     418        365
a     359     360      56256
a     359     358      56256
a     359     367      56256
a     359     351      56256
a     360     395        339
a     360     359      56256
a     360     368      56256
a     360     352      56256
a     361     436        613
a     361     362      56256
a     361     369      56256
a     361     353      56256
a     362     426        353
a     362     363      56256
a     362     361      56256
a     362     370      56256
a     362     354      56256
a     363     392        558
a     363     364      56256
a     363     362      56256
a     363     371      56256
a     363     355      56256
a     364     402         94
a     364     365      56256
a     364     363      56256
a     364     372      56256
a     364     356      56256
a     365     445        219
a     365     366      56256
a     365     364      56256
a     365     373      56256
a     365     357      56256
a     366     389        238
a     366     367      56256
a     366     365      56256
a     366     374      56256
a     366     358      56256
a     367     405        555
a     367     368      56256
a     367     366      56256
a     367     375      56256
a     367     359      56256
a     368     386        355
a     368     367      56256
a     368     376      56256
a     368     360      56256
a     369     430        354
a     369     370      56256
a     369     377      56256
a     369     361      56256
a     370     411        337
a     370     371      56256
a     370     369      56256
a     370     378      56256
a     370     362      56256
a     371     420        765
a     371     372      56256
a     371     370      56256
a     371     379      56256
a     371     363      56256
a     372     413        699
a     372     373      56256
a     372     371      56256
a     372     380      56256
a     372     364      56256
a     373     433        156
a     373     374      56256
a     373     372      56256
a     373     381      56256
a     373     365      56256
a     374     434        338
a     374     375      56256
a     374     373      56256
a     374     382      56256
a     374     366      56256
a     375     448        147
a     375     376      56256
a     375     374      56256
a     375     383      56256
a     375     367      56256
a     376     385        100
a     376     375      56256
a     376     384      56256
a     376     368      56256
a     377     424        239
a     377     378      56256
a     377     369      56256
a     378     388        434
a     378     379      56256
a     378     377      56256
a     378     370      56256
a     379     435        487
a     379     380      56256
a     379     378      56256
a     379     371      56256
a     380     421        272
a     380     381      56256
a     380     379      56256
a     380     372      56256
a     381     446        111
a     381     382      56256
a     381     380      56256
a     381     373      56256
a     382     390        205
a     382     383      56256
a     382     381      56256
a     382     374      56256
a     383     412        466
a     383     384      56256
a     383     382      56256
a     383     375      56256
a     384     393        367
a     384     383      56256
a     384     376      56256
a     385     483         87
a     385     386      56256
a     385     393      56256
a     386     492        461
a     386     387      56256
a     386     385      56256
a     386     394      56256
a     387     470        793
a     387     388      56256
a     387     386      56256
a     387     395      56256
a     388     479        831
a     388     389      56256
a     388     387      56256
a     388     396      56256
a     389     512        166
a     389     390      56256
a     389     388      56256
a     389     397      56256
a     390     453        809
a     390     391      56256
a     390     389      56256
a     390     398      56256
a     391     497        735
a     391     392      56256
a     391     390      56256
a     391     399      56256
a     392     495        391
a     392     391      56256
a     392     400      56256
a     393     472        394
a     393     394      56256
a     393     401      56256
a     393     385      56256
a     394     503        231
a     394     395      56256
a     394     393      56256
a     394     402      56256
a     394     386      56256
a     395     487        507
a     395     396      56256
a     395     394      56256
a     395     403      56256
a     395     387      56256
a     396     511        202
a     396     397      56256
a     396     395      56256
a     396     404      56256
a     396     388      56256
a     397     475        245
a     397     398      56256
a     397     396      56256
a     397     405      56256
a     397     389      56256
a     398     490        522
a     398     399      56256
a     398     397      56256
a     398     406      56256
a     398     390      56256
a     399     465        449
a     399     400      56256
a     399     398      56256
a     399     407      56256
a     399     391      56256
a     400     498        410
a     400     399      56256
a     400     408      56256
a     400     392      56256
a     401     460        339
a     401     402      56256
a     401     409      56256
a     401     393      56256
a     402     462        772
a     402     403      56256
a     402     401      56256
a     402     410      56256
a     402     394      56256
a     403     468        379
a     403     404      56256
a     403     402      56256
a     403     411      56256
a     403     395      56256
a     404     464        711
a     404     405      56256
a     404     403      56256
a     404     412      56256
a     404     396      56256
a     405     449        222
a     405     406      56256
a     405     404      56256
a     405     413      56256
a     405     397      56256
a     406     506        707
a     406     407      56256
a     406     405      56256
a     406     414      56256
a     406     398      56256
a     407     499        614
a     407     408      56256
a     407     406      56256
a     407     415      56256
a     407     399      56256
a     408     459        145
a     408     407      56256
a     408     416      56256
a     408     400      56256
a     409     476        227
a     409     410      56256
a     409     417      56256
a     409     401      56256
a     410     452        646
a     410     411      56256
a     410     409      56256
a     410     418      56256
a     410     402      56256
a     411     496        756
a     411     412      56256
a     411     410      56256
a     411     419      56256
a     411     403      56256
a     412     489        108
a     412     413      56256
a     412     411      56256
a     412     420      56256
a     412     404      56256
a     413     482        478
a     413     414      56256
a     413     412      56256
a     413     421      56256
a     413     405      56256
a     414     467        250
a     414     415      56256
a     414     413      56256
a     414     422      56256
a     414     406      56256
a     415     501        570
a     415     416      56256
a     415     414      56256
a     415     423      56256
a     415     407      56256
a     416     480        518
a     416     415      56256
a     416     424      56256
a     416     408      56256
a     417     473        229
a     417     418      56256
a     417     425      56256
a     417     409      56256
a     418     494        538
a     418     419      56256
a     418     417      56256
a     418     426      56256
a     418     410      56256
a     419     504        822
a     419     420      56256
a     419     418      56256
a     419     427      56256
a     419     411      56256
a     420     471        132
a     420     421      56256
a     420     419      56256
a     420     428      56256
a     420     412      56256
a     421     485        157
a     421     422      56256
a     421     420      56256
a     421     429      56256
a     421     413      56256
a     422     493        683
a     422     423      56256
a     422     421      56256
a     422     430      56256
a     422     414      56256
a     423     461        221
a     423     424      56256
a     423     422      56256
a     423     431      56256
a     423     415      56256
a     424     454        722
a     424     423      56256
a     424     432      56256
a     424     416      56256
a     425     491        342
a     425     426      56256
a     425     433      56256
a     425     417      56256
a     426     484        574
a     426     427      56256
a     426     425      56256
a     426     434      56256
a     426     418      56256
a     427     500        823
a     427     428      56256
a     427     426      56256
a     427     435      56256
a     427     419      56256
a     428     457        252
a     428     429      56256
a     428     427      56256
a     428     436      56256
a     428     420      56256
a     429     502        756
a     429     430      56256
a     429     428      56256
a     429     437      56256
a     429     421      56256
a     430     510        630
a     430     431      56256
a     430     429      56256
a     430     438      56256
a     430     422      56256
a     431     463         90
a     431     432      56256
a     431     430      56256
a     431     439      56256
a     431     423      56256
a     432     458        741
a     432     431      56256
a     432     440      56256
a     432     424      56256
a     433     488        780
a     433     434      56256
a     433     441      56256
a     433     425      56256
a     434     505         93
a     434     435      56256
a     434     433      56256
a     434     442      56256
a     434     426      56256
a     435     478        307
a     435     436      56256
a     435     434      56256
a     435     443      56256
a     435     427      56256
a     436     486        311
a     436     437      56256
a     436     435      56256
a     436     444      56256
a     436     428      56256
a     437     509        705
a     437     438      56256
a     437     436      56256
a     437     445      56256
a     437     429      56256
a     438     477        790
a     438     439      56256
a     438     437      56256
a     438     446      56256
a     438     430      56256
a     439     466        766
a     439     440      56256
a     439     438      56256
a     439     447      56256
a     439     431      56256
a     440     507        185
a     440     439      56256
a     440     448      56256
a     440     432      56256
a     441     474        527
a     441     442      56256
a     441     433      56256
a     442     456        163
a     442     443      56256
a     442     441      56256
a     442     434      56256
a     443     469        242
a     443     444      56256
a     443     442      56256
a     443     435      56256
a     444     450        108
a     444     445      56256
a     444     443      56256
a     444     436      56256
a     445     481        357
a     445     446      56256
a     445     444      56256
a     445     437      56256
a     446     508        775
a     446     447      56256
a     446     445      56256
a     446     438      56256
a     447     455        186
a     447     448      56256
a     447     446      56256
a     447     439      56256
a     448     451        674
a     448     447      56256
a     448     440      56256
a     449     539        139
a     449     450      56256
a     449     457      56256
a     450     555        808
a     450     451      56256
a     450     449      56256
a     450     458      56256
a     451     556        193
a     451     452      56256
a     451     450      56256
a     451     459      56256
a     452     575        477
a     452     453      56256
a     452     451      56256
a     452     460      56256
a     453     517        246
a     453     454      56256
a     453     452      56256
a     453     461      56256
a     454     545        752
a     454     455      56256
a     454     453      56256
a     454     462      56256
a     455     542        849
a     455     456      56256
a     455     454      56256
a     455     463      56256
a     456     543        281
a     456     455      56256
a     456     464      56256
a     457     569        539
a     457     458      56256
a     457     465      56256
a     457     449      56256
a     458     534        599
a     458     459      56256
a     458     457      56256
a     458     466      56256
a     458     450      56256
a     459     527        165
a     459     460      56256
a     459     458      56256
a     459     467      56256
a     459     451      56256
a     460     549        319
a     460     461      56256
a     460     459      56256
a     460     468      56256
a     460     452      56256
a     461     524        164
a     461     462      56256
a     461     460      56256
a     461     469      56256
a     461     453      56256
a     462     554         94
a     462     463      56256
a     462     461      56256
a     462     470      56256
a     462     454      56256
a     463     573        722
a     463     464      56256
a     463     462      56256
a     463     471      56256
a     463     455      56256
a     464     566        807
a     464     463      56256
a     464     472      56256
a     464     456      56256
a     465     518        758
a     465     466      56256
a     465     473      56256
a     465     457      56256
a     466     525        423
a     466     467      56256
a     466     465      56256
a     466     474      56256
a     466     458      56256
a     467     574        587
a     467     468      56256
a     467     466      56256
a     467     475      56256
a     467     459      56256
a     468     562        470
a     468     469      56256
a     468     467      56256
a     468     476      56256
a     468     460      56256
a     469     531        757
a     469     470      56256
a     469     468      56256
a     469     477      56256
a     469     461      56256
a     470     514        110
a     470     471      56256
a     470     469      56256
a     470     478      56256
a     470     462      56256
a     471     547        586
a     471     472      56256
a     471     470      56256
a     471     479      56256
a     471     463      56256
a     472     532        728
a     472     471      56256
a     472     480      56256
a     472     464      56256
a     473     521        851
a     473     474      56256
a     473     481      56256
a     473     465      56256
a     474     571        759
a     474     475      56256
a     474     473      56256
a     474     482      56256
a     474     466      56256
a     475     520        599
a     475     476      56256
a     475     474      56256
a     475     483      56256
a     475     467      56256
a     476     558        868
a     476     477      56256
a     476     475      56256
a     476     484      56256
a     476     468      56256
a     477     540        754
a     477     478      56256
a     477     476      56256
a     477     485      56256
a     477     469      56256
a     478     568        565
a     478     479      56256
a     478     477      56256
a     478     486      56256
a     478     470      56256
a     479     576         90
a     479     480      56256
a     479     478      56256
a     479     487      56256
a     479     471      56256
a     480     559        596
a     480     479      56256
a     480     488      56256
a     480     472      56256
a     481     567        111
a     481     482      56256
a     481     489      56256
a     481     473      56256
a     482     548        442
a     482     483      56256
a     482     481      56256
a     482     490      56256
a     482     474      56256
a     483     541        598
a     483     484      56256
a     483     482      56256
a     483     491      56256
a     483     475      56256
a     484     565        837
a     484     485      56256
a     484     483      56256
a     484     492      56256
a     484     476      56256
a     485     519        188
a     485     486      56256
a     485     484      56256
a     485     493      56256
a     485     477      56256
a     486     522        117
a     486     487      56256
a     486     485      56256
a     486     494      56256
a     486     478      56256
a     487     537        279
a     487     488      56256
a     487     486      56256
a     487     495      56256
a     487     479      56256
a     488     528        392
a     488     487      56256
a     488     496      56256
a     488     480      56256
a     489     529        371
a     489     490      56256
a     489     497      56256
a     489     481      56256
a     490     553        444
a     490     491      56256
a     490     489      56256
a     490     498      56256
a     490     482      56256
a     491     523        120
a     491     492      56256
a     491     490      56256
a     491     499      56256
a     491     483      56256
a     492     533        386
a     492     493      56256
a     492     491      56256
a     492     500      56256
a     492     484      56256
a     493     530        110
a     493     494      56256
a     493     492      56256
a     493     501      56256
a     493     485      56256
a     494     563        111
a     494     495      56256
a     494     493      56256
a     494     502      56256
a     494     486      56256
a     495     551        268
a     495     496      56256
a     495     494      56256
a     495     503      56256
a     495     487      56256
a     496     561        695
a     496     495      56256
a     496     504      56256
a     496     488      56256
a     497     544        611
a     497     498      56256
a     497     505      56256
a     497     489      56256
a     498     526        806
a     498     499      56256
a     498     497      56256
a     498     506      56256
a     498     490      56256
a     499     550        396
a     499     500      56256
a     499     498      56256
a     499     507      56256
a     499     491      56256
a     500     564        705
a     500     501      56256
a     500     499      56256
a     500     508      56256
a     500     492      56256
a     501     538        396
a     501     502      56256
a     501     500      56256
a     501     509      56256
a     501     493      56256
a     502     513        770
a     502     503      56256
a     502     501      56256
a     502     510      56256
a     502     494      56256
a     503     535        343
a     503     504      56256
a     503     502      56256
a     503     511      56256
a     503     495      56256
a     504     560        304
a     504     503      56256
a     504     512      56256
a     504     496      56256
a     505     515        136
a     505     506      56256
a     505     497      56256
a     506     516        362
a     506     507      56256
a     506     505      56256
a     506     498      56256
a     507     572        524
a     507     508      56256
a     507     506      56256
a     507     499      56256
a     508     552        346
a     508     509      56256
a     508     507      56256
a     508     500      56256
a     509     570        188
a     509     510      56256
a     509     508      56256
a     509     501      56256
a     510     557        660
a     510     511      56256
a     510     509      56256
a     510     502      56256
a     511     546        723
a     511     512      56256
a     511     510      56256
a     511     503      56256
a     512     536        552
a     512     511      56256
a     512     504      56256
a     513     514      56256
a     513     521      56256
a     514     515      56256
a     514     513      56256
a     514     522      56256
a     515     516      56256
a     515     514      56256
a     515     523      56256
a     516     517      56256
a     516     515      56256
a     516     524      56256
a     517     518      56256
a     517     516      56256
a     517     525      56256
a     518     519      56256
a     518     517      56256
a     518     526      56256
a     519     520      56256
a     519     518      56256
a     519     527      56256
a     520     519      56256
a     520     528      56256
a     521     522      56256
a     521     529      56256
a     521     513      56256
a     522     523      56256
a     522     521      56256
a     522     530      56256
a     522     514      56256
a     523     524      56256
a     523     522      56256
a     523     531      56256
a     523     515      56256
a     524     525      56256
a     524     523      56256
a     524     532      56256
a     524     516      56256
a     525     526      56256
a     525     524      56256
a     525     533      56256
a     525     517      56256
a     526     527      56256
a     526     525      56256
a     526     534      56256
a     526     518      56256
a     527     528      56256
a     527     526      56256
a     527     535      56256
a     527     519      56256
a     528     527      56256
a     528     536      56256
a     528     520      56256
a     529     530      56256
a     529     537      56256
a     529     521      56256
a     530     531      56256
a     530     529      56256
a     530     538      56256
a     530     522      56256
a     531     532      56256
a     531     530      56256
a     531     539      56256
a     531     523      56256
a     532     533      56256
a     532     531      56256
a     532     540      56256
a     532     524      56256
a     533     534      56256
a     533     532      56256
a     533     541      56256
a     533     525      56256
a     534     535      56256
a     534     533      56256
a     534     542      56256
a     534     526      56256
a     535     536      56256
a     535     534      56256
a     535     543      56256
a     535     527      56256
a     536     535      56256
a     536     544      56256
a     536     528      56256
a     537     538      56256
a     537     545      56256
a     537     529      56256
a     538     539      56256
a     538     537      56256
a     538     546      56256
a     538     530      56256
a     539     540      56256
a     539     538      56256
a     539     547      56256
a     539     531      56256
a     540     541      56256
a     540     539      56256
a     540     548      56256
a     540     532      56256
a     541     542      56256
a     541     540      56256
a     541     549      56256
a     541     533      56256
a     542     543      56256
a     542     541      56256
a     542     550      56256
a     542     534      56256
a     543     544      56256
a     543     542      56256
a     543     551      56256
a     543     535      56256
a     544     543      56256
a     544     552      56256
a     544     536      56256
a     545     546      56256
a     545     553      56256
a     545     537      56256
a     546     547      56256
a     546     545      56256
a     546     554      56256
a     546     538      56256
a     547     548      56256
a     547     546      56256
a     547     555      56256
a     547     539      56256
a     548     549      56256
a     548     547      56256
a     548     556      56256
a     548     540      56256
a     549     550      56256
a     549     548      56256
a     549     557      56256
a     549     541      56256
a     550     551      56256
a     550     549      56256
a     550     558      56256
a     550     542      56256
a     551     552      56256
a     551     550      56256
a     551     559      56256
a     551     543      56256
a     552     551      56256
a     552     560      56256
a     552     544      56256
a     553     554      56256
a     553     561      56256
a     553     545      56256
a     554     555      56256
a     554     553      56256
a     554     562      56256
a     554     546      56256
a     555     556      56256
a     555     554      56256
a     555     563      56256
a     555     547      56256
a     556     557      56256
a     556     555      56256
a     556     564      56256
a     556     548      56256
a     557     558      56256
a     557     556      56256
a     557     565      56256
a     557     549      56256
a     558     559      56256
a     558     557      56256
a     558     566      56256
a     558     550      56256
a     559     560      56256
a     559     558      56256
a     559     567      56256
a     559     551      56256
a     560     559      56256
a     560     568      56256
a     560     552      56256
a     561     562      56256
a     561     569      56256
a     561     553      56256
a     562     563      56256
a     562     561      56256
a     562     570      56256
a     562     554      56256
a     563     564      56256
a     563     562      56256
a     563     571      56256
a     563     555      56256
a     564     565      56256
a     564     563      56256
a     564     572      56256
a     564     556      56256
a     565     566      56256
a     565     564      56256
a     565     573      56256
a     565     557      56256
a     566     567      56256
a     566     565      56256
a     566     574      56256
a     566     558      56256
a     567     568      56256
a     567     566      56256
a     567     575      56256
a     567     559      56256
a     568     567      56256
a     568     576      56256
a     568     560      56256
a     569     570      56256
a     569     561      56256
a     570     571      56256
a     570     569      56256
a     570     562      56256
a     571     572      56256
a     571     570      56256
a     571     563      56256
a     572     573      56256
a     572     571      56256
a     572     564      56256
a     573     574      56256
a     573     572      56256
a     573     565      56256
a     574     575      56256
a     574     573      56256
a     574     566      56256
a     575     576      56256
a     575     574      56256
a     575     567      56256
a     576     575      56256
a     576     568      56256
