c This file was generated by genrmf.
c The parameters are: a: 7 b: 11 c1: 220 c2: 662 seed: 1666103673
p max     539       2338
n       1 s
n     539 t
a       1      54        383
a       1       2      32438
a       1       8      32438
a       2      59        416
a       2       3      32438
a       2       1      32438
a       2       9      32438
a       3      51        317
a       3       4      32438
a       3       2      32438
a       3      10      32438
a       4      89        297
a       4       5      32438
a       4       3      32438
a       4      11      32438
a       5      53        369
a       5       6      32438
a       5       4      32438
a       5      12      32438
a       6      82        407
a       6       7      32438
a       6       5      32438
a       6      13      32438
a       7      76        641
a       7       6      32438
a       7      14      32438
a       8      58        551
a       8       9      32438
a       8      15      32438
a       8       1      32438
a       9      91        460
a       9      10      32438
a       9       8      32438
a       9      16      32438
a       9       2      32438
a      10      72        245
a      10      11      32438
a      10       9      32438
a      10      17      32438
a      10       3      32438
a      11      57        538
a      11      12      32438
a      11      10      32438
a      11      18      32438
a      11       4      32438
a      12      74        488
a      12      13      32438
a      12      11      32438
a      12      19      32438
a      12       5      32438
a      13      73        415
a      13      14      32438
a      13      12      32438
a      13      20      32438
a      13       6      32438
a      14      92        237
a      14      13      32438
a      14      21      32438
a      14       7      32438
a      15      94        414
a      15      16      32438
a      15      22      32438
a      15       8      32438
a      16      65        263
a      16      17      32438
a      16      15      32438
a      16      23      32438
a      16       9      32438
a      17      56        395
a      17      18      32438
a      17      16      32438
a      17      24      32438
a      17      10      32438
a      18      96        277
a      18      19      32438
a      18      17      32438
a      18      25      32438
a      18      11      32438
a      19      83        284
a      19      20      32438
a      19      18      32438
a      19      26      32438
a      19      12      32438
a      20      61        614
a      20      21      32438
a      20      19      32438
a      20      27      32438
a      20      13      32438
a      21      62        355
a      21      20      32438
a      21      28      32438
a      21      14      32438
a      22      86        358
a      22      23      32438
a      22      29      32438
a      22      15      32438
a      23      85        537
a      23      24      32438
a      23      22      32438
a      23      30      32438
a      23      16      32438
a      24      75        374
a      24      25      32438
a      24      23      32438
a      24      31      32438
a      24      17      32438
a      25      98        525
a      25      26      32438
a      25      24      32438
a      25      32      32438
a      25      18      32438
a      26      90        644
a      26      27      32438
a      26      25      32438
a      26      33      32438
a      26      19      32438
a      27      52        574
a      27      28      32438
a      27      26      32438
a      27      34      32438
a      27      20      32438
a      28      80        472
a      28      27      32438
a      28      35      32438
a      28      21      32438
a      29      93        653
a      29      30      32438
a      29      36      32438
a      29      22      32438
a      30      55        238
a      30      31      32438
a      30      29      32438
a      30      37      32438
a      30      23      32438
a      31      71        653
a      31      32      32438
a      31      30      32438
a      31      38      32438
a      31      24      32438
a      32      95        249
a      32      33      32438
a      32      31      32438
a      32      39      32438
a      32      25      32438
a      33      63        546
a      33      34      32438
a      33      32      32438
a      33      40      32438
a      33      26      32438
a      34      77        476
a      34      35      32438
a      34      33      32438
a      34      41      32438
a      34      27      32438
a      35      87        659
a      35      34      32438
a      35      42      32438
a      35      28      32438
a      36      50        253
a      36      37      32438
a      36      43      32438
a      36      29      32438
a      37      68        498
a      37      38      32438
a      37      36      32438
a      37      44      32438
a      37      30      32438
a      38      97        510
a      38      39      32438
a      38      37      32438
a      38      45      32438
a      38      31      32438
a      39      60        627
a      39      40      32438
a      39      38      32438
a      39      46      32438
a      39      32      32438
a      40      64        631
a      40      41      32438
a      40      39      32438
a      40      47      32438
a      40      33      32438
a      41      84        572
a      41      42      32438
a      41      40      32438
a      41      48      32438
a      41      34      32438
a      42      88        367
a      42      41      32438
a      42      49      32438
a      42      35      32438
a      43      70        266
a      43      44      32438
a      43      36      32438
a      44      67        273
a      44      45      32438
a      44      43      32438
a      44      37      32438
a      45      66        500
a      45      46      32438
a      45      44      32438
a      45      38      32438
a      46      79        370
a      46      47      32438
a      46      45      32438
a      46      39      32438
a      47      81        332
a      47      48      32438
a      47      46      32438
a      47      40      32438
a      48      69        299
a      48      49      32438
a      48      47      32438
a      48      41      32438
a      49      78        344
a      49      48      32438
a      49      42      32438
a      50      99        463
a      50      51      32438
a      50      57      32438
a      51     146        488
a      51      52      32438
a      51      50      32438
a      51      58      32438
a      52     127        286
a      52      53      32438
a      52      51      32438
a      52      59      32438
a      53     104        633
a      53      54      32438
a      53      52      32438
a      53      60      32438
a      54     139        402
a      54      55      32438
a      54      53      32438
a      54      61      32438
a      55     133        321
a      55      56      32438
a      55      54      32438
a      55      62      32438
a      56     145        661
a      56      55      32438
a      56      63      32438
a      57     121        352
a      57      58      32438
a      57      64      32438
a      57      50      32438
a      58     125        346
a      58      59      32438
a      58      57      32438
a      58      65      32438
a      58      51      32438
a      59     142        394
a      59      60      32438
a      59      58      32438
a      59      66      32438
a      59      52      32438
a      60     115        384
a      60      61      32438
a      60      59      32438
a      60      67      32438
a      60      53      32438
a      61     126        564
a      61      62      32438
a      61      60      32438
a      61      68      32438
a      61      54      32438
a      62     129        260
a      62      63      32438
a      62      61      32438
a      62      69      32438
a      62      55      32438
a      63     111        538
a      63      62      32438
a      63      70      32438
a      63      56      32438
a      64     124        285
a      64      65      32438
a      64      71      32438
a      64      57      32438
a      65     136        638
a      65      66      32438
a      65      64      32438
a      65      72      32438
a      65      58      32438
a      66     118        404
a      66      67      32438
a      66      65      32438
a      66      73      32438
a      66      59      32438
a      67     107        276
a      67      68      32438
a      67      66      32438
a      67      74      32438
a      67      60      32438
a      68     112        544
a      68      69      32438
a      68      67      32438
a      68      75      32438
a      68      61      32438
a      69     105        355
a      69      70      32438
a      69      68      32438
a      69      76      32438
a      69      62      32438
a      70     114        586
a      70      69      32438
a      70      77      32438
a      70      63      32438
a      71     106        538
a      71      72      32438
a      71      78      32438
a      71      64      32438
a      72     119        546
a      72      73      32438
a      72      71      32438
a      72      79      32438
a      72      65      32438
a      73     109        525
a      73      74      32438
a      73      72      32438
a      73      80      32438
a      73      66      32438
a      74     100        631
a      74      75      32438
a      74      73      32438
a      74      81      32438
a      74      67      32438
a      75     141        610
a      75      76      32438
a      75      74      32438
a      75      82      32438
a      75      68      32438
a      76     110        347
a      76      77      32438
a      76      75      32438
a      76      83      32438
a      76      69      32438
a      77     117        472
a      77      76      32438
a      77      84      32438
a      77      70      32438
a      78     116        618
a      78      79      32438
a      78      85      32438
a      78      71      32438
a      79     134        449
a      79      80      32438
a      79      78      32438
a      79      86      32438
a      79      72      32438
a      80     144        497
a      80      81      32438
a      80      79      32438
a      80      87      32438
a      80      73      32438
a      81     123        358
a      81      82      32438
a      81      80      32438
a      81      88      32438
a      81      74      32438
a      82     103        347
a      82      83      32438
a      82      81      32438
a      82      89      32438
a      82      75      32438
a      83     135        403
a      83      84      32438
a      83      82      32438
a      83      90      32438
a      83      76      32438
a      84     137        591
a      84      83      32438
a      84      91      32438
a      84      77      32438
a      85     101        288
a      85      86      32438
a      85      92      32438
a      85      78      32438
a      86     130        350
a      86      87      32438
a      86      85      32438
a      86      93      32438
a      86      79      32438
a      87     108        375
a      87      88      32438
a      87      86      32438
a      87      94      32438
a      87      80      32438
a      88     102        656
a      88      89      32438
a      88      87      32438
a      88      95      32438
a      88      81      32438
a      89     128        485
a      89      90      32438
a      89      88      32438
a      89      96      32438
a      89      82      32438
a      90     138        399
a      90      91      32438
a      90      89      32438
a      90      97      32438
a      90      83      32438
a      91     122        499
a      91      90      32438
a      91      98      32438
a      91      84      32438
a      92     132        225
a      92      93      32438
a      92      85      32438
a      93     143        385
a      93      94      32438
a      93      92      32438
a      93      86      32438
a      94     131        496
a      94      95      32438
a      94      93      32438
a      94      87      32438
a      95     140        438
a      95      96      32438
a      95      94      32438
a      95      88      32438
a      96     147        539
a      96      97      32438
a      96      95      32438
a      96      89      32438
a      97     120        312
a      97      98      32438
a      97      96      32438
a      97      90      32438
a      98     113        608
a      98      97      32438
a      98      91      32438
a      99     195        369
a      99     100      32438
a      99     106      32438
a     100     152        271
a     100     101      32438
a     100      99      32438
a     100     107      32438
a     101     174        452
a     101     102      32438
a     101     100      32438
a     101     108      32438
a     102     179        229
a     102     103      32438
a     102     101      32438
a     102     109      32438
a     103     182        539
a     103     104      32438
a     103     102      32438
a     103     110      32438
a     104     175        409
a     104     105      32438
a     104     103      32438
a     104     111      32438
a     105     160        280
a     105     104      32438
a     105     112      32438
a     106     153        379
a     106     107      32438
a     106     113      32438
a     106      99      32438
a     107     191        563
a     107     108      32438
a     107     106      32438
a     107     114      32438
a     107     100      32438
a     108     184        574
a     108     109      32438
a     108     107      32438
a     108     115      32438
a     108     101      32438
a     109     154        418
a     109     110      32438
a     109     108      32438
a     109     116      32438
a     109     102      32438
a     110     187        513
a     110     111      32438
a     110     109      32438
a     110     117      32438
a     110     103      32438
a     111     161        512
a     111     112      32438
a     111     110      32438
a     111     118      32438
a     111     104      32438
a     112     167        589
a     112     111      32438
a     112     119      32438
a     112     105      32438
a     113     173        493
a     113     114      32438
a     113     120      32438
a     113     106      32438
a     114     150        368
a     114     115      32438
a     114     113      32438
a     114     121      32438
a     114     107      32438
a     115     185        387
a     115     116      32438
a     115     114      32438
a     115     122      32438
a     115     108      32438
a     116     158        616
a     116     117      32438
a     116     115      32438
a     116     123      32438
a     116     109      32438
a     117     189        387
a     117     118      32438
a     117     116      32438
a     117     124      32438
a     117     110      32438
a     118     196        656
a     118     119      32438
a     118     117      32438
a     118     125      32438
a     118     111      32438
a     119     176        530
a     119     118      32438
a     119     126      32438
a     119     112      32438
a     120     156        242
a     120     121      32438
a     120     127      32438
a     120     113      32438
a     121     190        543
a     121     122      32438
a     121     120      32438
a     121     128      32438
a     121     114      32438
a     122     192        308
a     122     123      32438
a     122     121      32438
a     122     129      32438
a     122     115      32438
a     123     171        292
a     123     124      32438
a     123     122      32438
a     123     130      32438
a     123     116      32438
a     124     151        360
a     124     125      32438
a     124     123      32438
a     124     131      32438
a     124     117      32438
a     125     163        292
a     125     126      32438
a     125     124      32438
a     125     132      32438
a     125     118      32438
a     126     180        389
a     126     125      32438
a     126     133      32438
a     126     119      32438
a     127     148        653
a     127     128      32438
a     127     134      32438
a     127     120      32438
a     128     157        393
a     128     129      32438
a     128     127      32438
a     128     135      32438
a     128     121      32438
a     129     186        592
a     129     130      32438
a     129     128      32438
a     129     136      32438
a     129     122      32438
a     130     193        322
a     130     131      32438
a     130     129      32438
a     130     137      32438
a     130     123      32438
a     131     169        463
a     131     132      32438
a     131     130      32438
a     131     138      32438
a     131     124      32438
a     132     159        337
a     132     133      32438
a     132     131      32438
a     132     139      32438
a     132     125      32438
a     133     178        448
a     133     132      32438
a     133     140      32438
a     133     126      32438
a     134     172        506
a     134     135      32438
a     134     141      32438
a     134     127      32438
a     135     181        505
a     135     136      32438
a     135     134      32438
a     135     142      32438
a     135     128      32438
a     136     162        578
a     136     137      32438
a     136     135      32438
a     136     143      32438
a     136     129      32438
a     137     149        564
a     137     138      32438
a     137     136      32438
a     137     144      32438
a     137     130      32438
a     138     155        572
a     138     139      32438
a     138     137      32438
a     138     145      32438
a     138     131      32438
a     139     188        631
a     139     140      32438
a     139     138      32438
a     139     146      32438
a     139     132      32438
a     140     194        368
a     140     139      32438
a     140     147      32438
a     140     133      32438
a     141     166        391
a     141     142      32438
a     141     134      32438
a     142     165        565
a     142     143      32438
a     142     141      32438
a     142     135      32438
a     143     183        522
a     143     144      32438
a     143     142      32438
a     143     136      32438
a     144     177        492
a     144     145      32438
a     144     143      32438
a     144     137      32438
a     145     168        441
a     145     146      32438
a     145     144      32438
a     145     138      32438
a     146     170        346
a     146     147      32438
a     146     145      32438
a     146     139      32438
a     147     164        520
a     147     146      32438
a     147     140      32438
a     148     205        409
a     148     149      32438
a     148     155      32438
a     149     229        447
a     149     150      32438
a     149     148      32438
a     149     156      32438
a     150     220        318
a     150     151      32438
a     150     149      32438
a     150     157      32438
a     151     225        593
a     151     152      32438
a     151     150      32438
a     151     158      32438
a     152     204        547
a     152     153      32438
a     152     151      32438
a     152     159      32438
a     153     232        610
a     153     154      32438
a     153     152      32438
a     153     160      32438
a     154     240        421
a     154     153      32438
a     154     161      32438
a     155     223        599
a     155     156      32438
a     155     162      32438
a     155     148      32438
a     156     217        260
a     156     157      32438
a     156     155      32438
a     156     163      32438
a     156     149      32438
a     157     230        439
a     157     158      32438
a     157     156      32438
a     157     164      32438
a     157     150      32438
a     158     200        307
a     158     159      32438
a     158     157      32438
a     158     165      32438
a     158     151      32438
a     159     218        630
a     159     160      32438
a     159     158      32438
a     159     166      32438
a     159     152      32438
a     160     207        562
a     160     161      32438
a     160     159      32438
a     160     167      32438
a     160     153      32438
a     161     197        229
a     161     160      32438
a     161     168      32438
a     161     154      32438
a     162     214        365
a     162     163      32438
a     162     169      32438
a     162     155      32438
a     163     231        625
a     163     164      32438
a     163     162      32438
a     163     170      32438
a     163     156      32438
a     164     213        586
a     164     165      32438
a     164     163      32438
a     164     171      32438
a     164     157      32438
a     165     209        226
a     165     166      32438
a     165     164      32438
a     165     172      32438
a     165     158      32438
a     166     244        441
a     166     167      32438
a     166     165      32438
a     166     173      32438
a     166     159      32438
a     167     212        414
a     167     168      32438
a     167     166      32438
a     167     174      32438
a     167     160      32438
a     168     216        438
a     168     167      32438
a     168     175      32438
a     168     161      32438
a     169     199        610
a     169     170      32438
a     169     176      32438
a     169     162      32438
a     170     222        318
a     170     171      32438
a     170     169      32438
a     170     177      32438
a     170     163      32438
a     171     227        326
a     171     172      32438
a     171     170      32438
a     171     178      32438
a     171     164      32438
a     172     236        548
a     172     173      32438
a     172     171      32438
a     172     179      32438
a     172     165      32438
a     173     202        373
a     173     174      32438
a     173     172      32438
a     173     180      32438
a     173     166      32438
a     174     239        609
a     174     175      32438
a     174     173      32438
a     174     181      32438
a     174     167      32438
a     175     206        398
a     175     174      32438
a     175     182      32438
a     175     168      32438
a     176     203        577
a     176     177      32438
a     176     183      32438
a     176     169      32438
a     177     242        614
a     177     178      32438
a     177     176      32438
a     177     184      32438
a     177     170      32438
a     178     243        521
a     178     179      32438
a     178     177      32438
a     178     185      32438
a     178     171      32438
a     179     237        555
a     179     180      32438
a     179     178      32438
a     179     186      32438
a     179     172      32438
a     180     224        221
a     180     181      32438
a     180     179      32438
a     180     187      32438
a     180     173      32438
a     181     245        442
a     181     182      32438
a     181     180      32438
a     181     188      32438
a     181     174      32438
a     182     233        275
a     182     181      32438
a     182     189      32438
a     182     175      32438
a     183     234        317
a     183     184      32438
a     183     190      32438
a     183     176      32438
a     184     238        286
a     184     185      32438
a     184     183      32438
a     184     191      32438
a     184     177      32438
a     185     201        398
a     185     186      32438
a     185     184      32438
a     185     192      32438
a     185     178      32438
a     186     210        387
a     186     187      32438
a     186     185      32438
a     186     193      32438
a     186     179      32438
a     187     228        381
a     187     188      32438
a     187     186      32438
a     187     194      32438
a     187     180      32438
a     188     226        475
a     188     189      32438
a     188     187      32438
a     188     195      32438
a     188     181      32438
a     189     208        375
a     189     188      32438
a     189     196      32438
a     189     182      32438
a     190     215        454
a     190     191      32438
a     190     183      32438
a     191     198        376
a     191     192      32438
a     191     190      32438
a     191     184      32438
a     192     241        230
a     192     193      32438
a     192     191      32438
a     192     185      32438
a     193     221        553
a     193     194      32438
a     193     192      32438
a     193     186      32438
a     194     211        577
a     194     195      32438
a     194     193      32438
a     194     187      32438
a     195     235        533
a     195     196      32438
a     195     194      32438
a     195     188      32438
a     196     219        323
a     196     195      32438
a     196     189      32438
a     197     281        620
a     197     198      32438
a     197     204      32438
a     198     294        593
a     198     199      32438
a     198     197      32438
a     198     205      32438
a     199     248        632
a     199     200      32438
a     199     198      32438
a     199     206      32438
a     200     283        488
a     200     201      32438
a     200     199      32438
a     200     207      32438
a     201     270        518
a     201     202      32438
a     201     200      32438
a     201     208      32438
a     202     293        418
a     202     203      32438
a     202     201      32438
a     202     209      32438
a     203     282        532
a     203     202      32438
a     203     210      32438
a     204     267        392
a     204     205      32438
a     204     211      32438
a     204     197      32438
a     205     264        245
a     205     206      32438
a     205     204      32438
a     205     212      32438
a     205     198      32438
a     206     255        478
a     206     207      32438
a     206     205      32438
a     206     213      32438
a     206     199      32438
a     207     286        583
a     207     208      32438
a     207     206      32438
a     207     214      32438
a     207     200      32438
a     208     272        587
a     208     209      32438
a     208     207      32438
a     208     215      32438
a     208     201      32438
a     209     278        502
a     209     210      32438
a     209     208      32438
a     209     216      32438
a     209     202      32438
a     210     263        555
a     210     209      32438
a     210     217      32438
a     210     203      32438
a     211     246        463
a     211     212      32438
a     211     218      32438
a     211     204      32438
a     212     254        559
a     212     213      32438
a     212     211      32438
a     212     219      32438
a     212     205      32438
a     213     257        482
a     213     214      32438
a     213     212      32438
a     213     220      32438
a     213     206      32438
a     214     291        564
a     214     215      32438
a     214     213      32438
a     214     221      32438
a     214     207      32438
a     215     266        604
a     215     216      32438
a     215     214      32438
a     215     222      32438
a     215     208      32438
a     216     253        287
a     216     217      32438
a     216     215      32438
a     216     223      32438
a     216     209      32438
a     217     290        289
a     217     216      32438
a     217     224      32438
a     217     210      32438
a     218     251        581
a     218     219      32438
a     218     225      32438
a     218     211      32438
a     219     250        552
a     219     220      32438
a     219     218      32438
a     219     226      32438
a     219     212      32438
a     220     265        273
a     220     221      32438
a     220     219      32438
a     220     227      32438
a     220     213      32438
a     221     274        390
a     221     222      32438
a     221     220      32438
a     221     228      32438
a     221     214      32438
a     222     268        479
a     222     223      32438
a     222     221      32438
a     222     229      32438
a     222     215      32438
a     223     262        473
a     223     224      32438
a     223     222      32438
a     223     230      32438
a     223     216      32438
a     224     279        537
a     224     223      32438
a     224     231      32438
a     224     217      32438
a     225     252        609
a     225     226      32438
a     225     232      32438
a     225     218      32438
a     226     261        344
a     226     227      32438
a     226     225      32438
a     226     233      32438
a     226     219      32438
a     227     276        279
a     227     228      32438
a     227     226      32438
a     227     234      32438
a     227     220      32438
a     228     287        377
a     228     229      32438
a     228     227      32438
a     228     235      32438
a     228     221      32438
a     229     249        385
a     229     230      32438
a     229     228      32438
a     229     236      32438
a     229     222      32438
a     230     280        380
a     230     231      32438
a     230     229      32438
a     230     237      32438
a     230     223      32438
a     231     260        416
a     231     230      32438
a     231     238      32438
a     231     224      32438
a     232     284        365
a     232     233      32438
a     232     239      32438
a     232     225      32438
a     233     247        544
a     233     234      32438
a     233     232      32438
a     233     240      32438
a     233     226      32438
a     234     271        457
a     234     235      32438
a     234     233      32438
a     234     241      32438
a     234     227      32438
a     235     273        364
a     235     236      32438
a     235     234      32438
a     235     242      32438
a     235     228      32438
a     236     292        397
a     236     237      32438
a     236     235      32438
a     236     243      32438
a     236     229      32438
a     237     277        399
a     237     238      32438
a     237     236      32438
a     237     244      32438
a     237     230      32438
a     238     269        323
a     238     237      32438
a     238     245      32438
a     238     231      32438
a     239     288        477
a     239     240      32438
a     239     232      32438
a     240     285        437
a     240     241      32438
a     240     239      32438
a     240     233      32438
a     241     256        394
a     241     242      32438
a     241     240      32438
a     241     234      32438
a     242     289        601
a     242     243      32438
a     242     241      32438
a     242     235      32438
a     243     259        425
a     243     244      32438
a     243     242      32438
a     243     236      32438
a     244     258        266
a     244     245      32438
a     244     243      32438
a     244     237      32438
a     245     275        366
a     245     244      32438
a     245     238      32438
a     246     312        298
a     246     247      32438
a     246     253      32438
a     247     330        263
a     247     248      32438
a     247     246      32438
a     247     254      32438
a     248     311        300
a     248     249      32438
a     248     247      32438
a     248     255      32438
a     249     320        315
a     249     250      32438
a     249     248      32438
a     249     256      32438
a     250     327        233
a     250     251      32438
a     250     249      32438
a     250     257      32438
a     251     335        446
a     251     252      32438
a     251     250      32438
a     251     258      32438
a     252     328        622
a     252     251      32438
a     252     259      32438
a     253     322        229
a     253     254      32438
a     253     260      32438
a     253     246      32438
a     254     336        498
a     254     255      32438
a     254     253      32438
a     254     261      32438
a     254     247      32438
a     255     316        506
a     255     256      32438
a     255     254      32438
a     255     262      32438
a     255     248      32438
a     256     329        505
a     256     257      32438
a     256     255      32438
a     256     263      32438
a     256     249      32438
a     257     334        296
a     257     258      32438
a     257     256      32438
a     257     264      32438
a     257     250      32438
a     258     313        631
a     258     259      32438
a     258     257      32438
a     258     265      32438
a     258     251      32438
a     259     304        459
a     259     258      32438
a     259     266      32438
a     259     252      32438
a     260     298        585
a     260     261      32438
a     260     267      32438
a     260     253      32438
a     261     321        480
a     261     262      32438
a     261     260      32438
a     261     268      32438
a     261     254      32438
a     262     343        264
a     262     263      32438
a     262     261      32438
a     262     269      32438
a     262     255      32438
a     263     302        616
a     263     264      32438
a     263     262      32438
a     263     270      32438
a     263     256      32438
a     264     324        294
a     264     265      32438
a     264     263      32438
a     264     271      32438
a     264     257      32438
a     265     297        505
a     265     266      32438
a     265     264      32438
a     265     272      32438
a     265     258      32438
a     266     325        426
a     266     265      32438
a     266     273      32438
a     266     259      32438
a     267     310        264
a     267     268      32438
a     267     274      32438
a     267     260      32438
a     268     307        499
a     268     269      32438
a     268     267      32438
a     268     275      32438
a     268     261      32438
a     269     318        317
a     269     270      32438
a     269     268      32438
a     269     276      32438
a     269     262      32438
a     270     338        324
a     270     271      32438
a     270     269      32438
a     270     277      32438
a     270     263      32438
a     271     337        334
a     271     272      32438
a     271     270      32438
a     271     278      32438
a     271     264      32438
a     272     332        562
a     272     273      32438
a     272     271      32438
a     272     279      32438
a     272     265      32438
a     273     319        534
a     273     272      32438
a     273     280      32438
a     273     266      32438
a     274     303        635
a     274     275      32438
a     274     281      32438
a     274     267      32438
a     275     306        554
a     275     276      32438
a     275     274      32438
a     275     282      32438
a     275     268      32438
a     276     309        467
a     276     277      32438
a     276     275      32438
a     276     283      32438
a     276     269      32438
a     277     300        592
a     277     278      32438
a     277     276      32438
a     277     284      32438
a     277     270      32438
a     278     333        372
a     278     279      32438
a     278     277      32438
a     278     285      32438
a     278     271      32438
a     279     299        334
a     279     280      32438
a     279     278      32438
a     279     286      32438
a     279     272      32438
a     280     317        421
a     280     279      32438
a     280     287      32438
a     280     273      32438
a     281     342        264
a     281     282      32438
a     281     288      32438
a     281     274      32438
a     282     301        652
a     282     283      32438
a     282     281      32438
a     282     289      32438
a     282     275      32438
a     283     341        431
a     283     284      32438
a     283     282      32438
a     283     290      32438
a     283     276      32438
a     284     314        310
a     284     285      32438
a     284     283      32438
a     284     291      32438
a     284     277      32438
a     285     305        380
a     285     286      32438
a     285     284      32438
a     285     292      32438
a     285     278      32438
a     286     296        334
a     286     287      32438
a     286     285      32438
a     286     293      32438
a     286     279      32438
a     287     295        659
a     287     286      32438
a     287     294      32438
a     287     280      32438
a     288     339        483
a     288     289      32438
a     288     281      32438
a     289     308        447
a     289     290      32438
a     289     288      32438
a     289     282      32438
a     290     331        466
a     290     291      32438
a     290     289      32438
a     290     283      32438
a     291     326        369
a     291     292      32438
a     291     290      32438
a     291     284      32438
a     292     340        330
a     292     293      32438
a     292     291      32438
a     292     285      32438
a     293     315        438
a     293     294      32438
a     293     292      32438
a     293     286      32438
a     294     323        527
a     294     293      32438
a     294     287      32438
a     295     372        628
a     295     296      32438
a     295     302      32438
a     296     349        340
a     296     297      32438
a     296     295      32438
a     296     303      32438
a     297     392        401
a     297     298      32438
a     297     296      32438
a     297     304      32438
a     298     363        416
a     298     299      32438
a     298     297      32438
a     298     305      32438
a     299     377        565
a     299     300      32438
a     299     298      32438
a     299     306      32438
a     300     389        586
a     300     301      32438
a     300     299      32438
a     300     307      32438
a     301     385        593
a     301     300      32438
a     301     308      32438
a     302     370        528
a     302     303      32438
a     302     309      32438
a     302     295      32438
a     303     366        446
a     303     304      32438
a     303     302      32438
a     303     310      32438
a     303     296      32438
a     304     374        657
a     304     305      32438
a     304     303      32438
a     304     311      32438
a     304     297      32438
a     305     346        606
a     305     306      32438
a     305     304      32438
a     305     312      32438
a     305     298      32438
a     306     355        607
a     306     307      32438
a     306     305      32438
a     306     313      32438
a     306     299      32438
a     307     375        227
a     307     308      32438
a     307     306      32438
a     307     314      32438
a     307     300      32438
a     308     382        646
a     308     307      32438
a     308     315      32438
a     308     301      32438
a     309     352        480
a     309     310      32438
a     309     316      32438
a     309     302      32438
a     310     391        264
a     310     311      32438
a     310     309      32438
a     310     317      32438
a     310     303      32438
a     311     379        348
a     311     312      32438
a     311     310      32438
a     311     318      32438
a     311     304      32438
a     312     345        592
a     312     313      32438
a     312     311      32438
a     312     319      32438
a     312     305      32438
a     313     378        333
a     313     314      32438
a     313     312      32438
a     313     320      32438
a     313     306      32438
a     314     358        419
a     314     315      32438
a     314     313      32438
a     314     321      32438
a     314     307      32438
a     315     365        472
a     315     314      32438
a     315     322      32438
a     315     308      32438
a     316     353        323
a     316     317      32438
a     316     323      32438
a     316     309      32438
a     317     381        613
a     317     318      32438
a     317     316      32438
a     317     324      32438
a     317     310      32438
a     318     360        329
a     318     319      32438
a     318     317      32438
a     318     325      32438
a     318     311      32438
a     319     357        292
a     319     320      32438
a     319     318      32438
a     319     326      32438
a     319     312      32438
a     320     354        617
a     320     321      32438
a     320     319      32438
a     320     327      32438
a     320     313      32438
a     321     380        520
a     321     322      32438
a     321     320      32438
a     321     328      32438
a     321     314      32438
a     322     367        524
a     322     321      32438
a     322     329      32438
a     322     315      32438
a     323     356        650
a     323     324      32438
a     323     330      32438
a     323     316      32438
a     324     384        324
a     324     325      32438
a     324     323      32438
a     324     331      32438
a     324     317      32438
a     325     386        273
a     325     326      32438
a     325     324      32438
a     325     332      32438
a     325     318      32438
a     326     347        249
a     326     327      32438
a     326     325      32438
a     326     333      32438
a     326     319      32438
a     327     350        294
a     327     328      32438
a     327     326      32438
a     327     334      32438
a     327     320      32438
a     328     344        596
a     328     329      32438
a     328     327      32438
a     328     335      32438
a     328     321      32438
a     329     361        510
a     329     328      32438
a     329     336      32438
a     329     322      32438
a     330     348        516
a     330     331      32438
a     330     337      32438
a     330     323      32438
a     331     371        519
a     331     332      32438
a     331     330      32438
a     331     338      32438
a     331     324      32438
a     332     383        621
a     332     333      32438
a     332     331      32438
a     332     339      32438
a     332     325      32438
a     333     376        478
a     333     334      32438
a     333     332      32438
a     333     340      32438
a     333     326      32438
a     334     351        660
a     334     335      32438
a     334     333      32438
a     334     341      32438
a     334     327      32438
a     335     368        540
a     335     336      32438
a     335     334      32438
a     335     342      32438
a     335     328      32438
a     336     369        613
a     336     335      32438
a     336     343      32438
a     336     329      32438
a     337     388        303
a     337     338      32438
a     337     330      32438
a     338     387        223
a     338     339      32438
a     338     337      32438
a     338     331      32438
a     339     390        573
a     339     340      32438
a     339     338      32438
a     339     332      32438
a     340     364        317
a     340     341      32438
a     340     339      32438
a     340     333      32438
a     341     373        490
a     341     342      32438
a     341     340      32438
a     341     334      32438
a     342     359        660
a     342     343      32438
a     342     341      32438
a     342     335      32438
a     343     362        468
a     343     342      32438
a     343     336      32438
a     344     424        542
a     344     345      32438
a     344     351      32438
a     345     403        594
a     345     346      32438
a     345     344      32438
a     345     352      32438
a     346     399        352
a     346     347      32438
a     346     345      32438
a     346     353      32438
a     347     407        293
a     347     348      32438
a     347     346      32438
a     347     354      32438
a     348     416        399
a     348     349      32438
a     348     347      32438
a     348     355      32438
a     349     401        245
a     349     350      32438
a     349     348      32438
a     349     356      32438
a     350     419        224
a     350     349      32438
a     350     357      32438
a     351     432        266
a     351     352      32438
a     351     358      32438
a     351     344      32438
a     352     418        409
a     352     353      32438
a     352     351      32438
a     352     359      32438
a     352     345      32438
a     353     437        375
a     353     354      32438
a     353     352      32438
a     353     360      32438
a     353     346      32438
a     354     404        361
a     354     355      32438
a     354     353      32438
a     354     361      32438
a     354     347      32438
a     355     409        514
a     355     356      32438
a     355     354      32438
a     355     362      32438
a     355     348      32438
a     356     426        368
a     356     357      32438
a     356     355      32438
a     356     363      32438
a     356     349      32438
a     357     433        483
a     357     356      32438
a     357     364      32438
a     357     350      32438
a     358     434        224
a     358     359      32438
a     358     365      32438
a     358     351      32438
a     359     429        294
a     359     360      32438
a     359     358      32438
a     359     366      32438
a     359     352      32438
a     360     405        304
a     360     361      32438
a     360     359      32438
a     360     367      32438
a     360     353      32438
a     361     417        481
a     361     362      32438
a     361     360      32438
a     361     368      32438
a     361     354      32438
a     362     406        369
a     362     363      32438
a     362     361      32438
a     362     369      32438
a     362     355      32438
a     363     428        369
a     363     364      32438
a     363     362      32438
a     363     370      32438
a     363     356      32438
a     364     427        360
a     364     363      32438
a     364     371      32438
a     364     357      32438
a     365     435        598
a     365     366      32438
a     365     372      32438
a     365     358      32438
a     366     398        562
a     366     367      32438
a     366     365      32438
a     366     373      32438
a     366     359      32438
a     367     400        258
a     367     368      32438
a     367     366      32438
a     367     374      32438
a     367     360      32438
a     368     395        360
a     368     369      32438
a     368     367      32438
a     368     375      32438
a     368     361      32438
a     369     423        253
a     369     370      32438
a     369     368      32438
a     369     376      32438
a     369     362      32438
a     370     436        227
a     370     371      32438
a     370     369      32438
a     370     377      32438
a     370     363      32438
a     371     430        304
a     371     370      32438
a     371     378      32438
a     371     364      32438
a     372     421        413
a     372     373      32438
a     372     379      32438
a     372     365      32438
a     373     411        443
a     373     374      32438
a     373     372      32438
a     373     380      32438
a     373     366      32438
a     374     425        323
a     374     375      32438
a     374     373      32438
a     374     381      32438
a     374     367      32438
a     375     402        233
a     375     376      32438
a     375     374      32438
a     375     382      32438
a     375     368      32438
a     376     396        286
a     376     377      32438
a     376     375      32438
a     376     383      32438
a     376     369      32438
a     377     440        431
a     377     378      32438
a     377     376      32438
a     377     384      32438
a     377     370      32438
a     378     394        376
a     378     377      32438
a     378     385      32438
a     378     371      32438
a     379     414        231
a     379     380      32438
a     379     386      32438
a     379     372      32438
a     380     431        448
a     380     381      32438
a     380     379      32438
a     380     387      32438
a     380     373      32438
a     381     415        238
a     381     382      32438
a     381     380      32438
a     381     388      32438
a     381     374      32438
a     382     438        242
a     382     383      32438
a     382     381      32438
a     382     389      32438
a     382     375      32438
a     383     420        596
a     383     384      32438
a     383     382      32438
a     383     390      32438
a     383     376      32438
a     384     412        526
a     384     385      32438
a     384     383      32438
a     384     391      32438
a     384     377      32438
a     385     413        571
a     385     384      32438
a     385     392      32438
a     385     378      32438
a     386     439        402
a     386     387      32438
a     386     379      32438
a     387     410        288
a     387     388      32438
a     387     386      32438
a     387     380      32438
a     388     422        256
a     388     389      32438
a     388     387      32438
a     388     381      32438
a     389     441        298
a     389     390      32438
a     389     388      32438
a     389     382      32438
a     390     397        421
a     390     391      32438
a     390     389      32438
a     390     383      32438
a     391     408        537
a     391     392      32438
a     391     390      32438
a     391     384      32438
a     392     393        463
a     392     391      32438
a     392     385      32438
a     393     447        502
a     393     394      32438
a     393     400      32438
a     394     487        220
a     394     395      32438
a     394     393      32438
a     394     401      32438
a     395     484        428
a     395     396      32438
a     395     394      32438
a     395     402      32438
a     396     473        614
a     396     397      32438
a     396     395      32438
a     396     403      32438
a     397     465        636
a     397     398      32438
a     397     396      32438
a     397     404      32438
a     398     474        264
a     398     399      32438
a     398     397      32438
a     398     405      32438
a     399     461        623
a     399     398      32438
a     399     406      32438
a     400     475        582
a     400     401      32438
a     400     407      32438
a     400     393      32438
a     401     459        390
a     401     402      32438
a     401     400      32438
a     401     408      32438
a     401     394      32438
a     402     444        391
a     402     403      32438
a     402     401      32438
a     402     409      32438
a     402     395      32438
a     403     457        300
a     403     404      32438
a     403     402      32438
a     403     410      32438
a     403     396      32438
a     404     488        455
a     404     405      32438
a     404     403      32438
a     404     411      32438
a     404     397      32438
a     405     456        284
a     405     406      32438
a     405     404      32438
a     405     412      32438
a     405     398      32438
a     406     454        308
a     406     405      32438
a     406     413      32438
a     406     399      32438
a     407     486        463
a     407     408      32438
a     407     414      32438
a     407     400      32438
a     408     469        422
a     408     409      32438
a     408     407      32438
a     408     415      32438
a     408     401      32438
a     409     466        400
a     409     410      32438
a     409     408      32438
a     409     416      32438
a     409     402      32438
a     410     443        360
a     410     411      32438
a     410     409      32438
a     410     417      32438
a     410     403      32438
a     411     453        603
a     411     412      32438
a     411     410      32438
a     411     418      32438
a     411     404      32438
a     412     489        383
a     412     413      32438
a     412     411      32438
a     412     419      32438
a     412     405      32438
a     413     464        568
a     413     412      32438
a     413     420      32438
a     413     406      32438
a     414     449        295
a     414     415      32438
a     414     421      32438
a     414     407      32438
a     415     471        566
a     415     416      32438
a     415     414      32438
a     415     422      32438
a     415     408      32438
a     416     468        514
a     416     417      32438
a     416     415      32438
a     416     423      32438
a     416     409      32438
a     417     483        252
a     417     418      32438
a     417     416      32438
a     417     424      32438
a     417     410      32438
a     418     446        298
a     418     419      32438
a     418     417      32438
a     418     425      32438
a     418     411      32438
a     419     472        532
a     419     420      32438
a     419     418      32438
a     419     426      32438
a     419     412      32438
a     420     480        594
a     420     419      32438
a     420     427      32438
a     420     413      32438
a     421     485        231
a     421     422      32438
a     421     428      32438
a     421     414      32438
a     422     442        438
a     422     423      32438
a     422     421      32438
a     422     429      32438
a     422     415      32438
a     423     452        311
a     423     424      32438
a     423     422      32438
a     423     430      32438
a     423     416      32438
a     424     490        489
a     424     425      32438
a     424     423      32438
a     424     431      32438
a     424     417      32438
a     425     463        460
a     425     426      32438
a     425     424      32438
a     425     432      32438
a     425     418      32438
a     426     478        299
a     426     427      32438
a     426     425      32438
a     426     433      32438
a     426     419      32438
a     427     462        472
a     427     426      32438
a     427     434      32438
a     427     420      32438
a     428     479        631
a     428     429      32438
a     428     435      32438
a     428     421      32438
a     429     455        245
a     429     430      32438
a     429     428      32438
a     429     436      32438
a     429     422      32438
a     430     451        259
a     430     431      32438
a     430     429      32438
a     430     437      32438
a     430     423      32438
a     431     450        553
a     431     432      32438
a     431     430      32438
a     431     438      32438
a     431     424      32438
a     432     476        295
a     432     433      32438
a     432     431      32438
a     432     439      32438
a     432     425      32438
a     433     460        575
a     433     434      32438
a     433     432      32438
a     433     440      32438
a     433     426      32438
a     434     477        362
a     434     433      32438
a     434     441      32438
a     434     427      32438
a     435     448        492
a     435     436      32438
a     435     428      32438
a     436     470        631
a     436     437      32438
a     436     435      32438
a     436     429      32438
a     437     445        312
a     437     438      32438
a     437     436      32438
a     437     430      32438
a     438     467        593
a     438     439      32438
a     438     437      32438
a     438     431      32438
a     439     482        523
a     439     440      32438
a     439     438      32438
a     439     432      32438
a     440     481        221
a     440     441      32438
a     440     439      32438
a     440     433      32438
a     441     458        585
a     441     440      32438
a     441     434      32438
a     442     497        340
a     442     443      32438
a     442     449      32438
a     443     536        334
a     443     444      32438
a     443     442      32438
a     443     450      32438
a     444     518        512
a     444     445      32438
a     444     443      32438
a     444     451      32438
a     445     515        603
a     445     446      32438
a     445     444      32438
a     445     452      32438
a     446     525        635
a     446     447      32438
a     446     445      32438
a     446     453      32438
a     447     494        399
a     447     448      32438
a     447     446      32438
a     447     454      32438
a     448     496        263
a     448     447      32438
a     448     455      32438
a     449     505        312
a     449     450      32438
a     449     456      32438
a     449     442      32438
a     450     501        459
a     450     451      32438
a     450     449      32438
a     450     457      32438
a     450     443      32438
a     451     524        227
a     451     452      32438
a     451     450      32438
a     451     458      32438
a     451     444      32438
a     452     492        293
a     452     453      32438
a     452     451      32438
a     452     459      32438
a     452     445      32438
a     453     493        538
a     453     454      32438
a     453     452      32438
a     453     460      32438
a     453     446      32438
a     454     532        446
a     454     455      32438
a     454     453      32438
a     454     461      32438
a     454     447      32438
a     455     523        441
a     455     454      32438
a     455     462      32438
a     455     448      32438
a     456     502        233
a     456     457      32438
a     456     463      32438
a     456     449      32438
a     457     509        316
a     457     458      32438
a     457     456      32438
a     457     464      32438
a     457     450      32438
a     458     520        608
a     458     459      32438
a     458     457      32438
a     458     465      32438
a     458     451      32438
a     459     500        311
a     459     460      32438
a     459     458      32438
a     459     466      32438
a     459     452      32438
a     460     506        281
a     460     461      32438
a     460     459      32438
a     460     467      32438
a     460     453      32438
a     461     517        328
a     461     462      32438
a     461     460      32438
a     461     468      32438
a     461     454      32438
a     462     513        384
a     462     461      32438
a     462     469      32438
a     462     455      32438
a     463     530        233
a     463     464      32438
a     463     470      32438
a     463     456      32438
a     464     510        507
a     464     465      32438
a     464     463      32438
a     464     471      32438
a     464     457      32438
a     465     495        359
a     465     466      32438
a     465     464      32438
a     465     472      32438
a     465     458      32438
a     466     522        643
a     466     467      32438
a     466     465      32438
a     466     473      32438
a     466     459      32438
a     467     499        227
a     467     468      32438
a     467     466      32438
a     467     474      32438
a     467     460      32438
a     468     526        473
a     468     469      32438
a     468     467      32438
a     468     475      32438
a     468     461      32438
a     469     535        499
a     469     468      32438
a     469     476      32438
a     469     462      32438
a     470     491        532
a     470     471      32438
a     470     477      32438
a     470     463      32438
a     471     534        447
a     471     472      32438
a     471     470      32438
a     471     478      32438
a     471     464      32438
a     472     503        257
a     472     473      32438
a     472     471      32438
a     472     479      32438
a     472     465      32438
a     473     521        249
a     473     474      32438
a     473     472      32438
a     473     480      32438
a     473     466      32438
a     474     533        623
a     474     475      32438
a     474     473      32438
a     474     481      32438
a     474     467      32438
a     475     512        279
a     475     476      32438
a     475     474      32438
a     475     482      32438
a     475     468      32438
a     476     519        438
a     476     475      32438
a     476     483      32438
a     476     469      32438
a     477     537        309
a     477     478      32438
a     477     484      32438
a     477     470      32438
a     478     538        591
a     478     479      32438
a     478     477      32438
a     478     485      32438
a     478     471      32438
a     479     498        646
a     479     480      32438
a     479     478      32438
a     479     486      32438
a     479     472      32438
a     480     528        328
a     480     481      32438
a     480     479      32438
a     480     487      32438
a     480     473      32438
a     481     508        472
a     481     482      32438
a     481     480      32438
a     481     488      32438
a     481     474      32438
a     482     514        506
a     482     483      32438
a     482     481      32438
a     482     489      32438
a     482     475      32438
a     483     529        263
a     483     482      32438
a     483     490      32438
a     483     476      32438
a     484     539        349
a     484     485      32438
a     484     477      32438
a     485     527        263
a     485     486      32438
a     485     484      32438
a     485     478      32438
a     486     531        223
a     486     487      32438
a     486     485      32438
a     486     479      32438
a     487     516        575
a     487     488      32438
a     487     486      32438
a     487     480      32438
a     488     507        622
a     488     489      32438
a     488     487      32438
a     488     481      32438
a     489     504        595
a     489     490      32438
a     489     488      32438
a     489     482      32438
a     490     511        408
a     490     489      32438
a     490     483      32438
a     491     492      32438
a     491     498      32438
a     492     493      32438
a     492     491      32438
a     492     499      32438
a     493     494      32438
a     493     492      32438
a     493     500      32438
a     494     495      32438
a     494     493      32438
a     494     501      32438
a     495     496      32438
a     495     494      32438
a     495     502      32438
a     496     497      32438
a     496     495      32438
a     496     503      32438
a     497     496      32438
a     497     504      32438
a     498     499      32438
a     498     505      32438
a     498     491      32438
a     499     500      32438
a     499     498      32438
a     499     506      32438
a     499     492      32438
a     500     501      32438
a     500     499      32438
a     500     507      32438
a     500     493      32438
a     501     502      32438
a     501     500      32438
a     501     508      32438
a     501     494      32438
a     502     503      32438
a     502     501      32438
a     502     509      32438
a     502     495      32438
a     503     504      32438
a     503     502      32438
a     503     510      32438
a     503     496      32438
a     504     503      32438
a     504     511      32438
a     504     497      32438
a     505     506      32438
a     505     512      32438
a     505     498      32438
a     506     507      32438
a     506     505      32438
a     506     513      32438
a     506     499      32438
a     507     508      32438
a     507     506      32438
a     507     514      32438
a     507     500      32438
a     508     509      32438
a     508     507      32438
a     508     515      32438
a     508     501      32438
a     509     510      32438
a     509     508      32438
a     509     516      32438
a     509     502      32438
a     510     511      32438
a     510     509      32438
a     510     517      32438
a     510     503      32438
a     511     510      32438
a     511     518      32438
a     511     504      32438
a     512     513      32438
a     512     519      32438
a     512     505      32438
a     513     514      32438
a     513     512      32438
a     513     520      32438
a     513     506      32438
a     514     515      32438
a     514     513      32438
a     514     521      32438
a     514     507      32438
a     515     516      32438
a     515     514      32438
a     515     522      32438
a     515     508      32438
a     516     517      32438
a     516     515      32438
a     516     523      32438
a     516     509      32438
a     517     518      32438
a     517     516      32438
a     517     524      32438
a     517     510      32438
a     518     517      32438
a     518     525      32438
a     518     511      32438
a     519     520      32438
a     519     526      32438
a     519     512      32438
a     520     521      32438
a     520     519      32438
a     520     527      32438
a     520     513      32438
a     521     522      32438
a     521     520      32438
a     521     528      32438
a     521     514      32438
a     522     523      32438
a     522     521      32438
a     522     529      32438
a     522     515      32438
a     523     524      32438
a     523     522      32438
a     523     530      32438
a     523     516      32438
a     524     525      32438
a     524     523      32438
a     524     531      32438
a     524     517      32438
a     525     524      32438
a     525     532      32438
a     525     518      32438
a     526     527      32438
a     526     533      32438
a     526     519      32438
a     527     528      32438
a     527     526      32438
a     527     534      32438
a     527     520      32438
a     528     529      32438
a     528     527      32438
a     528     535      32438
a     528     521      32438
a     529     530      32438
a     529     528      32438
a     529     536      32438
a     529     522      32438
a     530     531      32438
a     530     529      32438
a     530     537      32438
a     530     523      32438
a     531     532      32438
a     531     530      32438
a     531     538      32438
a     531     524      32438
a     532     531      32438
a     532     539      32438
a     532     525      32438
a     533     534      32438
a     533     526      32438
a     534     535      32438
a     534     533      32438
a     534     527      32438
a     535     536      32438
a     535     534      32438
a     535     528      32438
a     536     537      32438
a     536     535      32438
a     536     529      32438
a     537     538      32438
a     537     536      32438
a     537     530      32438
a     538     539      32438
a     538     537      32438
a     538     531      32438
a     539     538      32438
a     539     532      32438
