c This file was generated by genrmf.
c The parameters are: a: 9 b: 9 c1: 50 c2: 404 seed: 1666103673
p max     729       3240
n       1 s
n     729 t
a       1      89        311
a       1       2      32724
a       1      10      32724
a       2      97        255
a       2       3      32724
a       2       1      32724
a       2      11      32724
a       3      96        402
a       3       4      32724
a       3       2      32724
a       3      12      32724
a       4     147         76
a       4       5      32724
a       4       3      32724
a       4      13      32724
a       5      85        273
a       5       6      32724
a       5       4      32724
a       5      14      32724
a       6     133        283
a       6       7      32724
a       6       5      32724
a       6      15      32724
a       7     123        376
a       7       8      32724
a       7       6      32724
a       7      16      32724
a       8      90        379
a       8       9      32724
a       8       7      32724
a       8      17      32724
a       9     149        332
a       9       8      32724
a       9      18      32724
a      10     114        168
a      10      11      32724
a      10      19      32724
a      10       1      32724
a      11     148         87
a      11      12      32724
a      11      10      32724
a      11      20      32724
a      11       2      32724
a      12     118         93
a      12      13      32724
a      12      11      32724
a      12      21      32724
a      12       3      32724
a      13      91        275
a      13      14      32724
a      13      12      32724
a      13      22      32724
a      13       4      32724
a      14     150        170
a      14      15      32724
a      14      13      32724
a      14      23      32724
a      14       5      32724
a      15     154        140
a      15      16      32724
a      15      14      32724
a      15      24      32724
a      15       6      32724
a      16      98        113
a      16      17      32724
a      16      15      32724
a      16      25      32724
a      16       7      32724
a      17     117        149
a      17      18      32724
a      17      16      32724
a      17      26      32724
a      17       8      32724
a      18     157        310
a      18      17      32724
a      18      27      32724
a      18       9      32724
a      19     131        316
a      19      20      32724
a      19      28      32724
a      19      10      32724
a      20     113        402
a      20      21      32724
a      20      19      32724
a      20      29      32724
a      20      11      32724
a      21     109        255
a      21      22      32724
a      21      20      32724
a      21      30      32724
a      21      12      32724
a      22     135        219
a      22      23      32724
a      22      21      32724
a      22      31      32724
a      22      13      32724
a      23      87        338
a      23      24      32724
a      23      22      32724
a      23      32      32724
a      23      14      32724
a      24     111        144
a      24      25      32724
a      24      23      32724
a      24      33      32724
a      24      15      32724
a      25     161         67
a      25      26      32724
a      25      24      32724
a      25      34      32724
a      25      16      32724
a      26     143        133
a      26      27      32724
a      26      25      32724
a      26      35      32724
a      26      17      32724
a      27     100        227
a      27      26      32724
a      27      36      32724
a      27      18      32724
a      28      83        366
a      28      29      32724
a      28      37      32724
a      28      19      32724
a      29      92        260
a      29      30      32724
a      29      28      32724
a      29      38      32724
a      29      20      32724
a      30     120        201
a      30      31      32724
a      30      29      32724
a      30      39      32724
a      30      21      32724
a      31     128        127
a      31      32      32724
a      31      30      32724
a      31      40      32724
a      31      22      32724
a      32     153        142
a      32      33      32724
a      32      31      32724
a      32      41      32724
a      32      23      32724
a      33     144        254
a      33      34      32724
a      33      32      32724
a      33      42      32724
a      33      24      32724
a      34     124        385
a      34      35      32724
a      34      33      32724
a      34      43      32724
a      34      25      32724
a      35     125        177
a      35      36      32724
a      35      34      32724
a      35      44      32724
a      35      26      32724
a      36     108        212
a      36      35      32724
a      36      45      32724
a      36      27      32724
a      37     105        390
a      37      38      32724
a      37      46      32724
a      37      28      32724
a      38      99        227
a      38      39      32724
a      38      37      32724
a      38      47      32724
a      38      29      32724
a      39     134        343
a      39      40      32724
a      39      38      32724
a      39      48      32724
a      39      30      32724
a      40     107        326
a      40      41      32724
a      40      39      32724
a      40      49      32724
a      40      31      32724
a      41     155        263
a      41      42      32724
a      41      40      32724
a      41      50      32724
a      41      32      32724
a      42     115        399
a      42      43      32724
a      42      41      32724
a      42      51      32724
a      42      33      32724
a      43     152        189
a      43      44      32724
a      43      42      32724
a      43      52      32724
a      43      34      32724
a      44     110        382
a      44      45      32724
a      44      43      32724
a      44      53      32724
a      44      35      32724
a      45     129        198
a      45      44      32724
a      45      54      32724
a      45      36      32724
a      46     101        318
a      46      47      32724
a      46      55      32724
a      46      37      32724
a      47     140        281
a      47      48      32724
a      47      46      32724
a      47      56      32724
a      47      38      32724
a      48     106         85
a      48      49      32724
a      48      47      32724
a      48      57      32724
a      48      39      32724
a      49     142        108
a      49      50      32724
a      49      48      32724
a      49      58      32724
a      49      40      32724
a      50     145        124
a      50      51      32724
a      50      49      32724
a      50      59      32724
a      50      41      32724
a      51     138        297
a      51      52      32724
a      51      50      32724
a      51      60      32724
a      51      42      32724
a      52     132        231
a      52      53      32724
a      52      51      32724
a      52      61      32724
a      52      43      32724
a      53     121        365
a      53      54      32724
a      53      52      32724
a      53      62      32724
a      53      44      32724
a      54     146        325
a      54      53      32724
a      54      63      32724
a      54      45      32724
a      55     126         70
a      55      56      32724
a      55      64      32724
a      55      46      32724
a      56     156        178
a      56      57      32724
a      56      55      32724
a      56      65      32724
a      56      47      32724
a      57     151        264
a      57      58      32724
a      57      56      32724
a      57      66      32724
a      57      48      32724
a      58     112        147
a      58      59      32724
a      58      57      32724
a      58      67      32724
a      58      49      32724
a      59     137        291
a      59      60      32724
a      59      58      32724
a      59      68      32724
a      59      50      32724
a      60      84        315
a      60      61      32724
a      60      59      32724
a      60      69      32724
a      60      51      32724
a      61     104        270
a      61      62      32724
a      61      60      32724
a      61      70      32724
a      61      52      32724
a      62      93        316
a      62      63      32724
a      62      61      32724
a      62      71      32724
a      62      53      32724
a      63      88        147
a      63      62      32724
a      63      72      32724
a      63      54      32724
a      64     103        321
a      64      65      32724
a      64      73      32724
a      64      55      32724
a      65      94        103
a      65      66      32724
a      65      64      32724
a      65      74      32724
a      65      56      32724
a      66      82        245
a      66      67      32724
a      66      65      32724
a      66      75      32724
a      66      57      32724
a      67      95        265
a      67      68      32724
a      67      66      32724
a      67      76      32724
a      67      58      32724
a      68     136        103
a      68      69      32724
a      68      67      32724
a      68      77      32724
a      68      59      32724
a      69     127        381
a      69      70      32724
a      69      68      32724
a      69      78      32724
a      69      60      32724
a      70     141        196
a      70      71      32724
a      70      69      32724
a      70      79      32724
a      70      61      32724
a      71     159        131
a      71      72      32724
a      71      70      32724
a      71      80      32724
a      71      62      32724
a      72     139        403
a      72      71      32724
a      72      81      32724
a      72      63      32724
a      73     160        156
a      73      74      32724
a      73      64      32724
a      74     162        151
a      74      75      32724
a      74      73      32724
a      74      65      32724
a      75      86        189
a      75      76      32724
a      75      74      32724
a      75      66      32724
a      76     130        181
a      76      77      32724
a      76      75      32724
a      76      67      32724
a      77     122        325
a      77      78      32724
a      77      76      32724
a      77      68      32724
a      78     102         82
a      78      79      32724
a      78      77      32724
a      78      69      32724
a      79     158        305
a      79      80      32724
a      79      78      32724
a      79      70      32724
a      80     116        102
a      80      81      32724
a      80      79      32724
a      80      71      32724
a      81     119        385
a      81      80      32724
a      81      72      32724
a      82     205        313
a      82      83      32724
a      82      91      32724
a      83     199        169
a      83      84      32724
a      83      82      32724
a      83      92      32724
a      84     165         91
a      84      85      32724
a      84      83      32724
a      84      93      32724
a      85     181        236
a      85      86      32724
a      85      84      32724
a      85      94      32724
a      86     217         57
a      86      87      32724
a      86      85      32724
a      86      95      32724
a      87     177        305
a      87      88      32724
a      87      86      32724
a      87      96      32724
a      88     174        201
a      88      89      32724
a      88      87      32724
a      88      97      32724
a      89     218         98
a      89      90      32724
a      89      88      32724
a      89      98      32724
a      90     211        177
a      90      89      32724
a      90      99      32724
a      91     241        325
a      91      92      32724
a      91     100      32724
a      91      82      32724
a      92     209        334
a      92      93      32724
a      92      91      32724
a      92     101      32724
a      92      83      32724
a      93     219        209
a      93      94      32724
a      93      92      32724
a      93     102      32724
a      93      84      32724
a      94     167        284
a      94      95      32724
a      94      93      32724
a      94     103      32724
a      94      85      32724
a      95     223        284
a      95      96      32724
a      95      94      32724
a      95     104      32724
a      95      86      32724
a      96     237        345
a      96      97      32724
a      96      95      32724
a      96     105      32724
a      96      87      32724
a      97     189        269
a      97      98      32724
a      97      96      32724
a      97     106      32724
a      97      88      32724
a      98     206        168
a      98      99      32724
a      98      97      32724
a      98     107      32724
a      98      89      32724
a      99     191        184
a      99      98      32724
a      99     108      32724
a      99      90      32724
a     100     240        367
a     100     101      32724
a     100     109      32724
a     100      91      32724
a     101     173        184
a     101     102      32724
a     101     100      32724
a     101     110      32724
a     101      92      32724
a     102     215        399
a     102     103      32724
a     102     101      32724
a     102     111      32724
a     102      93      32724
a     103     233        298
a     103     104      32724
a     103     102      32724
a     103     112      32724
a     103      94      32724
a     104     200         67
a     104     105      32724
a     104     103      32724
a     104     113      32724
a     104      95      32724
a     105     193        308
a     105     106      32724
a     105     104      32724
a     105     114      32724
a     105      96      32724
a     106     187        121
a     106     107      32724
a     106     105      32724
a     106     115      32724
a     106      97      32724
a     107     185        108
a     107     108      32724
a     107     106      32724
a     107     116      32724
a     107      98      32724
a     108     228        162
a     108     107      32724
a     108     117      32724
a     108      99      32724
a     109     242        108
a     109     110      32724
a     109     118      32724
a     109     100      32724
a     110     204        185
a     110     111      32724
a     110     109      32724
a     110     119      32724
a     110     101      32724
a     111     207        397
a     111     112      32724
a     111     110      32724
a     111     120      32724
a     111     102      32724
a     112     176        188
a     112     113      32724
a     112     111      32724
a     112     121      32724
a     112     103      32724
a     113     196        348
a     113     114      32724
a     113     112      32724
a     113     122      32724
a     113     104      32724
a     114     172        132
a     114     115      32724
a     114     113      32724
a     114     123      32724
a     114     105      32724
a     115     198        245
a     115     116      32724
a     115     114      32724
a     115     124      32724
a     115     106      32724
a     116     175        143
a     116     117      32724
a     116     115      32724
a     116     125      32724
a     116     107      32724
a     117     234        232
a     117     116      32724
a     117     126      32724
a     117     108      32724
a     118     208        279
a     118     119      32724
a     118     127      32724
a     118     109      32724
a     119     190        278
a     119     120      32724
a     119     118      32724
a     119     128      32724
a     119     110      32724
a     120     210        337
a     120     121      32724
a     120     119      32724
a     120     129      32724
a     120     111      32724
a     121     221        326
a     121     122      32724
a     121     120      32724
a     121     130      32724
a     121     112      32724
a     122     222        332
a     122     123      32724
a     122     121      32724
a     122     131      32724
a     122     113      32724
a     123     216        379
a     123     124      32724
a     123     122      32724
a     123     132      32724
a     123     114      32724
a     124     163        169
a     124     125      32724
a     124     123      32724
a     124     133      32724
a     124     115      32724
a     125     213        187
a     125     126      32724
a     125     124      32724
a     125     134      32724
a     125     116      32724
a     126     195        326
a     126     125      32724
a     126     135      32724
a     126     117      32724
a     127     238        292
a     127     128      32724
a     127     136      32724
a     127     118      32724
a     128     226        268
a     128     129      32724
a     128     127      32724
a     128     137      32724
a     128     119      32724
a     129     164        227
a     129     130      32724
a     129     128      32724
a     129     138      32724
a     129     120      32724
a     130     166        151
a     130     131      32724
a     130     129      32724
a     130     139      32724
a     130     121      32724
a     131     231        290
a     131     132      32724
a     131     130      32724
a     131     140      32724
a     131     122      32724
a     132     232        207
a     132     133      32724
a     132     131      32724
a     132     141      32724
a     132     123      32724
a     133     183        242
a     133     134      32724
a     133     132      32724
a     133     142      32724
a     133     124      32724
a     134     239        217
a     134     135      32724
a     134     133      32724
a     134     143      32724
a     134     125      32724
a     135     229        185
a     135     134      32724
a     135     144      32724
a     135     126      32724
a     136     178        331
a     136     137      32724
a     136     145      32724
a     136     127      32724
a     137     171        372
a     137     138      32724
a     137     136      32724
a     137     146      32724
a     137     128      32724
a     138     203         68
a     138     139      32724
a     138     137      32724
a     138     147      32724
a     138     129      32724
a     139     243        197
a     139     140      32724
a     139     138      32724
a     139     148      32724
a     139     130      32724
a     140     212        382
a     140     141      32724
a     140     139      32724
a     140     149      32724
a     140     131      32724
a     141     227        296
a     141     142      32724
a     141     140      32724
a     141     150      32724
a     141     132      32724
a     142     201        193
a     142     143      32724
a     142     141      32724
a     142     151      32724
a     142     133      32724
a     143     179        250
a     143     144      32724
a     143     142      32724
a     143     152      32724
a     143     134      32724
a     144     236        103
a     144     143      32724
a     144     153      32724
a     144     135      32724
a     145     214        204
a     145     146      32724
a     145     154      32724
a     145     136      32724
a     146     188        352
a     146     147      32724
a     146     145      32724
a     146     155      32724
a     146     137      32724
a     147     168        302
a     147     148      32724
a     147     146      32724
a     147     156      32724
a     147     138      32724
a     148     184        394
a     148     149      32724
a     148     147      32724
a     148     157      32724
a     148     139      32724
a     149     182        380
a     149     150      32724
a     149     148      32724
a     149     158      32724
a     149     140      32724
a     150     170         90
a     150     151      32724
a     150     149      32724
a     150     159      32724
a     150     141      32724
a     151     225        139
a     151     152      32724
a     151     150      32724
a     151     160      32724
a     151     142      32724
a     152     194        150
a     152     153      32724
a     152     151      32724
a     152     161      32724
a     152     143      32724
a     153     192        281
a     153     152      32724
a     153     162      32724
a     153     144      32724
a     154     224        334
a     154     155      32724
a     154     145      32724
a     155     220        201
a     155     156      32724
a     155     154      32724
a     155     146      32724
a     156     202        171
a     156     157      32724
a     156     155      32724
a     156     147      32724
a     157     186        161
a     157     158      32724
a     157     156      32724
a     157     148      32724
a     158     197        315
a     158     159      32724
a     158     157      32724
a     158     149      32724
a     159     235         93
a     159     160      32724
a     159     158      32724
a     159     150      32724
a     160     180        118
a     160     161      32724
a     160     159      32724
a     160     151      32724
a     161     169         95
a     161     162      32724
a     161     160      32724
a     161     152      32724
a     162     230        263
a     162     161      32724
a     162     153      32724
a     163     294         57
a     163     164      32724
a     163     172      32724
a     164     282         84
a     164     165      32724
a     164     163      32724
a     164     173      32724
a     165     320        328
a     165     166      32724
a     165     164      32724
a     165     174      32724
a     166     287        194
a     166     167      32724
a     166     165      32724
a     166     175      32724
a     167     311        325
a     167     168      32724
a     167     166      32724
a     167     176      32724
a     168     268        363
a     168     169      32724
a     168     167      32724
a     168     177      32724
a     169     285        355
a     169     170      32724
a     169     168      32724
a     169     178      32724
a     170     317        100
a     170     171      32724
a     170     169      32724
a     170     179      32724
a     171     312        254
a     171     170      32724
a     171     180      32724
a     172     264        345
a     172     173      32724
a     172     181      32724
a     172     163      32724
a     173     315        215
a     173     174      32724
a     173     172      32724
a     173     182      32724
a     173     164      32724
a     174     270        402
a     174     175      32724
a     174     173      32724
a     174     183      32724
a     174     165      32724
a     175     322        288
a     175     176      32724
a     175     174      32724
a     175     184      32724
a     175     166      32724
a     176     254         52
a     176     177      32724
a     176     175      32724
a     176     185      32724
a     176     167      32724
a     177     269         66
a     177     178      32724
a     177     176      32724
a     177     186      32724
a     177     168      32724
a     178     275        347
a     178     179      32724
a     178     177      32724
a     178     187      32724
a     178     169      32724
a     179     263        313
a     179     180      32724
a     179     178      32724
a     179     188      32724
a     179     170      32724
a     180     276        157
a     180     179      32724
a     180     189      32724
a     180     171      32724
a     181     313        145
a     181     182      32724
a     181     190      32724
a     181     172      32724
a     182     253        271
a     182     183      32724
a     182     181      32724
a     182     191      32724
a     182     173      32724
a     183     273        338
a     183     184      32724
a     183     182      32724
a     183     192      32724
a     183     174      32724
a     184     249        365
a     184     185      32724
a     184     183      32724
a     184     193      32724
a     184     175      32724
a     185     283        265
a     185     186      32724
a     185     184      32724
a     185     194      32724
a     185     176      32724
a     186     292         63
a     186     187      32724
a     186     185      32724
a     186     195      32724
a     186     177      32724
a     187     305        219
a     187     188      32724
a     187     186      32724
a     187     196      32724
a     187     178      32724
a     188     257        236
a     188     189      32724
a     188     187      32724
a     188     197      32724
a     188     179      32724
a     189     310        209
a     189     188      32724
a     189     198      32724
a     189     180      32724
a     190     271        394
a     190     191      32724
a     190     199      32724
a     190     181      32724
a     191     316        391
a     191     192      32724
a     191     190      32724
a     191     200      32724
a     191     182      32724
a     192     306        330
a     192     193      32724
a     192     191      32724
a     192     201      32724
a     192     183      32724
a     193     277        361
a     193     194      32724
a     193     192      32724
a     193     202      32724
a     193     184      32724
a     194     245        155
a     194     195      32724
a     194     193      32724
a     194     203      32724
a     194     185      32724
a     195     278        258
a     195     196      32724
a     195     194      32724
a     195     204      32724
a     195     186      32724
a     196     258         53
a     196     197      32724
a     196     195      32724
a     196     205      32724
a     196     187      32724
a     197     256        370
a     197     198      32724
a     197     196      32724
a     197     206      32724
a     197     188      32724
a     198     293        349
a     198     197      32724
a     198     207      32724
a     198     189      32724
a     199     252        380
a     199     200      32724
a     199     208      32724
a     199     190      32724
a     200     290        265
a     200     201      32724
a     200     199      32724
a     200     209      32724
a     200     191      32724
a     201     267        288
a     201     202      32724
a     201     200      32724
a     201     210      32724
a     201     192      32724
a     202     247        209
a     202     203      32724
a     202     201      32724
a     202     211      32724
a     202     193      32724
a     203     274        300
a     203     204      32724
a     203     202      32724
a     203     212      32724
a     203     194      32724
a     204     300        188
a     204     205      32724
a     204     203      32724
a     204     213      32724
a     204     195      32724
a     205     289         70
a     205     206      32724
a     205     204      32724
a     205     214      32724
a     205     196      32724
a     206     304        257
a     206     207      32724
a     206     205      32724
a     206     215      32724
a     206     197      32724
a     207     323        341
a     207     206      32724
a     207     216      32724
a     207     198      32724
a     208     281        344
a     208     209      32724
a     208     217      32724
a     208     199      32724
a     209     255        276
a     209     210      32724
a     209     208      32724
a     209     218      32724
a     209     200      32724
a     210     297        318
a     210     211      32724
a     210     209      32724
a     210     219      32724
a     210     201      32724
a     211     301        244
a     211     212      32724
a     211     210      32724
a     211     220      32724
a     211     202      32724
a     212     303        322
a     212     213      32724
a     212     211      32724
a     212     221      32724
a     212     203      32724
a     213     314        260
a     213     214      32724
a     213     212      32724
a     213     222      32724
a     213     204      32724
a     214     259        325
a     214     215      32724
a     214     213      32724
a     214     223      32724
a     214     205      32724
a     215     272        358
a     215     216      32724
a     215     214      32724
a     215     224      32724
a     215     206      32724
a     216     324        104
a     216     215      32724
a     216     225      32724
a     216     207      32724
a     217     318        105
a     217     218      32724
a     217     226      32724
a     217     208      32724
a     218     248        340
a     218     219      32724
a     218     217      32724
a     218     227      32724
a     218     209      32724
a     219     321        316
a     219     220      32724
a     219     218      32724
a     219     228      32724
a     219     210      32724
a     220     266         92
a     220     221      32724
a     220     219      32724
a     220     229      32724
a     220     211      32724
a     221     265        186
a     221     222      32724
a     221     220      32724
a     221     230      32724
a     221     212      32724
a     222     309        258
a     222     223      32724
a     222     221      32724
a     222     231      32724
a     222     213      32724
a     223     262        253
a     223     224      32724
a     223     222      32724
a     223     232      32724
a     223     214      32724
a     224     260        304
a     224     225      32724
a     224     223      32724
a     224     233      32724
a     224     215      32724
a     225     286        361
a     225     224      32724
a     225     234      32724
a     225     216      32724
a     226     307        149
a     226     227      32724
a     226     235      32724
a     226     217      32724
a     227     299         97
a     227     228      32724
a     227     226      32724
a     227     236      32724
a     227     218      32724
a     228     251        175
a     228     229      32724
a     228     227      32724
a     228     237      32724
a     228     219      32724
a     229     280        182
a     229     230      32724
a     229     228      32724
a     229     238      32724
a     229     220      32724
a     230     244        178
a     230     231      32724
a     230     229      32724
a     230     239      32724
a     230     221      32724
a     231     302        207
a     231     232      32724
a     231     230      32724
a     231     240      32724
a     231     222      32724
a     232     295        166
a     232     233      32724
a     232     231      32724
a     232     241      32724
a     232     223      32724
a     233     298        309
a     233     234      32724
a     233     232      32724
a     233     242      32724
a     233     224      32724
a     234     319        240
a     234     233      32724
a     234     243      32724
a     234     225      32724
a     235     261        165
a     235     236      32724
a     235     226      32724
a     236     284        192
a     236     237      32724
a     236     235      32724
a     236     227      32724
a     237     250        193
a     237     238      32724
a     237     236      32724
a     237     228      32724
a     238     288        132
a     238     239      32724
a     238     237      32724
a     238     229      32724
a     239     279        256
a     239     240      32724
a     239     238      32724
a     239     230      32724
a     240     291        224
a     240     241      32724
a     240     239      32724
a     240     231      32724
a     241     296        189
a     241     242      32724
a     241     240      32724
a     241     232      32724
a     242     246        356
a     242     243      32724
a     242     241      32724
a     242     233      32724
a     243     308        214
a     243     242      32724
a     243     234      32724
a     244     393        248
a     244     245      32724
a     244     253      32724
a     245     352        348
a     245     246      32724
a     245     244      32724
a     245     254      32724
a     246     386        172
a     246     247      32724
a     246     245      32724
a     246     255      32724
a     247     364        141
a     247     248      32724
a     247     246      32724
a     247     256      32724
a     248     404        211
a     248     249      32724
a     248     247      32724
a     248     257      32724
a     249     341         85
a     249     250      32724
a     249     248      32724
a     249     258      32724
a     250     354        396
a     250     251      32724
a     250     249      32724
a     250     259      32724
a     251     356        219
a     251     252      32724
a     251     250      32724
a     251     260      32724
a     252     392        122
a     252     251      32724
a     252     261      32724
a     253     367        178
a     253     254      32724
a     253     262      32724
a     253     244      32724
a     254     384        141
a     254     255      32724
a     254     253      32724
a     254     263      32724
a     254     245      32724
a     255     345        402
a     255     256      32724
a     255     254      32724
a     255     264      32724
a     255     246      32724
a     256     405        260
a     256     257      32724
a     256     255      32724
a     256     265      32724
a     256     247      32724
a     257     400        232
a     257     258      32724
a     257     256      32724
a     257     266      32724
a     257     248      32724
a     258     396        247
a     258     259      32724
a     258     257      32724
a     258     267      32724
a     258     249      32724
a     259     349        170
a     259     260      32724
a     259     258      32724
a     259     268      32724
a     259     250      32724
a     260     350        138
a     260     261      32724
a     260     259      32724
a     260     269      32724
a     260     251      32724
a     261     335        224
a     261     260      32724
a     261     270      32724
a     261     252      32724
a     262     398        296
a     262     263      32724
a     262     271      32724
a     262     253      32724
a     263     373        404
a     263     264      32724
a     263     262      32724
a     263     272      32724
a     263     254      32724
a     264     389        273
a     264     265      32724
a     264     263      32724
a     264     273      32724
a     264     255      32724
a     265     374        161
a     265     266      32724
a     265     264      32724
a     265     274      32724
a     265     256      32724
a     266     385        325
a     266     267      32724
a     266     265      32724
a     266     275      32724
a     266     257      32724
a     267     381         71
a     267     268      32724
a     267     266      32724
a     267     276      32724
a     267     258      32724
a     268     372        383
a     268     269      32724
a     268     267      32724
a     268     277      32724
a     268     259      32724
a     269     332         74
a     269     270      32724
a     269     268      32724
a     269     278      32724
a     269     260      32724
a     270     342        122
a     270     269      32724
a     270     279      32724
a     270     261      32724
a     271     361        282
a     271     272      32724
a     271     280      32724
a     271     262      32724
a     272     399        154
a     272     273      32724
a     272     271      32724
a     272     281      32724
a     272     263      32724
a     273     328        134
a     273     274      32724
a     273     272      32724
a     273     282      32724
a     273     264      32724
a     274     325        222
a     274     275      32724
a     274     273      32724
a     274     283      32724
a     274     265      32724
a     275     329        366
a     275     276      32724
a     275     274      32724
a     275     284      32724
a     275     266      32724
a     276     370        246
a     276     277      32724
a     276     275      32724
a     276     285      32724
a     276     267      32724
a     277     403        198
a     277     278      32724
a     277     276      32724
a     277     286      32724
a     277     268      32724
a     278     359        262
a     278     279      32724
a     278     277      32724
a     278     287      32724
a     278     269      32724
a     279     360        212
a     279     278      32724
a     279     288      32724
a     279     270      32724
a     280     343        306
a     280     281      32724
a     280     289      32724
a     280     271      32724
a     281     330         72
a     281     282      32724
a     281     280      32724
a     281     290      32724
a     281     272      32724
a     282     351        190
a     282     283      32724
a     282     281      32724
a     282     291      32724
a     282     273      32724
a     283     382         52
a     283     284      32724
a     283     282      32724
a     283     292      32724
a     283     274      32724
a     284     353        200
a     284     285      32724
a     284     283      32724
a     284     293      32724
a     284     275      32724
a     285     380        104
a     285     286      32724
a     285     284      32724
a     285     294      32724
a     285     276      32724
a     286     326        169
a     286     287      32724
a     286     285      32724
a     286     295      32724
a     286     277      32724
a     287     391        328
a     287     288      32724
a     287     286      32724
a     287     296      32724
a     287     278      32724
a     288     378        261
a     288     287      32724
a     288     297      32724
a     288     279      32724
a     289     388        330
a     289     290      32724
a     289     298      32724
a     289     280      32724
a     290     368        128
a     290     291      32724
a     290     289      32724
a     290     299      32724
a     290     281      32724
a     291     394        328
a     291     292      32724
a     291     290      32724
a     291     300      32724
a     291     282      32724
a     292     383        360
a     292     293      32724
a     292     291      32724
a     292     301      32724
a     292     283      32724
a     293     358        233
a     293     294      32724
a     293     292      32724
a     293     302      32724
a     293     284      32724
a     294     337        316
a     294     295      32724
a     294     293      32724
a     294     303      32724
a     294     285      32724
a     295     339        144
a     295     296      32724
a     295     294      32724
a     295     304      32724
a     295     286      32724
a     296     347        237
a     296     297      32724
a     296     295      32724
a     296     305      32724
a     296     287      32724
a     297     390        383
a     297     296      32724
a     297     306      32724
a     297     288      32724
a     298     397        222
a     298     299      32724
a     298     307      32724
a     298     289      32724
a     299     387        189
a     299     300      32724
a     299     298      32724
a     299     308      32724
a     299     290      32724
a     300     377        344
a     300     301      32724
a     300     299      32724
a     300     309      32724
a     300     291      32724
a     301     355        387
a     301     302      32724
a     301     300      32724
a     301     310      32724
a     301     292      32724
a     302     336         97
a     302     303      32724
a     302     301      32724
a     302     311      32724
a     302     293      32724
a     303     365        241
a     303     304      32724
a     303     302      32724
a     303     312      32724
a     303     294      32724
a     304     340        363
a     304     305      32724
a     304     303      32724
a     304     313      32724
a     304     295      32724
a     305     334         74
a     305     306      32724
a     305     304      32724
a     305     314      32724
a     305     296      32724
a     306     327         82
a     306     305      32724
a     306     315      32724
a     306     297      32724
a     307     346        247
a     307     308      32724
a     307     316      32724
a     307     298      32724
a     308     402        307
a     308     309      32724
a     308     307      32724
a     308     317      32724
a     308     299      32724
a     309     331        133
a     309     310      32724
a     309     308      32724
a     309     318      32724
a     309     300      32724
a     310     344        276
a     310     311      32724
a     310     309      32724
a     310     319      32724
a     310     301      32724
a     311     348        377
a     311     312      32724
a     311     310      32724
a     311     320      32724
a     311     302      32724
a     312     379        146
a     312     313      32724
a     312     311      32724
a     312     321      32724
a     312     303      32724
a     313     371        195
a     313     314      32724
a     313     312      32724
a     313     322      32724
a     313     304      32724
a     314     369        207
a     314     315      32724
a     314     313      32724
a     314     323      32724
a     314     305      32724
a     315     357        326
a     315     314      32724
a     315     324      32724
a     315     306      32724
a     316     401        343
a     316     317      32724
a     316     307      32724
a     317     338        349
a     317     318      32724
a     317     316      32724
a     317     308      32724
a     318     395        297
a     318     319      32724
a     318     317      32724
a     318     309      32724
a     319     376        231
a     319     320      32724
a     319     318      32724
a     319     310      32724
a     320     363        400
a     320     321      32724
a     320     319      32724
a     320     311      32724
a     321     333        359
a     321     322      32724
a     321     320      32724
a     321     312      32724
a     322     366        360
a     322     323      32724
a     322     321      32724
a     322     313      32724
a     323     375         56
a     323     324      32724
a     323     322      32724
a     323     314      32724
a     324     362        391
a     324     323      32724
a     324     315      32724
a     325     475        104
a     325     326      32724
a     325     334      32724
a     326     473        388
a     326     327      32724
a     326     325      32724
a     326     335      32724
a     327     453        224
a     327     328      32724
a     327     326      32724
a     327     336      32724
a     328     460        308
a     328     329      32724
a     328     327      32724
a     328     337      32724
a     329     462        349
a     329     330      32724
a     329     328      32724
a     329     338      32724
a     330     463        155
a     330     331      32724
a     330     329      32724
a     330     339      32724
a     331     464        108
a     331     332      32724
a     331     330      32724
a     331     340      32724
a     332     467        193
a     332     333      32724
a     332     331      32724
a     332     341      32724
a     333     482         70
a     333     332      32724
a     333     342      32724
a     334     423         53
a     334     335      32724
a     334     343      32724
a     334     325      32724
a     335     455         86
a     335     336      32724
a     335     334      32724
a     335     344      32724
a     335     326      32724
a     336     419        201
a     336     337      32724
a     336     335      32724
a     336     345      32724
a     336     327      32724
a     337     417        174
a     337     338      32724
a     337     336      32724
a     337     346      32724
a     337     328      32724
a     338     446        163
a     338     339      32724
a     338     337      32724
a     338     347      32724
a     338     329      32724
a     339     456        285
a     339     340      32724
a     339     338      32724
a     339     348      32724
a     339     330      32724
a     340     406        169
a     340     341      32724
a     340     339      32724
a     340     349      32724
a     340     331      32724
a     341     485        261
a     341     342      32724
a     341     340      32724
a     341     350      32724
a     341     332      32724
a     342     465         53
a     342     341      32724
a     342     351      32724
a     342     333      32724
a     343     480        109
a     343     344      32724
a     343     352      32724
a     343     334      32724
a     344     438        117
a     344     345      32724
a     344     343      32724
a     344     353      32724
a     344     335      32724
a     345     421        259
a     345     346      32724
a     345     344      32724
a     345     354      32724
a     345     336      32724
a     346     415        170
a     346     347      32724
a     346     345      32724
a     346     355      32724
a     346     337      32724
a     347     416        169
a     347     348      32724
a     347     346      32724
a     347     356      32724
a     347     338      32724
a     348     457        162
a     348     349      32724
a     348     347      32724
a     348     357      32724
a     348     339      32724
a     349     436        353
a     349     350      32724
a     349     348      32724
a     349     358      32724
a     349     340      32724
a     350     443        324
a     350     351      32724
a     350     349      32724
a     350     359      32724
a     350     341      32724
a     351     412         80
a     351     350      32724
a     351     360      32724
a     351     342      32724
a     352     431        162
a     352     353      32724
a     352     361      32724
a     352     343      32724
a     353     432         77
a     353     354      32724
a     353     352      32724
a     353     362      32724
a     353     344      32724
a     354     409         56
a     354     355      32724
a     354     353      32724
a     354     363      32724
a     354     345      32724
a     355     450        118
a     355     356      32724
a     355     354      32724
a     355     364      32724
a     355     346      32724
a     356     407        205
a     356     357      32724
a     356     355      32724
a     356     365      32724
a     356     347      32724
a     357     466        229
a     357     358      32724
a     357     356      32724
a     357     366      32724
a     357     348      32724
a     358     413        133
a     358     359      32724
a     358     357      32724
a     358     367      32724
a     358     349      32724
a     359     470         61
a     359     360      32724
a     359     358      32724
a     359     368      32724
a     359     350      32724
a     360     449        103
a     360     359      32724
a     360     369      32724
a     360     351      32724
a     361     486        219
a     361     362      32724
a     361     370      32724
a     361     352      32724
a     362     448        175
a     362     363      32724
a     362     361      32724
a     362     371      32724
a     362     353      32724
a     363     471         59
a     363     364      32724
a     363     362      32724
a     363     372      32724
a     363     354      32724
a     364     440        233
a     364     365      32724
a     364     363      32724
a     364     373      32724
a     364     355      32724
a     365     435         64
a     365     366      32724
a     365     364      32724
a     365     374      32724
a     365     356      32724
a     366     410         67
a     366     367      32724
a     366     365      32724
a     366     375      32724
a     366     357      32724
a     367     430        351
a     367     368      32724
a     367     366      32724
a     367     376      32724
a     367     358      32724
a     368     476        295
a     368     369      32724
a     368     367      32724
a     368     377      32724
a     368     359      32724
a     369     442        331
a     369     368      32724
a     369     378      32724
a     369     360      32724
a     370     441        196
a     370     371      32724
a     370     379      32724
a     370     361      32724
a     371     437        105
a     371     372      32724
a     371     370      32724
a     371     380      32724
a     371     362      32724
a     372     451         78
a     372     373      32724
a     372     371      32724
a     372     381      32724
a     372     363      32724
a     373     408        112
a     373     374      32724
a     373     372      32724
a     373     382      32724
a     373     364      32724
a     374     461        211
a     374     375      32724
a     374     373      32724
a     374     383      32724
a     374     365      32724
a     375     422        304
a     375     376      32724
a     375     374      32724
a     375     384      32724
a     375     366      32724
a     376     434        245
a     376     377      32724
a     376     375      32724
a     376     385      32724
a     376     367      32724
a     377     426        209
a     377     378      32724
a     377     376      32724
a     377     386      32724
a     377     368      32724
a     378     481        328
a     378     377      32724
a     378     387      32724
a     378     369      32724
a     379     420        193
a     379     380      32724
a     379     388      32724
a     379     370      32724
a     380     424        197
a     380     381      32724
a     380     379      32724
a     380     389      32724
a     380     371      32724
a     381     483         54
a     381     382      32724
a     381     380      32724
a     381     390      32724
a     381     372      32724
a     382     418        258
a     382     383      32724
a     382     381      32724
a     382     391      32724
a     382     373      32724
a     383     433        337
a     383     384      32724
a     383     382      32724
a     383     392      32724
a     383     374      32724
a     384     428         98
a     384     385      32724
a     384     383      32724
a     384     393      32724
a     384     375      32724
a     385     459        357
a     385     386      32724
a     385     384      32724
a     385     394      32724
a     385     376      32724
a     386     469        189
a     386     387      32724
a     386     385      32724
a     386     395      32724
a     386     377      32724
a     387     474        387
a     387     386      32724
a     387     396      32724
a     387     378      32724
a     388     478        347
a     388     389      32724
a     388     397      32724
a     388     379      32724
a     389     484        154
a     389     390      32724
a     389     388      32724
a     389     398      32724
a     389     380      32724
a     390     468         80
a     390     391      32724
a     390     389      32724
a     390     399      32724
a     390     381      32724
a     391     411        151
a     391     392      32724
a     391     390      32724
a     391     400      32724
a     391     382      32724
a     392     425        309
a     392     393      32724
a     392     391      32724
a     392     401      32724
a     392     383      32724
a     393     444         63
a     393     394      32724
a     393     392      32724
a     393     402      32724
a     393     384      32724
a     394     472        247
a     394     395      32724
a     394     393      32724
a     394     403      32724
a     394     385      32724
a     395     479        383
a     395     396      32724
a     395     394      32724
a     395     404      32724
a     395     386      32724
a     396     458        222
a     396     395      32724
a     396     405      32724
a     396     387      32724
a     397     427        264
a     397     398      32724
a     397     388      32724
a     398     429         85
a     398     399      32724
a     398     397      32724
a     398     389      32724
a     399     454        348
a     399     400      32724
a     399     398      32724
a     399     390      32724
a     400     445        294
a     400     401      32724
a     400     399      32724
a     400     391      32724
a     401     447         64
a     401     402      32724
a     401     400      32724
a     401     392      32724
a     402     439        365
a     402     403      32724
a     402     401      32724
a     402     393      32724
a     403     414        367
a     403     404      32724
a     403     402      32724
a     403     394      32724
a     404     452        203
a     404     405      32724
a     404     403      32724
a     404     395      32724
a     405     477        358
a     405     404      32724
a     405     396      32724
a     406     495        171
a     406     407      32724
a     406     415      32724
a     407     530        358
a     407     408      32724
a     407     406      32724
a     407     416      32724
a     408     492         94
a     408     409      32724
a     408     407      32724
a     408     417      32724
a     409     519        312
a     409     410      32724
a     409     408      32724
a     409     418      32724
a     410     554        122
a     410     411      32724
a     410     409      32724
a     410     419      32724
a     411     523        275
a     411     412      32724
a     411     410      32724
a     411     420      32724
a     412     537        268
a     412     413      32724
a     412     411      32724
a     412     421      32724
a     413     539         99
a     413     414      32724
a     413     412      32724
a     413     422      32724
a     414     550         60
a     414     413      32724
a     414     423      32724
a     415     545        382
a     415     416      32724
a     415     424      32724
a     415     406      32724
a     416     514        325
a     416     417      32724
a     416     415      32724
a     416     425      32724
a     416     407      32724
a     417     520         77
a     417     418      32724
a     417     416      32724
a     417     426      32724
a     417     408      32724
a     418     542        311
a     418     419      32724
a     418     417      32724
a     418     427      32724
a     418     409      32724
a     419     556        252
a     419     420      32724
a     419     418      32724
a     419     428      32724
a     419     410      32724
a     420     536        289
a     420     421      32724
a     420     419      32724
a     420     429      32724
a     420     411      32724
a     421     534        223
a     421     422      32724
a     421     420      32724
a     421     430      32724
a     421     412      32724
a     422     516         78
a     422     423      32724
a     422     421      32724
a     422     431      32724
a     422     413      32724
a     423     547         54
a     423     422      32724
a     423     432      32724
a     423     414      32724
a     424     498        325
a     424     425      32724
a     424     433      32724
a     424     415      32724
a     425     504        264
a     425     426      32724
a     425     424      32724
a     425     434      32724
a     425     416      32724
a     426     502        221
a     426     427      32724
a     426     425      32724
a     426     435      32724
a     426     417      32724
a     427     561        214
a     427     428      32724
a     427     426      32724
a     427     436      32724
a     427     418      32724
a     428     535        265
a     428     429      32724
a     428     427      32724
a     428     437      32724
a     428     419      32724
a     429     500        248
a     429     430      32724
a     429     428      32724
a     429     438      32724
a     429     420      32724
a     430     490        122
a     430     431      32724
a     430     429      32724
a     430     439      32724
a     430     421      32724
a     431     528        368
a     431     432      32724
a     431     430      32724
a     431     440      32724
a     431     422      32724
a     432     548        196
a     432     431      32724
a     432     441      32724
a     432     423      32724
a     433     532        242
a     433     434      32724
a     433     442      32724
a     433     424      32724
a     434     489        223
a     434     435      32724
a     434     433      32724
a     434     443      32724
a     434     425      32724
a     435     552        325
a     435     436      32724
a     435     434      32724
a     435     444      32724
a     435     426      32724
a     436     499        343
a     436     437      32724
a     436     435      32724
a     436     445      32724
a     436     427      32724
a     437     517        116
a     437     438      32724
a     437     436      32724
a     437     446      32724
a     437     428      32724
a     438     491        201
a     438     439      32724
a     438     437      32724
a     438     447      32724
a     438     429      32724
a     439     509        105
a     439     440      32724
a     439     438      32724
a     439     448      32724
a     439     430      32724
a     440     505        372
a     440     441      32724
a     440     439      32724
a     440     449      32724
a     440     431      32724
a     441     562        108
a     441     440      32724
a     441     450      32724
a     441     432      32724
a     442     503        146
a     442     443      32724
a     442     451      32724
a     442     433      32724
a     443     526        141
a     443     444      32724
a     443     442      32724
a     443     452      32724
a     443     434      32724
a     444     543        284
a     444     445      32724
a     444     443      32724
a     444     453      32724
a     444     435      32724
a     445     508        357
a     445     446      32724
a     445     444      32724
a     445     454      32724
a     445     436      32724
a     446     518        382
a     446     447      32724
a     446     445      32724
a     446     455      32724
a     446     437      32724
a     447     521        193
a     447     448      32724
a     447     446      32724
a     447     456      32724
a     447     438      32724
a     448     506         85
a     448     449      32724
a     448     447      32724
a     448     457      32724
a     448     439      32724
a     449     522        124
a     449     450      32724
a     449     448      32724
a     449     458      32724
a     449     440      32724
a     450     567        242
a     450     449      32724
a     450     459      32724
a     450     441      32724
a     451     560         56
a     451     452      32724
a     451     460      32724
a     451     442      32724
a     452     529        108
a     452     453      32724
a     452     451      32724
a     452     461      32724
a     452     443      32724
a     453     512        305
a     453     454      32724
a     453     452      32724
a     453     462      32724
a     453     444      32724
a     454     565        231
a     454     455      32724
a     454     453      32724
a     454     463      32724
a     454     445      32724
a     455     551        227
a     455     456      32724
a     455     454      32724
a     455     464      32724
a     455     446      32724
a     456     525         60
a     456     457      32724
a     456     455      32724
a     456     465      32724
a     456     447      32724
a     457     511        127
a     457     458      32724
a     457     456      32724
a     457     466      32724
a     457     448      32724
a     458     531        361
a     458     459      32724
a     458     457      32724
a     458     467      32724
a     458     449      32724
a     459     544        123
a     459     458      32724
a     459     468      32724
a     459     450      32724
a     460     533         99
a     460     461      32724
a     460     469      32724
a     460     451      32724
a     461     564        136
a     461     462      32724
a     461     460      32724
a     461     470      32724
a     461     452      32724
a     462     541        182
a     462     463      32724
a     462     461      32724
a     462     471      32724
a     462     453      32724
a     463     566         61
a     463     464      32724
a     463     462      32724
a     463     472      32724
a     463     454      32724
a     464     563        280
a     464     465      32724
a     464     463      32724
a     464     473      32724
a     464     455      32724
a     465     524        161
a     465     466      32724
a     465     464      32724
a     465     474      32724
a     465     456      32724
a     466     487        389
a     466     467      32724
a     466     465      32724
a     466     475      32724
a     466     457      32724
a     467     510         55
a     467     468      32724
a     467     466      32724
a     467     476      32724
a     467     458      32724
a     468     501        253
a     468     467      32724
a     468     477      32724
a     468     459      32724
a     469     540        274
a     469     470      32724
a     469     478      32724
a     469     460      32724
a     470     527        300
a     470     471      32724
a     470     469      32724
a     470     479      32724
a     470     461      32724
a     471     507        232
a     471     472      32724
a     471     470      32724
a     471     480      32724
a     471     462      32724
a     472     559         80
a     472     473      32724
a     472     471      32724
a     472     481      32724
a     472     463      32724
a     473     513         73
a     473     474      32724
a     473     472      32724
a     473     482      32724
a     473     464      32724
a     474     555        373
a     474     475      32724
a     474     473      32724
a     474     483      32724
a     474     465      32724
a     475     553         97
a     475     476      32724
a     475     474      32724
a     475     484      32724
a     475     466      32724
a     476     496        224
a     476     477      32724
a     476     475      32724
a     476     485      32724
a     476     467      32724
a     477     557        121
a     477     476      32724
a     477     486      32724
a     477     468      32724
a     478     488        347
a     478     479      32724
a     478     469      32724
a     479     558        391
a     479     480      32724
a     479     478      32724
a     479     470      32724
a     480     546        137
a     480     481      32724
a     480     479      32724
a     480     471      32724
a     481     549        252
a     481     482      32724
a     481     480      32724
a     481     472      32724
a     482     515        279
a     482     483      32724
a     482     481      32724
a     482     473      32724
a     483     538         84
a     483     484      32724
a     483     482      32724
a     483     474      32724
a     484     494        154
a     484     485      32724
a     484     483      32724
a     484     475      32724
a     485     497         84
a     485     486      32724
a     485     484      32724
a     485     476      32724
a     486     493         53
a     486     485      32724
a     486     477      32724
a     487     608        239
a     487     488      32724
a     487     496      32724
a     488     639        129
a     488     489      32724
a     488     487      32724
a     488     497      32724
a     489     636        297
a     489     490      32724
a     489     488      32724
a     489     498      32724
a     490     584        136
a     490     491      32724
a     490     489      32724
a     490     499      32724
a     491     612        343
a     491     492      32724
a     491     490      32724
a     491     500      32724
a     492     602        344
a     492     493      32724
a     492     491      32724
a     492     501      32724
a     493     634        365
a     493     494      32724
a     493     492      32724
a     493     502      32724
a     494     626        318
a     494     495      32724
a     494     493      32724
a     494     503      32724
a     495     625        385
a     495     494      32724
a     495     504      32724
a     496     594        342
a     496     497      32724
a     496     505      32724
a     496     487      32724
a     497     575        270
a     497     498      32724
a     497     496      32724
a     497     506      32724
a     497     488      32724
a     498     577        360
a     498     499      32724
a     498     497      32724
a     498     507      32724
a     498     489      32724
a     499     622        166
a     499     500      32724
a     499     498      32724
a     499     508      32724
a     499     490      32724
a     500     574        374
a     500     501      32724
a     500     499      32724
a     500     509      32724
a     500     491      32724
a     501     601        315
a     501     502      32724
a     501     500      32724
a     501     510      32724
a     501     492      32724
a     502     614        139
a     502     503      32724
a     502     501      32724
a     502     511      32724
a     502     493      32724
a     503     597        319
a     503     504      32724
a     503     502      32724
a     503     512      32724
a     503     494      32724
a     504     644        119
a     504     503      32724
a     504     513      32724
a     504     495      32724
a     505     585        164
a     505     506      32724
a     505     514      32724
a     505     496      32724
a     506     610        139
a     506     507      32724
a     506     505      32724
a     506     515      32724
a     506     497      32724
a     507     605        249
a     507     508      32724
a     507     506      32724
a     507     516      32724
a     507     498      32724
a     508     619         56
a     508     509      32724
a     508     507      32724
a     508     517      32724
a     508     499      32724
a     509     633        207
a     509     510      32724
a     509     508      32724
a     509     518      32724
a     509     500      32724
a     510     609         94
a     510     511      32724
a     510     509      32724
a     510     519      32724
a     510     501      32724
a     511     607         61
a     511     512      32724
a     511     510      32724
a     511     520      32724
a     511     502      32724
a     512     579         86
a     512     513      32724
a     512     511      32724
a     512     521      32724
a     512     503      32724
a     513     641        340
a     513     512      32724
a     513     522      32724
a     513     504      32724
a     514     592         58
a     514     515      32724
a     514     523      32724
a     514     505      32724
a     515     580        309
a     515     516      32724
a     515     514      32724
a     515     524      32724
a     515     506      32724
a     516     646        319
a     516     517      32724
a     516     515      32724
a     516     525      32724
a     516     507      32724
a     517     598        390
a     517     518      32724
a     517     516      32724
a     517     526      32724
a     517     508      32724
a     518     572        401
a     518     519      32724
a     518     517      32724
a     518     527      32724
a     518     509      32724
a     519     603        399
a     519     520      32724
a     519     518      32724
a     519     528      32724
a     519     510      32724
a     520     618         62
a     520     521      32724
a     520     519      32724
a     520     529      32724
a     520     511      32724
a     521     588        173
a     521     522      32724
a     521     520      32724
a     521     530      32724
a     521     512      32724
a     522     596         81
a     522     521      32724
a     522     531      32724
a     522     513      32724
a     523     631        220
a     523     524      32724
a     523     532      32724
a     523     514      32724
a     524     638        186
a     524     525      32724
a     524     523      32724
a     524     533      32724
a     524     515      32724
a     525     615        339
a     525     526      32724
a     525     524      32724
a     525     534      32724
a     525     516      32724
a     526     630         92
a     526     527      32724
a     526     525      32724
a     526     535      32724
a     526     517      32724
a     527     600        195
a     527     528      32724
a     527     526      32724
a     527     536      32724
a     527     518      32724
a     528     613        334
a     528     529      32724
a     528     527      32724
a     528     537      32724
a     528     519      32724
a     529     648        162
a     529     530      32724
a     529     528      32724
a     529     538      32724
a     529     520      32724
a     530     623        250
a     530     531      32724
a     530     529      32724
a     530     539      32724
a     530     521      32724
a     531     576        343
a     531     530      32724
a     531     540      32724
a     531     522      32724
a     532     570        231
a     532     533      32724
a     532     541      32724
a     532     523      32724
a     533     606        127
a     533     534      32724
a     533     532      32724
a     533     542      32724
a     533     524      32724
a     534     571         98
a     534     535      32724
a     534     533      32724
a     534     543      32724
a     534     525      32724
a     535     627        150
a     535     536      32724
a     535     534      32724
a     535     544      32724
a     535     526      32724
a     536     620        122
a     536     537      32724
a     536     535      32724
a     536     545      32724
a     536     527      32724
a     537     599        190
a     537     538      32724
a     537     536      32724
a     537     546      32724
a     537     528      32724
a     538     628         63
a     538     539      32724
a     538     537      32724
a     538     547      32724
a     538     529      32724
a     539     617        184
a     539     540      32724
a     539     538      32724
a     539     548      32724
a     539     530      32724
a     540     629        394
a     540     539      32724
a     540     549      32724
a     540     531      32724
a     541     643        202
a     541     542      32724
a     541     550      32724
a     541     532      32724
a     542     568        252
a     542     543      32724
a     542     541      32724
a     542     551      32724
a     542     533      32724
a     543     569        216
a     543     544      32724
a     543     542      32724
a     543     552      32724
a     543     534      32724
a     544     595        285
a     544     545      32724
a     544     543      32724
a     544     553      32724
a     544     535      32724
a     545     624        309
a     545     546      32724
a     545     544      32724
a     545     554      32724
a     545     536      32724
a     546     621        127
a     546     547      32724
a     546     545      32724
a     546     555      32724
a     546     537      32724
a     547     642         86
a     547     548      32724
a     547     546      32724
a     547     556      32724
a     547     538      32724
a     548     573        248
a     548     549      32724
a     548     547      32724
a     548     557      32724
a     548     539      32724
a     549     637        105
a     549     548      32724
a     549     558      32724
a     549     540      32724
a     550     647        147
a     550     551      32724
a     550     559      32724
a     550     541      32724
a     551     635        285
a     551     552      32724
a     551     550      32724
a     551     560      32724
a     551     542      32724
a     552     587        273
a     552     553      32724
a     552     551      32724
a     552     561      32724
a     552     543      32724
a     553     611        222
a     553     554      32724
a     553     552      32724
a     553     562      32724
a     553     544      32724
a     554     593        317
a     554     555      32724
a     554     553      32724
a     554     563      32724
a     554     545      32724
a     555     645        278
a     555     556      32724
a     555     554      32724
a     555     564      32724
a     555     546      32724
a     556     583        338
a     556     557      32724
a     556     555      32724
a     556     565      32724
a     556     547      32724
a     557     590        293
a     557     558      32724
a     557     556      32724
a     557     566      32724
a     557     548      32724
a     558     591        127
a     558     557      32724
a     558     567      32724
a     558     549      32724
a     559     589         65
a     559     560      32724
a     559     550      32724
a     560     578        244
a     560     561      32724
a     560     559      32724
a     560     551      32724
a     561     640        276
a     561     562      32724
a     561     560      32724
a     561     552      32724
a     562     632        313
a     562     563      32724
a     562     561      32724
a     562     553      32724
a     563     604        192
a     563     564      32724
a     563     562      32724
a     563     554      32724
a     564     581        301
a     564     565      32724
a     564     563      32724
a     564     555      32724
a     565     616        107
a     565     566      32724
a     565     564      32724
a     565     556      32724
a     566     582        266
a     566     567      32724
a     566     565      32724
a     566     557      32724
a     567     586        243
a     567     566      32724
a     567     558      32724
a     568     656        202
a     568     569      32724
a     568     577      32724
a     569     659        333
a     569     570      32724
a     569     568      32724
a     569     578      32724
a     570     705         52
a     570     571      32724
a     570     569      32724
a     570     579      32724
a     571     687        360
a     571     572      32724
a     571     570      32724
a     571     580      32724
a     572     649        201
a     572     573      32724
a     572     571      32724
a     572     581      32724
a     573     689        208
a     573     574      32724
a     573     572      32724
a     573     582      32724
a     574     712         75
a     574     575      32724
a     574     573      32724
a     574     583      32724
a     575     679         80
a     575     576      32724
a     575     574      32724
a     575     584      32724
a     576     717        288
a     576     575      32724
a     576     585      32724
a     577     673        217
a     577     578      32724
a     577     586      32724
a     577     568      32724
a     578     660        350
a     578     579      32724
a     578     577      32724
a     578     587      32724
a     578     569      32724
a     579     668        367
a     579     580      32724
a     579     578      32724
a     579     588      32724
a     579     570      32724
a     580     663        336
a     580     581      32724
a     580     579      32724
a     580     589      32724
a     580     571      32724
a     581     665        276
a     581     582      32724
a     581     580      32724
a     581     590      32724
a     581     572      32724
a     582     669        161
a     582     583      32724
a     582     581      32724
a     582     591      32724
a     582     573      32724
a     583     716        203
a     583     584      32724
a     583     582      32724
a     583     592      32724
a     583     574      32724
a     584     719        341
a     584     585      32724
a     584     583      32724
a     584     593      32724
a     584     575      32724
a     585     714        205
a     585     584      32724
a     585     594      32724
a     585     576      32724
a     586     728        223
a     586     587      32724
a     586     595      32724
a     586     577      32724
a     587     702        340
a     587     588      32724
a     587     586      32724
a     587     596      32724
a     587     578      32724
a     588     657        323
a     588     589      32724
a     588     587      32724
a     588     597      32724
a     588     579      32724
a     589     727        130
a     589     590      32724
a     589     588      32724
a     589     598      32724
a     589     580      32724
a     590     670         87
a     590     591      32724
a     590     589      32724
a     590     599      32724
a     590     581      32724
a     591     704        259
a     591     592      32724
a     591     590      32724
a     591     600      32724
a     591     582      32724
a     592     672        216
a     592     593      32724
a     592     591      32724
a     592     601      32724
a     592     583      32724
a     593     713        179
a     593     594      32724
a     593     592      32724
a     593     602      32724
a     593     584      32724
a     594     675        259
a     594     593      32724
a     594     603      32724
a     594     585      32724
a     595     695        264
a     595     596      32724
a     595     604      32724
a     595     586      32724
a     596     701        136
a     596     597      32724
a     596     595      32724
a     596     605      32724
a     596     587      32724
a     597     650        297
a     597     598      32724
a     597     596      32724
a     597     606      32724
a     597     588      32724
a     598     667        185
a     598     599      32724
a     598     597      32724
a     598     607      32724
a     598     589      32724
a     599     697         51
a     599     600      32724
a     599     598      32724
a     599     608      32724
a     599     590      32724
a     600     690        206
a     600     601      32724
a     600     599      32724
a     600     609      32724
a     600     591      32724
a     601     661        157
a     601     602      32724
a     601     600      32724
a     601     610      32724
a     601     592      32724
a     602     725        323
a     602     603      32724
a     602     601      32724
a     602     611      32724
a     602     593      32724
a     603     700        329
a     603     602      32724
a     603     612      32724
a     603     594      32724
a     604     680        160
a     604     605      32724
a     604     613      32724
a     604     595      32724
a     605     694        401
a     605     606      32724
a     605     604      32724
a     605     614      32724
a     605     596      32724
a     606     718        114
a     606     607      32724
a     606     605      32724
a     606     615      32724
a     606     597      32724
a     607     720        133
a     607     608      32724
a     607     606      32724
a     607     616      32724
a     607     598      32724
a     608     698        251
a     608     609      32724
a     608     607      32724
a     608     617      32724
a     608     599      32724
a     609     729        247
a     609     610      32724
a     609     608      32724
a     609     618      32724
a     609     600      32724
a     610     724        350
a     610     611      32724
a     610     609      32724
a     610     619      32724
a     610     601      32724
a     611     691        172
a     611     612      32724
a     611     610      32724
a     611     620      32724
a     611     602      32724
a     612     710        153
a     612     611      32724
a     612     621      32724
a     612     603      32724
a     613     674        245
a     613     614      32724
a     613     622      32724
a     613     604      32724
a     614     723        107
a     614     615      32724
a     614     613      32724
a     614     623      32724
a     614     605      32724
a     615     662        185
a     615     616      32724
a     615     614      32724
a     615     624      32724
a     615     606      32724
a     616     683         93
a     616     617      32724
a     616     615      32724
a     616     625      32724
a     616     607      32724
a     617     709         83
a     617     618      32724
a     617     616      32724
a     617     626      32724
a     617     608      32724
a     618     692        350
a     618     619      32724
a     618     617      32724
a     618     627      32724
a     618     609      32724
a     619     676        339
a     619     620      32724
a     619     618      32724
a     619     628      32724
a     619     610      32724
a     620     708        256
a     620     621      32724
a     620     619      32724
a     620     629      32724
a     620     611      32724
a     621     696        184
a     621     620      32724
a     621     630      32724
a     621     612      32724
a     622     666        332
a     622     623      32724
a     622     631      32724
a     622     613      32724
a     623     681        401
a     623     624      32724
a     623     622      32724
a     623     632      32724
a     623     614      32724
a     624     721         91
a     624     625      32724
a     624     623      32724
a     624     633      32724
a     624     615      32724
a     625     671        215
a     625     626      32724
a     625     624      32724
a     625     634      32724
a     625     616      32724
a     626     664        376
a     626     627      32724
a     626     625      32724
a     626     635      32724
a     626     617      32724
a     627     654         80
a     627     628      32724
a     627     626      32724
a     627     636      32724
a     627     618      32724
a     628     707         92
a     628     629      32724
a     628     627      32724
a     628     637      32724
a     628     619      32724
a     629     722        257
a     629     630      32724
a     629     628      32724
a     629     638      32724
a     629     620      32724
a     630     715        228
a     630     629      32724
a     630     639      32724
a     630     621      32724
a     631     653        345
a     631     632      32724
a     631     640      32724
a     631     622      32724
a     632     651         89
a     632     633      32724
a     632     631      32724
a     632     641      32724
a     632     623      32724
a     633     677        240
a     633     634      32724
a     633     632      32724
a     633     642      32724
a     633     624      32724
a     634     658        241
a     634     635      32724
a     634     633      32724
a     634     643      32724
a     634     625      32724
a     635     682         78
a     635     636      32724
a     635     634      32724
a     635     644      32724
a     635     626      32724
a     636     726        158
a     636     637      32724
a     636     635      32724
a     636     645      32724
a     636     627      32724
a     637     706        305
a     637     638      32724
a     637     636      32724
a     637     646      32724
a     637     628      32724
a     638     686        149
a     638     639      32724
a     638     637      32724
a     638     647      32724
a     638     629      32724
a     639     655        147
a     639     638      32724
a     639     648      32724
a     639     630      32724
a     640     684        338
a     640     641      32724
a     640     631      32724
a     641     703         96
a     641     642      32724
a     641     640      32724
a     641     632      32724
a     642     652        355
a     642     643      32724
a     642     641      32724
a     642     633      32724
a     643     699        399
a     643     644      32724
a     643     642      32724
a     643     634      32724
a     644     685        245
a     644     645      32724
a     644     643      32724
a     644     635      32724
a     645     678        100
a     645     646      32724
a     645     644      32724
a     645     636      32724
a     646     688        154
a     646     647      32724
a     646     645      32724
a     646     637      32724
a     647     711        273
a     647     648      32724
a     647     646      32724
a     647     638      32724
a     648     693        165
a     648     647      32724
a     648     639      32724
a     649     650      32724
a     649     658      32724
a     650     651      32724
a     650     649      32724
a     650     659      32724
a     651     652      32724
a     651     650      32724
a     651     660      32724
a     652     653      32724
a     652     651      32724
a     652     661      32724
a     653     654      32724
a     653     652      32724
a     653     662      32724
a     654     655      32724
a     654     653      32724
a     654     663      32724
a     655     656      32724
a     655     654      32724
a     655     664      32724
a     656     657      32724
a     656     655      32724
a     656     665      32724
a     657     656      32724
a     657     666      32724
a     658     659      32724
a     658     667      32724
a     658     649      32724
a     659     660      32724
a     659     658      32724
a     659     668      32724
a     659     650      32724
a     660     661      32724
a     660     659      32724
a     660     669      32724
a     660     651      32724
a     661     662      32724
a     661     660      32724
a     661     670      32724
a     661     652      32724
a     662     663      32724
a     662     661      32724
a     662     671      32724
a     662     653      32724
a     663     664      32724
a     663     662      32724
a     663     672      32724
a     663     654      32724
a     664     665      32724
a     664     663      32724
a     664     673      32724
a     664     655      32724
a     665     666      32724
a     665     664      32724
a     665     674      32724
a     665     656      32724
a     666     665      32724
a     666     675      32724
a     666     657      32724
a     667     668      32724
a     667     676      32724
a     667     658      32724
a     668     669      32724
a     668     667      32724
a     668     677      32724
a     668     659      32724
a     669     670      32724
a     669     668      32724
a     669     678      32724
a     669     660      32724
a     670     671      32724
a     670     669      32724
a     670     679      32724
a     670     661      32724
a     671     672      32724
a     671     670      32724
a     671     680      32724
a     671     662      32724
a     672     673      32724
a     672     671      32724
a     672     681      32724
a     672     663      32724
a     673     674      32724
a     673     672      32724
a     673     682      32724
a     673     664      32724
a     674     675      32724
a     674     673      32724
a     674     683      32724
a     674     665      32724
a     675     674      32724
a     675     684      32724
a     675     666      32724
a     676     677      32724
a     676     685      32724
a     676     667      32724
a     677     678      32724
a     677     676      32724
a     677     686      32724
a     677     668      32724
a     678     679      32724
a     678     677      32724
a     678     687      32724
a     678     669      32724
a     679     680      32724
a     679     678      32724
a     679     688      32724
a     679     670      32724
a     680     681      32724
a     680     679      32724
a     680     689      32724
a     680     671      32724
a     681     682      32724
a     681     680      32724
a     681     690      32724
a     681     672      32724
a     682     683      32724
a     682     681      32724
a     682     691      32724
a     682     673      32724
a     683     684      32724
a     683     682      32724
a     683     692      32724
a     683     674      32724
a     684     683      32724
a     684     693      32724
a     684     675      32724
a     685     686      32724
a     685     694      32724
a     685     676      32724
a     686     687      32724
a     686     685      32724
a     686     695      32724
a     686     677      32724
a     687     688      32724
a     687     686      32724
a     687     696      32724
a     687     678      32724
a     688     689      32724
a     688     687      32724
a     688     697      32724
a     688     679      32724
a     689     690      32724
a     689     688      32724
a     689     698      32724
a     689     680      32724
a     690     691      32724
a     690     689      32724
a     690     699      32724
a     690     681      32724
a     691     692      32724
a     691     690      32724
a     691     700      32724
a     691     682      32724
a     692     693      32724
a     692     691      32724
a     692     701      32724
a     692     683      32724
a     693     692      32724
a     693     702      32724
a     693     684      32724
a     694     695      32724
a     694     703      32724
a     694     685      32724
a     695     696      32724
a     695     694      32724
a     695     704      32724
a     695     686      32724
a     696     697      32724
a     696     695      32724
a     696     705      32724
a     696     687      32724
a     697     698      32724
a     697     696      32724
a     697     706      32724
a     697     688      32724
a     698     699      32724
a     698     697      32724
a     698     707      32724
a     698     689      32724
a     699     700      32724
a     699     698      32724
a     699     708      32724
a     699     690      32724
a     700     701      32724
a     700     699      32724
a     700     709      32724
a     700     691      32724
a     701     702      32724
a     701     700      32724
a     701     710      32724
a     701     692      32724
a     702     701      32724
a     702     711      32724
a     702     693      32724
a     703     704      32724
a     703     712      32724
a     703     694      32724
a     704     705      32724
a     704     703      32724
a     704     713      32724
a     704     695      32724
a     705     706      32724
a     705     704      32724
a     705     714      32724
a     705     696      32724
a     706     707      32724
a     706     705      32724
a     706     715      32724
a     706     697      32724
a     707     708      32724
a     707     706      32724
a     707     716      32724
a     707     698      32724
a     708     709      32724
a     708     707      32724
a     708     717      32724
a     708     699      32724
a     709     710      32724
a     709     708      32724
a     709     718      32724
a     709     700      32724
a     710     711      32724
a     710     709      32724
a     710     719      32724
a     710     701      32724
a     711     710      32724
a     711     720      32724
a     711     702      32724
a     712     713      32724
a     712     721      32724
a     712     703      32724
a     713     714      32724
a     713     712      32724
a     713     722      32724
a     713     704      32724
a     714     715      32724
a     714     713      32724
a     714     723      32724
a     714     705      32724
a     715     716      32724
a     715     714      32724
a     715     724      32724
a     715     706      32724
a     716     717      32724
a     716     715      32724
a     716     725      32724
a     716     707      32724
a     717     718      32724
a     717     716      32724
a     717     726      32724
a     717     708      32724
a     718     719      32724
a     718     717      32724
a     718     727      32724
a     718     709      32724
a     719     720      32724
a     719     718      32724
a     719     728      32724
a     719     710      32724
a     720     719      32724
a     720     729      32724
a     720     711      32724
a     721     722      32724
a     721     712      32724
a     722     723      32724
a     722     721      32724
a     722     713      32724
a     723     724      32724
a     723     722      32724
a     723     714      32724
a     724     725      32724
a     724     723      32724
a     724     715      32724
a     725     726      32724
a     725     724      32724
a     725     716      32724
a     726     727      32724
a     726     725      32724
a     726     717      32724
a     727     728      32724
a     727     726      32724
a     727     718      32724
a     728     729      32724
a     728     727      32724
a     728     719      32724
a     729     728      32724
a     729     720      32724
