c This file was generated by genrmf.
c The parameters are: a: 5 b: 19 c1: 36 c2: 145 seed: 1666103673
p max     475       1970
n       1 s
n     475 t
a       1      28        143
a       1       2       3625
a       1       6       3625
a       2      31        107
a       2       3       3625
a       2       1       3625
a       2       7       3625
a       3      27         82
a       3       4       3625
a       3       2       3625
a       3       8       3625
a       4      46         52
a       4       5       3625
a       4       3       3625
a       4       9       3625
a       5      29        116
a       5       4       3625
a       5      10       3625
a       6      43         55
a       6       7       3625
a       6      11       3625
a       6       1       3625
a       7      41         71
a       7       8       3625
a       7       6       3625
a       7      12       3625
a       7       2       3625
a       8      33        125
a       8       9       3625
a       8       7       3625
a       8      13       3625
a       8       3       3625
a       9      47        103
a       9      10       3625
a       9       8       3625
a       9      14       3625
a       9       4       3625
a      10      40         56
a      10       9       3625
a      10      15       3625
a      10       5       3625
a      11      34         58
a      11      12       3625
a      11      16       3625
a      11       6       3625
a      12      42         71
a      12      13       3625
a      12      11       3625
a      12      17       3625
a      12       7       3625
a      13      32         42
a      13      14       3625
a      13      12       3625
a      13      18       3625
a      13       8       3625
a      14      48        131
a      14      15       3625
a      14      13       3625
a      14      19       3625
a      14       9       3625
a      15      49         72
a      15      14       3625
a      15      20       3625
a      15      10       3625
a      16      38         95
a      16      17       3625
a      16      21       3625
a      16      11       3625
a      17      44        125
a      17      18       3625
a      17      16       3625
a      17      22       3625
a      17      12       3625
a      18      50         40
a      18      19       3625
a      18      17       3625
a      18      23       3625
a      18      13       3625
a      19      36        116
a      19      20       3625
a      19      18       3625
a      19      24       3625
a      19      14       3625
a      20      30        105
a      20      19       3625
a      20      25       3625
a      20      15       3625
a      21      45         46
a      21      22       3625
a      21      16       3625
a      22      35        116
a      22      23       3625
a      22      21       3625
a      22      17       3625
a      23      37         75
a      23      24       3625
a      23      22       3625
a      23      18       3625
a      24      39        139
a      24      25       3625
a      24      23       3625
a      24      19       3625
a      25      26         76
a      25      24       3625
a      25      20       3625
a      26      67        141
a      26      27       3625
a      26      31       3625
a      27      66        124
a      27      28       3625
a      27      26       3625
a      27      32       3625
a      28      56         98
a      28      29       3625
a      28      27       3625
a      28      33       3625
a      29      59        143
a      29      30       3625
a      29      28       3625
a      29      34       3625
a      30      57         40
a      30      29       3625
a      30      35       3625
a      31      51        143
a      31      32       3625
a      31      36       3625
a      31      26       3625
a      32      70         43
a      32      33       3625
a      32      31       3625
a      32      37       3625
a      32      27       3625
a      33      69        116
a      33      34       3625
a      33      32       3625
a      33      38       3625
a      33      28       3625
a      34      72         99
a      34      35       3625
a      34      33       3625
a      34      39       3625
a      34      29       3625
a      35      52        145
a      35      34       3625
a      35      40       3625
a      35      30       3625
a      36      55         44
a      36      37       3625
a      36      41       3625
a      36      31       3625
a      37      75        105
a      37      38       3625
a      37      36       3625
a      37      42       3625
a      37      32       3625
a      38      54        108
a      38      39       3625
a      38      37       3625
a      38      43       3625
a      38      33       3625
a      39      61        137
a      39      40       3625
a      39      38       3625
a      39      44       3625
a      39      34       3625
a      40      63        138
a      40      39       3625
a      40      45       3625
a      40      35       3625
a      41      73        123
a      41      42       3625
a      41      46       3625
a      41      36       3625
a      42      53         72
a      42      43       3625
a      42      41       3625
a      42      47       3625
a      42      37       3625
a      43      74         47
a      43      44       3625
a      43      42       3625
a      43      48       3625
a      43      38       3625
a      44      68         49
a      44      45       3625
a      44      43       3625
a      44      49       3625
a      44      39       3625
a      45      65        105
a      45      44       3625
a      45      50       3625
a      45      40       3625
a      46      60         73
a      46      47       3625
a      46      41       3625
a      47      64         63
a      47      48       3625
a      47      46       3625
a      47      42       3625
a      48      71         55
a      48      49       3625
a      48      47       3625
a      48      43       3625
a      49      58         66
a      49      50       3625
a      49      48       3625
a      49      44       3625
a      50      62        116
a      50      49       3625
a      50      45       3625
a      51      93         79
a      51      52       3625
a      51      56       3625
a      52      87        138
a      52      53       3625
a      52      51       3625
a      52      57       3625
a      53      98         82
a      53      54       3625
a      53      52       3625
a      53      58       3625
a      54      86        119
a      54      55       3625
a      54      53       3625
a      54      59       3625
a      55      89        107
a      55      54       3625
a      55      60       3625
a      56      80         47
a      56      57       3625
a      56      61       3625
a      56      51       3625
a      57      95         54
a      57      58       3625
a      57      56       3625
a      57      62       3625
a      57      52       3625
a      58     100         59
a      58      59       3625
a      58      57       3625
a      58      63       3625
a      58      53       3625
a      59      78        112
a      59      60       3625
a      59      58       3625
a      59      64       3625
a      59      54       3625
a      60      83         92
a      60      59       3625
a      60      65       3625
a      60      55       3625
a      61      92        133
a      61      62       3625
a      61      66       3625
a      61      56       3625
a      62      97        121
a      62      63       3625
a      62      61       3625
a      62      67       3625
a      62      57       3625
a      63      88         42
a      63      64       3625
a      63      62       3625
a      63      68       3625
a      63      58       3625
a      64      94         75
a      64      65       3625
a      64      63       3625
a      64      69       3625
a      64      59       3625
a      65      85        102
a      65      64       3625
a      65      70       3625
a      65      60       3625
a      66      91         66
a      66      67       3625
a      66      71       3625
a      66      61       3625
a      67      90        110
a      67      68       3625
a      67      66       3625
a      67      72       3625
a      67      62       3625
a      68      79        118
a      68      69       3625
a      68      67       3625
a      68      73       3625
a      68      63       3625
a      69      81        104
a      69      70       3625
a      69      68       3625
a      69      74       3625
a      69      64       3625
a      70      82        118
a      70      69       3625
a      70      75       3625
a      70      65       3625
a      71      76         66
a      71      72       3625
a      71      66       3625
a      72      99        120
a      72      73       3625
a      72      71       3625
a      72      67       3625
a      73      77         52
a      73      74       3625
a      73      72       3625
a      73      68       3625
a      74      84         96
a      74      75       3625
a      74      73       3625
a      74      69       3625
a      75      96        102
a      75      74       3625
a      75      70       3625
a      76     111         67
a      76      77       3625
a      76      81       3625
a      77     109         98
a      77      78       3625
a      77      76       3625
a      77      82       3625
a      78     122        134
a      78      79       3625
a      78      77       3625
a      78      83       3625
a      79     103         92
a      79      80       3625
a      79      78       3625
a      79      84       3625
a      80     121        104
a      80      79       3625
a      80      85       3625
a      81     117         70
a      81      82       3625
a      81      86       3625
a      81      76       3625
a      82     123         67
a      82      83       3625
a      82      81       3625
a      82      87       3625
a      82      77       3625
a      83     110         81
a      83      84       3625
a      83      82       3625
a      83      88       3625
a      83      78       3625
a      84     125        128
a      84      85       3625
a      84      83       3625
a      84      89       3625
a      84      79       3625
a      85     124         52
a      85      84       3625
a      85      90       3625
a      85      80       3625
a      86     120         68
a      86      87       3625
a      86      91       3625
a      86      81       3625
a      87     108         74
a      87      88       3625
a      87      86       3625
a      87      92       3625
a      87      82       3625
a      88     119        144
a      88      89       3625
a      88      87       3625
a      88      93       3625
a      88      83       3625
a      89     114        102
a      89      90       3625
a      89      88       3625
a      89      94       3625
a      89      84       3625
a      90     106         80
a      90      89       3625
a      90      95       3625
a      90      85       3625
a      91     115        105
a      91      92       3625
a      91      96       3625
a      91      86       3625
a      92     102         37
a      92      93       3625
a      92      91       3625
a      92      97       3625
a      92      87       3625
a      93     107         77
a      93      94       3625
a      93      92       3625
a      93      98       3625
a      93      88       3625
a      94     112        104
a      94      95       3625
a      94      93       3625
a      94      99       3625
a      94      89       3625
a      95     118         90
a      95      94       3625
a      95     100       3625
a      95      90       3625
a      96     104        115
a      96      97       3625
a      96      91       3625
a      97     101         58
a      97      98       3625
a      97      96       3625
a      97      92       3625
a      98     113        132
a      98      99       3625
a      98      97       3625
a      98      93       3625
a      99     116         39
a      99     100       3625
a      99      98       3625
a      99      94       3625
a     100     105        107
a     100      99       3625
a     100      95       3625
a     101     128         72
a     101     102       3625
a     101     106       3625
a     102     137        122
a     102     103       3625
a     102     101       3625
a     102     107       3625
a     103     147         61
a     103     104       3625
a     103     102       3625
a     103     108       3625
a     104     148         81
a     104     105       3625
a     104     103       3625
a     104     109       3625
a     105     135         59
a     105     104       3625
a     105     110       3625
a     106     143         57
a     106     107       3625
a     106     111       3625
a     106     101       3625
a     107     136        139
a     107     108       3625
a     107     106       3625
a     107     112       3625
a     107     102       3625
a     108     132         42
a     108     109       3625
a     108     107       3625
a     108     113       3625
a     108     103       3625
a     109     133        119
a     109     110       3625
a     109     108       3625
a     109     114       3625
a     109     104       3625
a     110     126        117
a     110     109       3625
a     110     115       3625
a     110     105       3625
a     111     144         90
a     111     112       3625
a     111     116       3625
a     111     106       3625
a     112     145        143
a     112     113       3625
a     112     111       3625
a     112     117       3625
a     112     107       3625
a     113     150         66
a     113     114       3625
a     113     112       3625
a     113     118       3625
a     113     108       3625
a     114     129         89
a     114     115       3625
a     114     113       3625
a     114     119       3625
a     114     109       3625
a     115     139         46
a     115     114       3625
a     115     120       3625
a     115     110       3625
a     116     146        104
a     116     117       3625
a     116     121       3625
a     116     111       3625
a     117     141         77
a     117     118       3625
a     117     116       3625
a     117     122       3625
a     117     112       3625
a     118     130        119
a     118     119       3625
a     118     117       3625
a     118     123       3625
a     118     113       3625
a     119     149        127
a     119     120       3625
a     119     118       3625
a     119     124       3625
a     119     114       3625
a     120     142        100
a     120     119       3625
a     120     125       3625
a     120     115       3625
a     121     131         82
a     121     122       3625
a     121     116       3625
a     122     140        117
a     122     123       3625
a     122     121       3625
a     122     117       3625
a     123     134         73
a     123     124       3625
a     123     122       3625
a     123     118       3625
a     124     138         48
a     124     125       3625
a     124     123       3625
a     124     119       3625
a     125     127         93
a     125     124       3625
a     125     120       3625
a     126     153         78
a     126     127       3625
a     126     131       3625
a     127     174        143
a     127     128       3625
a     127     126       3625
a     127     132       3625
a     128     170         79
a     128     129       3625
a     128     127       3625
a     128     133       3625
a     129     168        128
a     129     130       3625
a     129     128       3625
a     129     134       3625
a     130     172         61
a     130     129       3625
a     130     135       3625
a     131     156         96
a     131     132       3625
a     131     136       3625
a     131     126       3625
a     132     165         65
a     132     133       3625
a     132     131       3625
a     132     137       3625
a     132     127       3625
a     133     171         92
a     133     134       3625
a     133     132       3625
a     133     138       3625
a     133     128       3625
a     134     167        107
a     134     135       3625
a     134     133       3625
a     134     139       3625
a     134     129       3625
a     135     158        106
a     135     134       3625
a     135     140       3625
a     135     130       3625
a     136     159        125
a     136     137       3625
a     136     141       3625
a     136     131       3625
a     137     151        121
a     137     138       3625
a     137     136       3625
a     137     142       3625
a     137     132       3625
a     138     166        123
a     138     139       3625
a     138     137       3625
a     138     143       3625
a     138     133       3625
a     139     155        138
a     139     140       3625
a     139     138       3625
a     139     144       3625
a     139     134       3625
a     140     163         72
a     140     139       3625
a     140     145       3625
a     140     135       3625
a     141     162         78
a     141     142       3625
a     141     146       3625
a     141     136       3625
a     142     152        121
a     142     143       3625
a     142     141       3625
a     142     147       3625
a     142     137       3625
a     143     169        111
a     143     144       3625
a     143     142       3625
a     143     148       3625
a     143     138       3625
a     144     157        103
a     144     145       3625
a     144     143       3625
a     144     149       3625
a     144     139       3625
a     145     164         90
a     145     144       3625
a     145     150       3625
a     145     140       3625
a     146     161         67
a     146     147       3625
a     146     141       3625
a     147     173        110
a     147     148       3625
a     147     146       3625
a     147     142       3625
a     148     154         84
a     148     149       3625
a     148     147       3625
a     148     143       3625
a     149     160         95
a     149     150       3625
a     149     148       3625
a     149     144       3625
a     150     175         87
a     150     149       3625
a     150     145       3625
a     151     183         49
a     151     152       3625
a     151     156       3625
a     152     186         57
a     152     153       3625
a     152     151       3625
a     152     157       3625
a     153     179         50
a     153     154       3625
a     153     152       3625
a     153     158       3625
a     154     197        102
a     154     155       3625
a     154     153       3625
a     154     159       3625
a     155     191         95
a     155     154       3625
a     155     160       3625
a     156     185        117
a     156     157       3625
a     156     161       3625
a     156     151       3625
a     157     189        106
a     157     158       3625
a     157     156       3625
a     157     162       3625
a     157     152       3625
a     158     188         55
a     158     159       3625
a     158     157       3625
a     158     163       3625
a     158     153       3625
a     159     194        145
a     159     160       3625
a     159     158       3625
a     159     164       3625
a     159     154       3625
a     160     176         64
a     160     159       3625
a     160     165       3625
a     160     155       3625
a     161     177         68
a     161     162       3625
a     161     166       3625
a     161     156       3625
a     162     195        118
a     162     163       3625
a     162     161       3625
a     162     167       3625
a     162     157       3625
a     163     198         99
a     163     164       3625
a     163     162       3625
a     163     168       3625
a     163     158       3625
a     164     200        101
a     164     165       3625
a     164     163       3625
a     164     169       3625
a     164     159       3625
a     165     180         75
a     165     164       3625
a     165     170       3625
a     165     160       3625
a     166     184         43
a     166     167       3625
a     166     171       3625
a     166     161       3625
a     167     182         98
a     167     168       3625
a     167     166       3625
a     167     172       3625
a     167     162       3625
a     168     190         45
a     168     169       3625
a     168     167       3625
a     168     173       3625
a     168     163       3625
a     169     178        119
a     169     170       3625
a     169     168       3625
a     169     174       3625
a     169     164       3625
a     170     181        128
a     170     169       3625
a     170     175       3625
a     170     165       3625
a     171     187        123
a     171     172       3625
a     171     166       3625
a     172     199         83
a     172     173       3625
a     172     171       3625
a     172     167       3625
a     173     193         92
a     173     174       3625
a     173     172       3625
a     173     168       3625
a     174     196         60
a     174     175       3625
a     174     173       3625
a     174     169       3625
a     175     192        128
a     175     174       3625
a     175     170       3625
a     176     203        124
a     176     177       3625
a     176     181       3625
a     177     218        133
a     177     178       3625
a     177     176       3625
a     177     182       3625
a     178     223        110
a     178     179       3625
a     178     177       3625
a     178     183       3625
a     179     224        119
a     179     180       3625
a     179     178       3625
a     179     184       3625
a     180     210         36
a     180     179       3625
a     180     185       3625
a     181     205         91
a     181     182       3625
a     181     186       3625
a     181     176       3625
a     182     201         49
a     182     183       3625
a     182     181       3625
a     182     187       3625
a     182     177       3625
a     183     221         60
a     183     184       3625
a     183     182       3625
a     183     188       3625
a     183     178       3625
a     184     222         52
a     184     185       3625
a     184     183       3625
a     184     189       3625
a     184     179       3625
a     185     214         80
a     185     184       3625
a     185     190       3625
a     185     180       3625
a     186     216         77
a     186     187       3625
a     186     191       3625
a     186     181       3625
a     187     213         76
a     187     188       3625
a     187     186       3625
a     187     192       3625
a     187     182       3625
a     188     211         99
a     188     189       3625
a     188     187       3625
a     188     193       3625
a     188     183       3625
a     189     225         74
a     189     190       3625
a     189     188       3625
a     189     194       3625
a     189     184       3625
a     190     206         94
a     190     189       3625
a     190     195       3625
a     190     185       3625
a     191     202         74
a     191     192       3625
a     191     196       3625
a     191     186       3625
a     192     212         38
a     192     193       3625
a     192     191       3625
a     192     197       3625
a     192     187       3625
a     193     217        118
a     193     194       3625
a     193     192       3625
a     193     198       3625
a     193     188       3625
a     194     209        124
a     194     195       3625
a     194     193       3625
a     194     199       3625
a     194     189       3625
a     195     207        113
a     195     194       3625
a     195     200       3625
a     195     190       3625
a     196     220         61
a     196     197       3625
a     196     191       3625
a     197     204         47
a     197     198       3625
a     197     196       3625
a     197     192       3625
a     198     215        109
a     198     199       3625
a     198     197       3625
a     198     193       3625
a     199     208         80
a     199     200       3625
a     199     198       3625
a     199     194       3625
a     200     219        114
a     200     199       3625
a     200     195       3625
a     201     240         41
a     201     202       3625
a     201     206       3625
a     202     247        128
a     202     203       3625
a     202     201       3625
a     202     207       3625
a     203     242        117
a     203     204       3625
a     203     202       3625
a     203     208       3625
a     204     230         69
a     204     205       3625
a     204     203       3625
a     204     209       3625
a     205     229         65
a     205     204       3625
a     205     210       3625
a     206     231        104
a     206     207       3625
a     206     211       3625
a     206     201       3625
a     207     237        125
a     207     208       3625
a     207     206       3625
a     207     212       3625
a     207     202       3625
a     208     246        133
a     208     209       3625
a     208     207       3625
a     208     213       3625
a     208     203       3625
a     209     248        102
a     209     210       3625
a     209     208       3625
a     209     214       3625
a     209     204       3625
a     210     239         40
a     210     209       3625
a     210     215       3625
a     210     205       3625
a     211     241         88
a     211     212       3625
a     211     216       3625
a     211     206       3625
a     212     236         93
a     212     213       3625
a     212     211       3625
a     212     217       3625
a     212     207       3625
a     213     228         85
a     213     214       3625
a     213     212       3625
a     213     218       3625
a     213     208       3625
a     214     243        142
a     214     215       3625
a     214     213       3625
a     214     219       3625
a     214     209       3625
a     215     238        141
a     215     214       3625
a     215     220       3625
a     215     210       3625
a     216     233        122
a     216     217       3625
a     216     221       3625
a     216     211       3625
a     217     227        132
a     217     218       3625
a     217     216       3625
a     217     222       3625
a     217     212       3625
a     218     234         68
a     218     219       3625
a     218     217       3625
a     218     223       3625
a     218     213       3625
a     219     249        100
a     219     220       3625
a     219     218       3625
a     219     224       3625
a     219     214       3625
a     220     226         37
a     220     219       3625
a     220     225       3625
a     220     215       3625
a     221     250        135
a     221     222       3625
a     221     216       3625
a     222     244        128
a     222     223       3625
a     222     221       3625
a     222     217       3625
a     223     235        138
a     223     224       3625
a     223     222       3625
a     223     218       3625
a     224     232        102
a     224     225       3625
a     224     223       3625
a     224     219       3625
a     225     245        110
a     225     224       3625
a     225     220       3625
a     226     261         66
a     226     227       3625
a     226     231       3625
a     227     259         50
a     227     228       3625
a     227     226       3625
a     227     232       3625
a     228     266         75
a     228     229       3625
a     228     227       3625
a     228     233       3625
a     229     254         77
a     229     230       3625
a     229     228       3625
a     229     234       3625
a     230     252         75
a     230     229       3625
a     230     235       3625
a     231     269         84
a     231     232       3625
a     231     236       3625
a     231     226       3625
a     232     256         72
a     232     233       3625
a     232     231       3625
a     232     237       3625
a     232     227       3625
a     233     274        116
a     233     234       3625
a     233     232       3625
a     233     238       3625
a     233     228       3625
a     234     275         94
a     234     235       3625
a     234     233       3625
a     234     239       3625
a     234     229       3625
a     235     272         71
a     235     234       3625
a     235     240       3625
a     235     230       3625
a     236     262         80
a     236     237       3625
a     236     241       3625
a     236     231       3625
a     237     251         80
a     237     238       3625
a     237     236       3625
a     237     242       3625
a     237     232       3625
a     238     260         61
a     238     239       3625
a     238     237       3625
a     238     243       3625
a     238     233       3625
a     239     257        100
a     239     240       3625
a     239     238       3625
a     239     244       3625
a     239     234       3625
a     240     258         90
a     240     239       3625
a     240     245       3625
a     240     235       3625
a     241     255         79
a     241     242       3625
a     241     246       3625
a     241     236       3625
a     242     268        130
a     242     243       3625
a     242     241       3625
a     242     247       3625
a     242     237       3625
a     243     263         86
a     243     244       3625
a     243     242       3625
a     243     248       3625
a     243     238       3625
a     244     271         47
a     244     245       3625
a     244     243       3625
a     244     249       3625
a     244     239       3625
a     245     267         72
a     245     244       3625
a     245     250       3625
a     245     240       3625
a     246     253         66
a     246     247       3625
a     246     241       3625
a     247     264         63
a     247     248       3625
a     247     246       3625
a     247     242       3625
a     248     270         93
a     248     249       3625
a     248     247       3625
a     248     243       3625
a     249     273        118
a     249     250       3625
a     249     248       3625
a     249     244       3625
a     250     265         56
a     250     249       3625
a     250     245       3625
a     251     291         90
a     251     252       3625
a     251     256       3625
a     252     282         59
a     252     253       3625
a     252     251       3625
a     252     257       3625
a     253     292         82
a     253     254       3625
a     253     252       3625
a     253     258       3625
a     254     280         56
a     254     255       3625
a     254     253       3625
a     254     259       3625
a     255     286        135
a     255     254       3625
a     255     260       3625
a     256     288         95
a     256     257       3625
a     256     261       3625
a     256     251       3625
a     257     295        133
a     257     258       3625
a     257     256       3625
a     257     262       3625
a     257     252       3625
a     258     293         97
a     258     259       3625
a     258     257       3625
a     258     263       3625
a     258     253       3625
a     259     277         59
a     259     260       3625
a     259     258       3625
a     259     264       3625
a     259     254       3625
a     260     294         69
a     260     259       3625
a     260     265       3625
a     260     255       3625
a     261     281        101
a     261     262       3625
a     261     266       3625
a     261     256       3625
a     262     278         73
a     262     263       3625
a     262     261       3625
a     262     267       3625
a     262     257       3625
a     263     285        120
a     263     264       3625
a     263     262       3625
a     263     268       3625
a     263     258       3625
a     264     290         45
a     264     265       3625
a     264     263       3625
a     264     269       3625
a     264     259       3625
a     265     299         92
a     265     264       3625
a     265     270       3625
a     265     260       3625
a     266     296        119
a     266     267       3625
a     266     271       3625
a     266     261       3625
a     267     279         81
a     267     268       3625
a     267     266       3625
a     267     272       3625
a     267     262       3625
a     268     284        103
a     268     269       3625
a     268     267       3625
a     268     273       3625
a     268     263       3625
a     269     298        101
a     269     270       3625
a     269     268       3625
a     269     274       3625
a     269     264       3625
a     270     297         55
a     270     269       3625
a     270     275       3625
a     270     265       3625
a     271     283         46
a     271     272       3625
a     271     266       3625
a     272     287         55
a     272     273       3625
a     272     271       3625
a     272     267       3625
a     273     289         59
a     273     274       3625
a     273     272       3625
a     273     268       3625
a     274     300         39
a     274     275       3625
a     274     273       3625
a     274     269       3625
a     275     276         92
a     275     274       3625
a     275     270       3625
a     276     314         97
a     276     277       3625
a     276     281       3625
a     277     307        128
a     277     278       3625
a     277     276       3625
a     277     282       3625
a     278     304         73
a     278     279       3625
a     278     277       3625
a     278     283       3625
a     279     309         64
a     279     280       3625
a     279     278       3625
a     279     284       3625
a     280     305         85
a     280     279       3625
a     280     285       3625
a     281     302         47
a     281     282       3625
a     281     286       3625
a     281     276       3625
a     282     325        143
a     282     283       3625
a     282     281       3625
a     282     287       3625
a     282     277       3625
a     283     317         88
a     283     284       3625
a     283     282       3625
a     283     288       3625
a     283     278       3625
a     284     316         58
a     284     285       3625
a     284     283       3625
a     284     289       3625
a     284     279       3625
a     285     323         75
a     285     284       3625
a     285     290       3625
a     285     280       3625
a     286     303         64
a     286     287       3625
a     286     291       3625
a     286     281       3625
a     287     320        145
a     287     288       3625
a     287     286       3625
a     287     292       3625
a     287     282       3625
a     288     324        101
a     288     289       3625
a     288     287       3625
a     288     293       3625
a     288     283       3625
a     289     308         92
a     289     290       3625
a     289     288       3625
a     289     294       3625
a     289     284       3625
a     290     322         97
a     290     289       3625
a     290     295       3625
a     290     285       3625
a     291     321         73
a     291     292       3625
a     291     296       3625
a     291     286       3625
a     292     312         63
a     292     293       3625
a     292     291       3625
a     292     297       3625
a     292     287       3625
a     293     319         90
a     293     294       3625
a     293     292       3625
a     293     298       3625
a     293     288       3625
a     294     310        112
a     294     295       3625
a     294     293       3625
a     294     299       3625
a     294     289       3625
a     295     315        145
a     295     294       3625
a     295     300       3625
a     295     290       3625
a     296     306        105
a     296     297       3625
a     296     291       3625
a     297     311         70
a     297     298       3625
a     297     296       3625
a     297     292       3625
a     298     301        121
a     298     299       3625
a     298     297       3625
a     298     293       3625
a     299     313         42
a     299     300       3625
a     299     298       3625
a     299     294       3625
a     300     318        139
a     300     299       3625
a     300     295       3625
a     301     332         92
a     301     302       3625
a     301     306       3625
a     302     327        118
a     302     303       3625
a     302     301       3625
a     302     307       3625
a     303     344         65
a     303     304       3625
a     303     302       3625
a     303     308       3625
a     304     348         93
a     304     305       3625
a     304     303       3625
a     304     309       3625
a     305     341        139
a     305     304       3625
a     305     310       3625
a     306     347         89
a     306     307       3625
a     306     311       3625
a     306     301       3625
a     307     326         79
a     307     308       3625
a     307     306       3625
a     307     312       3625
a     307     302       3625
a     308     337        127
a     308     309       3625
a     308     307       3625
a     308     313       3625
a     308     303       3625
a     309     346        140
a     309     310       3625
a     309     308       3625
a     309     314       3625
a     309     304       3625
a     310     335         50
a     310     309       3625
a     310     315       3625
a     310     305       3625
a     311     342         95
a     311     312       3625
a     311     316       3625
a     311     306       3625
a     312     336        133
a     312     313       3625
a     312     311       3625
a     312     317       3625
a     312     307       3625
a     313     349         43
a     313     314       3625
a     313     312       3625
a     313     318       3625
a     313     308       3625
a     314     329         46
a     314     315       3625
a     314     313       3625
a     314     319       3625
a     314     309       3625
a     315     339         97
a     315     314       3625
a     315     320       3625
a     315     310       3625
a     316     340        115
a     316     317       3625
a     316     321       3625
a     316     311       3625
a     317     333         61
a     317     318       3625
a     317     316       3625
a     317     322       3625
a     317     312       3625
a     318     330        106
a     318     319       3625
a     318     317       3625
a     318     323       3625
a     318     313       3625
a     319     338        137
a     319     320       3625
a     319     318       3625
a     319     324       3625
a     319     314       3625
a     320     350         65
a     320     319       3625
a     320     325       3625
a     320     315       3625
a     321     334         81
a     321     322       3625
a     321     316       3625
a     322     345         84
a     322     323       3625
a     322     321       3625
a     322     317       3625
a     323     343        121
a     323     324       3625
a     323     322       3625
a     323     318       3625
a     324     328        126
a     324     325       3625
a     324     323       3625
a     324     319       3625
a     325     331        128
a     325     324       3625
a     325     320       3625
a     326     355         43
a     326     327       3625
a     326     331       3625
a     327     354         54
a     327     328       3625
a     327     326       3625
a     327     332       3625
a     328     356        129
a     328     329       3625
a     328     327       3625
a     328     333       3625
a     329     368        108
a     329     330       3625
a     329     328       3625
a     329     334       3625
a     330     373        109
a     330     329       3625
a     330     335       3625
a     331     372        110
a     331     332       3625
a     331     336       3625
a     331     326       3625
a     332     369        135
a     332     333       3625
a     332     331       3625
a     332     337       3625
a     332     327       3625
a     333     357        100
a     333     334       3625
a     333     332       3625
a     333     338       3625
a     333     328       3625
a     334     360        145
a     334     335       3625
a     334     333       3625
a     334     339       3625
a     334     329       3625
a     335     352        115
a     335     334       3625
a     335     340       3625
a     335     330       3625
a     336     366        133
a     336     337       3625
a     336     341       3625
a     336     331       3625
a     337     364         56
a     337     338       3625
a     337     336       3625
a     337     342       3625
a     337     332       3625
a     338     362         36
a     338     339       3625
a     338     337       3625
a     338     343       3625
a     338     333       3625
a     339     375        123
a     339     340       3625
a     339     338       3625
a     339     344       3625
a     339     334       3625
a     340     358         60
a     340     339       3625
a     340     345       3625
a     340     335       3625
a     341     353        103
a     341     342       3625
a     341     346       3625
a     341     336       3625
a     342     363        145
a     342     343       3625
a     342     341       3625
a     342     347       3625
a     342     337       3625
a     343     361         97
a     343     344       3625
a     343     342       3625
a     343     348       3625
a     343     338       3625
a     344     351         64
a     344     345       3625
a     344     343       3625
a     344     349       3625
a     344     339       3625
a     345     365         91
a     345     344       3625
a     345     350       3625
a     345     340       3625
a     346     371        107
a     346     347       3625
a     346     341       3625
a     347     374         75
a     347     348       3625
a     347     346       3625
a     347     342       3625
a     348     367         92
a     348     349       3625
a     348     347       3625
a     348     343       3625
a     349     359         59
a     349     350       3625
a     349     348       3625
a     349     344       3625
a     350     370         40
a     350     349       3625
a     350     345       3625
a     351     376         82
a     351     352       3625
a     351     356       3625
a     352     396         76
a     352     353       3625
a     352     351       3625
a     352     357       3625
a     353     399        110
a     353     354       3625
a     353     352       3625
a     353     358       3625
a     354     393         84
a     354     355       3625
a     354     353       3625
a     354     359       3625
a     355     391         71
a     355     354       3625
a     355     360       3625
a     356     400        143
a     356     357       3625
a     356     361       3625
a     356     351       3625
a     357     383         75
a     357     358       3625
a     357     356       3625
a     357     362       3625
a     357     352       3625
a     358     390         72
a     358     359       3625
a     358     357       3625
a     358     363       3625
a     358     353       3625
a     359     397        137
a     359     360       3625
a     359     358       3625
a     359     364       3625
a     359     354       3625
a     360     394         63
a     360     359       3625
a     360     365       3625
a     360     355       3625
a     361     379         91
a     361     362       3625
a     361     366       3625
a     361     356       3625
a     362     377         81
a     362     363       3625
a     362     361       3625
a     362     367       3625
a     362     357       3625
a     363     378         70
a     363     364       3625
a     363     362       3625
a     363     368       3625
a     363     358       3625
a     364     389         96
a     364     365       3625
a     364     363       3625
a     364     369       3625
a     364     359       3625
a     365     386         52
a     365     364       3625
a     365     370       3625
a     365     360       3625
a     366     388        141
a     366     367       3625
a     366     371       3625
a     366     361       3625
a     367     381         89
a     367     368       3625
a     367     366       3625
a     367     372       3625
a     367     362       3625
a     368     392        115
a     368     369       3625
a     368     367       3625
a     368     373       3625
a     368     363       3625
a     369     384        128
a     369     370       3625
a     369     368       3625
a     369     374       3625
a     369     364       3625
a     370     380         68
a     370     369       3625
a     370     375       3625
a     370     365       3625
a     371     382         54
a     371     372       3625
a     371     366       3625
a     372     398         80
a     372     373       3625
a     372     371       3625
a     372     367       3625
a     373     395         42
a     373     374       3625
a     373     372       3625
a     373     368       3625
a     374     387         37
a     374     375       3625
a     374     373       3625
a     374     369       3625
a     375     385         47
a     375     374       3625
a     375     370       3625
a     376     404         52
a     376     377       3625
a     376     381       3625
a     377     419         88
a     377     378       3625
a     377     376       3625
a     377     382       3625
a     378     421         74
a     378     379       3625
a     378     377       3625
a     378     383       3625
a     379     417         38
a     379     380       3625
a     379     378       3625
a     379     384       3625
a     380     402         92
a     380     379       3625
a     380     385       3625
a     381     406         40
a     381     382       3625
a     381     386       3625
a     381     376       3625
a     382     408         41
a     382     383       3625
a     382     381       3625
a     382     387       3625
a     382     377       3625
a     383     401        129
a     383     384       3625
a     383     382       3625
a     383     388       3625
a     383     378       3625
a     384     416        112
a     384     385       3625
a     384     383       3625
a     384     389       3625
a     384     379       3625
a     385     409        123
a     385     384       3625
a     385     390       3625
a     385     380       3625
a     386     413         81
a     386     387       3625
a     386     391       3625
a     386     381       3625
a     387     415         53
a     387     388       3625
a     387     386       3625
a     387     392       3625
a     387     382       3625
a     388     425         44
a     388     389       3625
a     388     387       3625
a     388     393       3625
a     388     383       3625
a     389     412         55
a     389     390       3625
a     389     388       3625
a     389     394       3625
a     389     384       3625
a     390     420         86
a     390     389       3625
a     390     395       3625
a     390     385       3625
a     391     422        114
a     391     392       3625
a     391     396       3625
a     391     386       3625
a     392     424         96
a     392     393       3625
a     392     391       3625
a     392     397       3625
a     392     387       3625
a     393     418         85
a     393     394       3625
a     393     392       3625
a     393     398       3625
a     393     388       3625
a     394     403        122
a     394     395       3625
a     394     393       3625
a     394     399       3625
a     394     389       3625
a     395     407         80
a     395     394       3625
a     395     400       3625
a     395     390       3625
a     396     411         81
a     396     397       3625
a     396     391       3625
a     397     414         37
a     397     398       3625
a     397     396       3625
a     397     392       3625
a     398     405        100
a     398     399       3625
a     398     397       3625
a     398     393       3625
a     399     423        125
a     399     400       3625
a     399     398       3625
a     399     394       3625
a     400     410         51
a     400     399       3625
a     400     395       3625
a     401     439         59
a     401     402       3625
a     401     406       3625
a     402     438         81
a     402     403       3625
a     402     401       3625
a     402     407       3625
a     403     448         92
a     403     404       3625
a     403     402       3625
a     403     408       3625
a     404     429         49
a     404     405       3625
a     404     403       3625
a     404     409       3625
a     405     444        131
a     405     404       3625
a     405     410       3625
a     406     433        115
a     406     407       3625
a     406     411       3625
a     406     401       3625
a     407     440         44
a     407     408       3625
a     407     406       3625
a     407     412       3625
a     407     402       3625
a     408     436        111
a     408     409       3625
a     408     407       3625
a     408     413       3625
a     408     403       3625
a     409     441        140
a     409     410       3625
a     409     408       3625
a     409     414       3625
a     409     404       3625
a     410     443         95
a     410     409       3625
a     410     415       3625
a     410     405       3625
a     411     435        141
a     411     412       3625
a     411     416       3625
a     411     406       3625
a     412     434        109
a     412     413       3625
a     412     411       3625
a     412     417       3625
a     412     407       3625
a     413     432        121
a     413     414       3625
a     413     412       3625
a     413     418       3625
a     413     408       3625
a     414     445         76
a     414     415       3625
a     414     413       3625
a     414     419       3625
a     414     409       3625
a     415     446         62
a     415     414       3625
a     415     420       3625
a     415     410       3625
a     416     442         90
a     416     417       3625
a     416     421       3625
a     416     411       3625
a     417     449        106
a     417     418       3625
a     417     416       3625
a     417     422       3625
a     417     412       3625
a     418     427         36
a     418     419       3625
a     418     417       3625
a     418     423       3625
a     418     413       3625
a     419     431         87
a     419     420       3625
a     419     418       3625
a     419     424       3625
a     419     414       3625
a     420     447        134
a     420     419       3625
a     420     425       3625
a     420     415       3625
a     421     428        139
a     421     422       3625
a     421     416       3625
a     422     426         47
a     422     423       3625
a     422     421       3625
a     422     417       3625
a     423     437        136
a     423     424       3625
a     423     422       3625
a     423     418       3625
a     424     450        126
a     424     425       3625
a     424     423       3625
a     424     419       3625
a     425     430         78
a     425     424       3625
a     425     420       3625
a     426     468         55
a     426     427       3625
a     426     431       3625
a     427     458         98
a     427     428       3625
a     427     426       3625
a     427     432       3625
a     428     471        138
a     428     429       3625
a     428     427       3625
a     428     433       3625
a     429     465         42
a     429     430       3625
a     429     428       3625
a     429     434       3625
a     430     466         45
a     430     429       3625
a     430     435       3625
a     431     467        118
a     431     432       3625
a     431     436       3625
a     431     426       3625
a     432     473         54
a     432     433       3625
a     432     431       3625
a     432     437       3625
a     432     427       3625
a     433     454        124
a     433     434       3625
a     433     432       3625
a     433     438       3625
a     433     428       3625
a     434     470         71
a     434     435       3625
a     434     433       3625
a     434     439       3625
a     434     429       3625
a     435     462        103
a     435     434       3625
a     435     440       3625
a     435     430       3625
a     436     463        138
a     436     437       3625
a     436     441       3625
a     436     431       3625
a     437     464         59
a     437     438       3625
a     437     436       3625
a     437     442       3625
a     437     432       3625
a     438     461        128
a     438     439       3625
a     438     437       3625
a     438     443       3625
a     438     433       3625
a     439     459        111
a     439     440       3625
a     439     438       3625
a     439     444       3625
a     439     434       3625
a     440     451         36
a     440     439       3625
a     440     445       3625
a     440     435       3625
a     441     460        126
a     441     442       3625
a     441     446       3625
a     441     436       3625
a     442     452        132
a     442     443       3625
a     442     441       3625
a     442     447       3625
a     442     437       3625
a     443     469         36
a     443     444       3625
a     443     442       3625
a     443     448       3625
a     443     438       3625
a     444     475         66
a     444     445       3625
a     444     443       3625
a     444     449       3625
a     444     439       3625
a     445     472         67
a     445     444       3625
a     445     450       3625
a     445     440       3625
a     446     474        121
a     446     447       3625
a     446     441       3625
a     447     457        133
a     447     448       3625
a     447     446       3625
a     447     442       3625
a     448     456        130
a     448     449       3625
a     448     447       3625
a     448     443       3625
a     449     455         49
a     449     450       3625
a     449     448       3625
a     449     444       3625
a     450     453         97
a     450     449       3625
a     450     445       3625
a     451     452       3625
a     451     456       3625
a     452     453       3625
a     452     451       3625
a     452     457       3625
a     453     454       3625
a     453     452       3625
a     453     458       3625
a     454     455       3625
a     454     453       3625
a     454     459       3625
a     455     454       3625
a     455     460       3625
a     456     457       3625
a     456     461       3625
a     456     451       3625
a     457     458       3625
a     457     456       3625
a     457     462       3625
a     457     452       3625
a     458     459       3625
a     458     457       3625
a     458     463       3625
a     458     453       3625
a     459     460       3625
a     459     458       3625
a     459     464       3625
a     459     454       3625
a     460     459       3625
a     460     465       3625
a     460     455       3625
a     461     462       3625
a     461     466       3625
a     461     456       3625
a     462     463       3625
a     462     461       3625
a     462     467       3625
a     462     457       3625
a     463     464       3625
a     463     462       3625
a     463     468       3625
a     463     458       3625
a     464     465       3625
a     464     463       3625
a     464     469       3625
a     464     459       3625
a     465     464       3625
a     465     470       3625
a     465     460       3625
a     466     467       3625
a     466     471       3625
a     466     461       3625
a     467     468       3625
a     467     466       3625
a     467     472       3625
a     467     462       3625
a     468     469       3625
a     468     467       3625
a     468     473       3625
a     468     463       3625
a     469     470       3625
a     469     468       3625
a     469     474       3625
a     469     464       3625
a     470     469       3625
a     470     475       3625
a     470     465       3625
a     471     472       3625
a     471     466       3625
a     472     473       3625
a     472     471       3625
a     472     467       3625
a     473     474       3625
a     473     472       3625
a     473     468       3625
a     474     475       3625
a     474     473       3625
a     474     469       3625
a     475     474       3625
a     475     470       3625
