c This file was generated by genrmf.
c The parameters are: a: 7 b: 5 c1: 202 c2: 1620 seed: 1666103673
p max     245       1036
n       1 s
n     245 t
a       1      54        724
a       1       2      79380
a       1       8      79380
a       2      59        832
a       2       3      79380
a       2       1      79380
a       2       9      79380
a       3      51        513
a       3       4      79380
a       3       2      79380
a       3      10      79380
a       4      89        451
a       4       5      79380
a       4       3      79380
a       4      11      79380
a       5      53        680
a       5       6      79380
a       5       4      79380
a       5      12      79380
a       6      82        802
a       6       7      79380
a       6       5      79380
a       6      13      79380
a       7      76       1553
a       7       6      79380
a       7      14      79380
a       8      58       1264
a       8       9      79380
a       8      15      79380
a       8       1      79380
a       9      91        973
a       9      10      79380
a       9       8      79380
a       9      16      79380
a       9       2      79380
a      10      72        284
a      10      11      79380
a      10       9      79380
a      10      17      79380
a      10       3      79380
a      11      57       1222
a      11      12      79380
a      11      10      79380
a      11      18      79380
a      11       4      79380
a      12      74       1061
a      12      13      79380
a      12      11      79380
a      12      19      79380
a      12       5      79380
a      13      73        828
a      13      14      79380
a      13      12      79380
a      13      20      79380
a      13       6      79380
a      14      92        258
a      14      13      79380
a      14      21      79380
a      14       7      79380
a      15      94        825
a      15      16      79380
a      15      22      79380
a      15       8      79380
a      16      65        339
a      16      17      79380
a      16      15      79380
a      16      23      79380
a      16       9      79380
a      17      56        765
a      17      18      79380
a      17      16      79380
a      17      24      79380
a      17      10      79380
a      18      96        387
a      18      19      79380
a      18      17      79380
a      18      25      79380
a      18      11      79380
a      19      83        408
a      19      20      79380
a      19      18      79380
a      19      26      79380
a      19      12      79380
a      20      61       1466
a      20      21      79380
a      20      19      79380
a      20      27      79380
a      20      13      79380
a      21      62        635
a      21      20      79380
a      21      28      79380
a      21      14      79380
a      22      86        646
a      22      23      79380
a      22      29      79380
a      22      15      79380
a      23      85       1220
a      23      24      79380
a      23      22      79380
a      23      30      79380
a      23      16      79380
a      24      75        695
a      24      25      79380
a      24      23      79380
a      24      31      79380
a      24      17      79380
a      25      98       1181
a      25      26      79380
a      25      24      79380
a      25      32      79380
a      25      18      79380
a      26      90       1560
a      26      27      79380
a      26      25      79380
a      26      33      79380
a      26      19      79380
a      27      52       1338
a      27      28      79380
a      27      26      79380
a      27      34      79380
a      27      20      79380
a      28      80       1012
a      28      27      79380
a      28      35      79380
a      28      21      79380
a      29      93       1591
a      29      30      79380
a      29      36      79380
a      29      22      79380
a      30      55        260
a      30      31      79380
a      30      29      79380
a      30      37      79380
a      30      23      79380
a      31      71       1591
a      31      32      79380
a      31      30      79380
a      31      38      79380
a      31      24      79380
a      32      95        295
a      32      33      79380
a      32      31      79380
a      32      39      79380
a      32      25      79380
a      33      63       1246
a      33      34      79380
a      33      32      79380
a      33      40      79380
a      33      26      79380
a      34      77       1022
a      34      35      79380
a      34      33      79380
a      34      41      79380
a      34      27      79380
a      35      87       1609
a      35      34      79380
a      35      42      79380
a      35      28      79380
a      36      50        309
a      36      37      79380
a      36      43      79380
a      36      29      79380
a      37      68       1095
a      37      38      79380
a      37      36      79380
a      37      44      79380
a      37      30      79380
a      38      97       1133
a      38      39      79380
a      38      37      79380
a      38      45      79380
a      38      31      79380
a      39      60       1508
a      39      40      79380
a      39      38      79380
a      39      46      79380
a      39      32      79380
a      40      64       1518
a      40      41      79380
a      40      39      79380
a      40      47      79380
a      40      33      79380
a      41      84       1331
a      41      42      79380
a      41      40      79380
a      41      48      79380
a      41      34      79380
a      42      88        675
a      42      41      79380
a      42      49      79380
a      42      35      79380
a      43      70        352
a      43      44      79380
a      43      36      79380
a      44      67        374
a      44      45      79380
a      44      43      79380
a      44      37      79380
a      45      66       1101
a      45      46      79380
a      45      44      79380
a      45      38      79380
a      46      79        684
a      46      47      79380
a      46      45      79380
a      46      39      79380
a      47      81        561
a      47      48      79380
a      47      46      79380
a      47      40      79380
a      48      69        457
a      48      49      79380
a      48      47      79380
a      48      41      79380
a      49      78        600
a      49      48      79380
a      49      42      79380
a      50      99        983
a      50      51      79380
a      50      57      79380
a      51     146       1061
a      51      52      79380
a      51      50      79380
a      51      58      79380
a      52     127        414
a      52      53      79380
a      52      51      79380
a      52      59      79380
a      53     104       1527
a      53      54      79380
a      53      52      79380
a      53      60      79380
a      54     139        786
a      54      55      79380
a      54      53      79380
a      54      61      79380
a      55     133        528
a      55      56      79380
a      55      54      79380
a      55      62      79380
a      56     145       1614
a      56      55      79380
a      56      63      79380
a      57     121        626
a      57      58      79380
a      57      64      79380
a      57      50      79380
a      58     125        608
a      58      59      79380
a      58      57      79380
a      58      65      79380
a      58      51      79380
a      59     142        761
a      59      60      79380
a      59      58      79380
a      59      66      79380
a      59      52      79380
a      60     115        728
a      60      61      79380
a      60      59      79380
a      60      67      79380
a      60      53      79380
a      61     126       1303
a      61      62      79380
a      61      60      79380
a      61      68      79380
a      61      54      79380
a      62     129        331
a      62      63      79380
a      62      61      79380
a      62      69      79380
a      62      55      79380
a      63     111       1221
a      63      62      79380
a      63      70      79380
a      63      56      79380
a      64     124        412
a      64      65      79380
a      64      71      79380
a      64      57      79380
a      65     136       1542
a      65      66      79380
a      65      64      79380
a      65      72      79380
a      65      58      79380
a      66     118        792
a      66      67      79380
a      66      65      79380
a      66      73      79380
a      66      59      79380
a      67     107        381
a      67      68      79380
a      67      66      79380
a      67      74      79380
a      67      60      79380
a      68     112       1242
a      68      69      79380
a      68      67      79380
a      68      75      79380
a      68      61      79380
a      69     105        636
a      69      70      79380
a      69      68      79380
a      69      76      79380
a      69      62      79380
a      70     114       1376
a      70      69      79380
a      70      77      79380
a      70      63      79380
a      71     106       1222
a      71      72      79380
a      71      78      79380
a      71      64      79380
a      72     119       1248
a      72      73      79380
a      72      71      79380
a      72      79      79380
a      72      65      79380
a      73     109       1180
a      73      74      79380
a      73      72      79380
a      73      80      79380
a      73      66      79380
a      74     100       1519
a      74      75      79380
a      74      73      79380
a      74      81      79380
a      74      67      79380
a      75     141       1454
a      75      76      79380
a      75      74      79380
a      75      82      79380
a      75      68      79380
a      76     110        609
a      76      77      79380
a      76      75      79380
a      76      83      79380
a      76      69      79380
a      77     117       1009
a      77      76      79380
a      77      84      79380
a      77      70      79380
a      78     116       1478
a      78      79      79380
a      78      85      79380
a      78      71      79380
a      79     134        936
a      79      80      79380
a      79      78      79380
a      79      86      79380
a      79      72      79380
a      80     144       1089
a      80      81      79380
a      80      79      79380
a      80      87      79380
a      80      73      79380
a      81     123        645
a      81      82      79380
a      81      80      79380
a      81      88      79380
a      81      74      79380
a      82     103        610
a      82      83      79380
a      82      81      79380
a      82      89      79380
a      82      75      79380
a      83     135        789
a      83      84      79380
a      83      82      79380
a      83      90      79380
a      83      76      79380
a      84     137       1392
a      84      83      79380
a      84      91      79380
a      84      77      79380
a      85     101        420
a      85      86      79380
a      85      92      79380
a      85      78      79380
a      86     130        620
a      86      87      79380
a      86      85      79380
a      86      93      79380
a      86      79      79380
a      87     108        700
a      87      88      79380
a      87      86      79380
a      87      94      79380
a      87      80      79380
a      88     102       1600
a      88      89      79380
a      88      87      79380
a      88      95      79380
a      88      81      79380
a      89     128       1053
a      89      90      79380
a      89      88      79380
a      89      96      79380
a      89      82      79380
a      90     138        777
a      90      91      79380
a      90      89      79380
a      90      97      79380
a      90      83      79380
a      91     122       1097
a      91      90      79380
a      91      98      79380
a      91      84      79380
a      92     132        219
a      92      93      79380
a      92      85      79380
a      93     143        733
a      93      94      79380
a      93      92      79380
a      93      86      79380
a      94     131       1086
a      94      95      79380
a      94      93      79380
a      94      87      79380
a      95     140        901
a      95      96      79380
a      95      94      79380
a      95      88      79380
a      96     147       1225
a      96      97      79380
a      96      95      79380
a      96      89      79380
a      97     120        498
a      97      98      79380
a      97      96      79380
a      97      90      79380
a      98     113       1446
a      98      97      79380
a      98      91      79380
a      99     195        679
a      99     100      79380
a      99     106      79380
a     100     152        366
a     100     101      79380
a     100      99      79380
a     100     107      79380
a     101     174        945
a     101     102      79380
a     101     100      79380
a     101     108      79380
a     102     179        232
a     102     103      79380
a     102     101      79380
a     102     109      79380
a     103     182       1224
a     103     104      79380
a     103     102      79380
a     103     110      79380
a     104     175        808
a     104     105      79380
a     104     103      79380
a     104     111      79380
a     105     160        394
a     105     104      79380
a     105     112      79380
a     106     153        711
a     106     107      79380
a     106     113      79380
a     106      99      79380
a     107     191       1302
a     107     108      79380
a     107     106      79380
a     107     114      79380
a     107     100      79380
a     108     184       1337
a     108     109      79380
a     108     107      79380
a     108     115      79380
a     108     101      79380
a     109     154        838
a     109     110      79380
a     109     108      79380
a     109     116      79380
a     109     102      79380
a     110     187       1141
a     110     111      79380
a     110     109      79380
a     110     117      79380
a     110     103      79380
a     111     161       1138
a     111     112      79380
a     111     110      79380
a     111     118      79380
a     111     104      79380
a     112     167       1384
a     112     111      79380
a     112     119      79380
a     112     105      79380
a     113     173       1078
a     113     114      79380
a     113     120      79380
a     113     106      79380
a     114     150        677
a     114     115      79380
a     114     113      79380
a     114     121      79380
a     114     107      79380
a     115     185        738
a     115     116      79380
a     115     114      79380
a     115     122      79380
a     115     108      79380
a     116     158       1471
a     116     117      79380
a     116     115      79380
a     116     123      79380
a     116     109      79380
a     117     189        739
a     117     118      79380
a     117     116      79380
a     117     124      79380
a     117     110      79380
a     118     196       1600
a     118     119      79380
a     118     117      79380
a     118     125      79380
a     118     111      79380
a     119     176       1195
a     119     118      79380
a     119     126      79380
a     119     112      79380
a     120     156        272
a     120     121      79380
a     120     127      79380
a     120     113      79380
a     121     190       1237
a     121     122      79380
a     121     120      79380
a     121     128      79380
a     121     114      79380
a     122     192        485
a     122     123      79380
a     122     121      79380
a     122     129      79380
a     122     115      79380
a     123     171        435
a     123     124      79380
a     123     122      79380
a     123     130      79380
a     123     116      79380
a     124     151        650
a     124     125      79380
a     124     123      79380
a     124     131      79380
a     124     117      79380
a     125     163        435
a     125     126      79380
a     125     124      79380
a     125     132      79380
a     125     118      79380
a     126     180        745
a     126     125      79380
a     126     133      79380
a     126     119      79380
a     127     148       1590
a     127     128      79380
a     127     134      79380
a     127     120      79380
a     128     157        756
a     128     129      79380
a     128     127      79380
a     128     135      79380
a     128     121      79380
a     129     186       1394
a     129     130      79380
a     129     128      79380
a     129     136      79380
a     129     122      79380
a     130     193        531
a     130     131      79380
a     130     129      79380
a     130     137      79380
a     130     123      79380
a     131     169        981
a     131     132      79380
a     131     130      79380
a     131     138      79380
a     131     124      79380
a     132     159        577
a     132     133      79380
a     132     131      79380
a     132     139      79380
a     132     125      79380
a     133     178        932
a     133     132      79380
a     133     140      79380
a     133     126      79380
a     134     172       1120
a     134     135      79380
a     134     141      79380
a     134     127      79380
a     135     181       1116
a     135     136      79380
a     135     134      79380
a     135     142      79380
a     135     128      79380
a     136     162       1351
a     136     137      79380
a     136     135      79380
a     136     143      79380
a     136     129      79380
a     137     149       1306
a     137     138      79380
a     137     136      79380
a     137     144      79380
a     137     130      79380
a     138     155       1329
a     138     139      79380
a     138     137      79380
a     138     145      79380
a     138     131      79380
a     139     188       1519
a     139     140      79380
a     139     138      79380
a     139     146      79380
a     139     132      79380
a     140     194        678
a     140     139      79380
a     140     147      79380
a     140     133      79380
a     141     166        751
a     141     142      79380
a     141     134      79380
a     142     165       1307
a     142     143      79380
a     142     141      79380
a     142     135      79380
a     143     183       1170
a     143     144      79380
a     143     142      79380
a     143     136      79380
a     144     177       1074
a     144     145      79380
a     144     143      79380
a     144     137      79380
a     145     168        911
a     145     146      79380
a     145     144      79380
a     145     138      79380
a     146     170        605
a     146     147      79380
a     146     145      79380
a     146     139      79380
a     147     164       1163
a     147     146      79380
a     147     140      79380
a     148     205        808
a     148     149      79380
a     148     155      79380
a     149     229        931
a     149     150      79380
a     149     148      79380
a     149     156      79380
a     150     220        518
a     150     151      79380
a     150     149      79380
a     150     157      79380
a     151     225       1398
a     151     152      79380
a     151     150      79380
a     151     158      79380
a     152     204       1250
a     152     153      79380
a     152     151      79380
a     152     159      79380
a     153     232       1452
a     153     154      79380
a     153     152      79380
a     153     160      79380
a     154     240        848
a     154     153      79380
a     154     161      79380
a     155     223       1418
a     155     156      79380
a     155     162      79380
a     155     148      79380
a     156     217        331
a     156     157      79380
a     156     155      79380
a     156     163      79380
a     156     149      79380
a     157     230        905
a     157     158      79380
a     157     156      79380
a     157     164      79380
a     157     150      79380
a     158     200        481
a     158     159      79380
a     158     157      79380
a     158     165      79380
a     158     151      79380
a     159     218       1516
a     159     160      79380
a     159     158      79380
a     159     166      79380
a     159     152      79380
a     160     207       1297
a     160     161      79380
a     160     159      79380
a     160     167      79380
a     160     153      79380
a     161     197        232
a     161     160      79380
a     161     168      79380
a     161     154      79380
a     162     214        668
a     162     163      79380
a     162     169      79380
a     162     155      79380
a     163     231       1500
a     163     164      79380
a     163     162      79380
a     163     170      79380
a     163     156      79380
a     164     213       1375
a     164     165      79380
a     164     163      79380
a     164     171      79380
a     164     157      79380
a     165     209        222
a     165     166      79380
a     165     164      79380
a     165     172      79380
a     165     158      79380
a     166     244        911
a     166     167      79380
a     166     165      79380
a     166     173      79380
a     166     159      79380
a     167     212        824
a     167     168      79380
a     167     166      79380
a     167     174      79380
a     167     160      79380
a     168     216        901
a     168     167      79380
a     168     175      79380
a     168     161      79380
a     169     199       1452
a     169     170      79380
a     169     176      79380
a     169     162      79380
a     170     222        517
a     170     171      79380
a     170     169      79380
a     170     177      79380
a     170     163      79380
a     171     227        544
a     171     172      79380
a     171     170      79380
a     171     178      79380
a     171     164      79380
a     172     236       1253
a     172     173      79380
a     172     171      79380
a     172     179      79380
a     172     165      79380
a     173     202        693
a     173     174      79380
a     173     172      79380
a     173     180      79380
a     173     166      79380
a     174     239       1450
a     174     175      79380
a     174     173      79380
a     174     181      79380
a     174     167      79380
a     175     206        773
a     175     174      79380
a     175     182      79380
a     175     168      79380
a     176     203       1345
a     176     177      79380
a     176     183      79380
a     176     169      79380
a     177     242       1465
a     177     178      79380
a     177     176      79380
a     177     184      79380
a     177     170      79380
a     178     243       1168
a     178     179      79380
a     178     177      79380
a     178     185      79380
a     178     171      79380
a     179     237       1278
a     179     180      79380
a     179     178      79380
a     179     186      79380
a     179     172      79380
a     180     224        207
a     180     181      79380
a     180     179      79380
a     180     187      79380
a     180     173      79380
a     181     245        914
a     181     182      79380
a     181     180      79380
a     181     188      79380
a     181     174      79380
a     182     233        379
a     182     181      79380
a     182     189      79380
a     182     175      79380
a     183     234        514
a     183     184      79380
a     183     190      79380
a     183     176      79380
a     184     238        416
a     184     185      79380
a     184     183      79380
a     184     191      79380
a     184     177      79380
a     185     201        772
a     185     186      79380
a     185     184      79380
a     185     192      79380
a     185     178      79380
a     186     210        738
a     186     187      79380
a     186     185      79380
a     186     193      79380
a     186     179      79380
a     187     228        719
a     187     188      79380
a     187     186      79380
a     187     194      79380
a     187     180      79380
a     188     226       1020
a     188     189      79380
a     188     187      79380
a     188     195      79380
a     188     181      79380
a     189     208        699
a     189     188      79380
a     189     196      79380
a     189     182      79380
a     190     215        952
a     190     191      79380
a     190     183      79380
a     191     198        704
a     191     192      79380
a     191     190      79380
a     191     184      79380
a     192     241        234
a     192     193      79380
a     192     191      79380
a     192     185      79380
a     193     221       1269
a     193     194      79380
a     193     192      79380
a     193     186      79380
a     194     211       1345
a     194     195      79380
a     194     193      79380
a     194     187      79380
a     195     235       1207
a     195     196      79380
a     195     194      79380
a     195     188      79380
a     196     219        532
a     196     195      79380
a     196     189      79380
a     197     198      79380
a     197     204      79380
a     198     199      79380
a     198     197      79380
a     198     205      79380
a     199     200      79380
a     199     198      79380
a     199     206      79380
a     200     201      79380
a     200     199      79380
a     200     207      79380
a     201     202      79380
a     201     200      79380
a     201     208      79380
a     202     203      79380
a     202     201      79380
a     202     209      79380
a     203     202      79380
a     203     210      79380
a     204     205      79380
a     204     211      79380
a     204     197      79380
a     205     206      79380
a     205     204      79380
a     205     212      79380
a     205     198      79380
a     206     207      79380
a     206     205      79380
a     206     213      79380
a     206     199      79380
a     207     208      79380
a     207     206      79380
a     207     214      79380
a     207     200      79380
a     208     209      79380
a     208     207      79380
a     208     215      79380
a     208     201      79380
a     209     210      79380
a     209     208      79380
a     209     216      79380
a     209     202      79380
a     210     209      79380
a     210     217      79380
a     210     203      79380
a     211     212      79380
a     211     218      79380
a     211     204      79380
a     212     213      79380
a     212     211      79380
a     212     219      79380
a     212     205      79380
a     213     214      79380
a     213     212      79380
a     213     220      79380
a     213     206      79380
a     214     215      79380
a     214     213      79380
a     214     221      79380
a     214     207      79380
a     215     216      79380
a     215     214      79380
a     215     222      79380
a     215     208      79380
a     216     217      79380
a     216     215      79380
a     216     223      79380
a     216     209      79380
a     217     216      79380
a     217     224      79380
a     217     210      79380
a     218     219      79380
a     218     225      79380
a     218     211      79380
a     219     220      79380
a     219     218      79380
a     219     226      79380
a     219     212      79380
a     220     221      79380
a     220     219      79380
a     220     227      79380
a     220     213      79380
a     221     222      79380
a     221     220      79380
a     221     228      79380
a     221     214      79380
a     222     223      79380
a     222     221      79380
a     222     229      79380
a     222     215      79380
a     223     224      79380
a     223     222      79380
a     223     230      79380
a     223     216      79380
a     224     223      79380
a     224     231      79380
a     224     217      79380
a     225     226      79380
a     225     232      79380
a     225     218      79380
a     226     227      79380
a     226     225      79380
a     226     233      79380
a     226     219      79380
a     227     228      79380
a     227     226      79380
a     227     234      79380
a     227     220      79380
a     228     229      79380
a     228     227      79380
a     228     235      79380
a     228     221      79380
a     229     230      79380
a     229     228      79380
a     229     236      79380
a     229     222      79380
a     230     231      79380
a     230     229      79380
a     230     237      79380
a     230     223      79380
a     231     230      79380
a     231     238      79380
a     231     224      79380
a     232     233      79380
a     232     239      79380
a     232     225      79380
a     233     234      79380
a     233     232      79380
a     233     240      79380
a     233     226      79380
a     234     235      79380
a     234     233      79380
a     234     241      79380
a     234     227      79380
a     235     236      79380
a     235     234      79380
a     235     242      79380
a     235     228      79380
a     236     237      79380
a     236     235      79380
a     236     243      79380
a     236     229      79380
a     237     238      79380
a     237     236      79380
a     237     244      79380
a     237     230      79380
a     238     237      79380
a     238     245      79380
a     238     231      79380
a     239     240      79380
a     239     232      79380
a     240     241      79380
a     240     239      79380
a     240     233      79380
a     241     242      79380
a     241     240      79380
a     241     234      79380
a     242     243      79380
a     242     241      79380
a     242     235      79380
a     243     244      79380
a     243     242      79380
a     243     236      79380
a     244     245      79380
a     244     243      79380
a     244     237      79380
a     245     244      79380
a     245     238      79380
