c This file was generated by genrmf.
c The parameters are: a: 10 b: 7 c1: 235 c2: 471 seed: 1666103673
p max     700       3120
n       1 s
n     700 t
a       1     110        470
a       1       2      47100
a       1      11      47100
a       2     120        372
a       2       3      47100
a       2       1      47100
a       2      12      47100
a       3     118        348
a       3       4      47100
a       3       2      47100
a       3      13      47100
a       4     181        427
a       4       5      47100
a       4       3      47100
a       4      14      47100
a       5     104        297
a       5       6      47100
a       5       4      47100
a       5      15      47100
a       6     164        246
a       6       7      47100
a       6       5      47100
a       6      16      47100
a       7     151        290
a       7       8      47100
a       7       6      47100
a       7      17      47100
a       8     101        353
a       8       9      47100
a       8       7      47100
a       8      18      47100
a       9     183        446
a       9      10      47100
a       9       8      47100
a       9      19      47100
a      10     140        375
a      10       9      47100
a      10      20      47100
a      11     182        336
a      11      12      47100
a      11      21      47100
a      11       1      47100
a      12     144        286
a      12      13      47100
a      12      11      47100
a      12      22      47100
a      12       2      47100
a      13     139        296
a      13      14      47100
a      13      12      47100
a      13      23      47100
a      13       3      47100
a      14     184        371
a      14      15      47100
a      14      13      47100
a      14      24      47100
a      14       4      47100
a      15     190        459
a      15      16      47100
a      15      14      47100
a      15      25      47100
a      15       5      47100
a      16     103        320
a      16      17      47100
a      16      15      47100
a      16      26      47100
a      16       6      47100
a      17     142        343
a      17      18      47100
a      17      16      47100
a      17      27      47100
a      17       7      47100
a      18     193        462
a      18      19      47100
a      18      17      47100
a      18      28      47100
a      18       8      47100
a      19     159        353
a      19      20      47100
a      19      18      47100
a      19      29      47100
a      19       9      47100
a      20     136        431
a      20      19      47100
a      20      30      47100
a      20      10      47100
a      21     131        419
a      21      22      47100
a      21      31      47100
a      21      11      47100
a      22     165        377
a      22      23      47100
a      22      21      47100
a      22      32      47100
a      22      12      47100
a      23     161        468
a      23      24      47100
a      23      22      47100
a      23      33      47100
a      23      13      47100
a      24     132        327
a      24      25      47100
a      24      23      47100
a      24      34      47100
a      24      14      47100
a      25     199        456
a      25      26      47100
a      25      24      47100
a      25      35      47100
a      25      15      47100
a      26     174        334
a      26      27      47100
a      26      25      47100
a      26      36      47100
a      26      16      47100
a      27     157        414
a      27      28      47100
a      27      26      47100
a      27      37      47100
a      27      17      47100
a      28     138        389
a      28      29      47100
a      28      27      47100
a      28      38      47100
a      28      18      47100
a      29     105        258
a      29      30      47100
a      29      28      47100
a      29      39      47100
a      29      19      47100
a      30     117        274
a      30      29      47100
a      30      40      47100
a      30      20      47100
a      31     153        284
a      31      32      47100
a      31      41      47100
a      31      21      47100
a      32     188        400
a      32      33      47100
a      32      31      47100
a      32      42      47100
a      32      22      47100
a      33     126        356
a      33      34      47100
a      33      32      47100
a      33      43      47100
a      33      23      47100
a      34     146        445
a      34      35      47100
a      34      33      47100
a      34      44      47100
a      34      24      47100
a      35     148        418
a      35      36      47100
a      35      34      47100
a      35      45      47100
a      35      25      47100
a      36     127        248
a      36      37      47100
a      36      35      47100
a      36      46      47100
a      36      26      47100
a      37     141        320
a      37      38      47100
a      37      36      47100
a      37      47      47100
a      37      27      47100
a      38     192        378
a      38      39      47100
a      38      37      47100
a      38      48      47100
a      38      28      47100
a      39     119        299
a      39      40      47100
a      39      38      47100
a      39      49      47100
a      39      29      47100
a      40     172        396
a      40      39      47100
a      40      50      47100
a      40      30      47100
a      41     189        412
a      41      42      47100
a      41      51      47100
a      41      31      47100
a      42     112        382
a      42      43      47100
a      42      41      47100
a      42      52      47100
a      42      32      47100
a      43     185        412
a      43      44      47100
a      43      42      47100
a      43      53      47100
a      43      33      47100
a      44     179        300
a      44      45      47100
a      44      43      47100
a      44      54      47100
a      44      34      47100
a      45     150        416
a      45      46      47100
a      45      44      47100
a      45      55      47100
a      45      35      47100
a      46     186        270
a      46      47      47100
a      46      45      47100
a      46      56      47100
a      46      36      47100
a      47     166        365
a      47      48      47100
a      47      46      47100
a      47      57      47100
a      47      37      47100
a      48     198        378
a      48      49      47100
a      48      47      47100
a      48      58      47100
a      48      38      47100
a      49     168        270
a      49      50      47100
a      49      48      47100
a      49      59      47100
a      49      39      47100
a      50     108        456
a      50      49      47100
a      50      60      47100
a      50      40      47100
a      51     123        332
a      51      52      47100
a      51      61      47100
a      51      41      47100
a      52     160        289
a      52      53      47100
a      52      51      47100
a      52      62      47100
a      52      42      47100
a      53     169        470
a      53      54      47100
a      53      52      47100
a      53      63      47100
a      53      43      47100
a      54     173        305
a      54      55      47100
a      54      53      47100
a      54      64      47100
a      54      44      47100
a      55     135        302
a      55      56      47100
a      55      54      47100
a      55      65      47100
a      55      45      47100
a      56     137        328
a      56      57      47100
a      56      55      47100
a      56      66      47100
a      56      46      47100
a      57     180        323
a      57      58      47100
a      57      56      47100
a      57      67      47100
a      57      47      47100
a      58     152        419
a      58      59      47100
a      58      57      47100
a      58      68      47100
a      58      48      47100
a      59     156        256
a      59      60      47100
a      59      58      47100
a      59      69      47100
a      59      49      47100
a      60     114        405
a      60      59      47100
a      60      70      47100
a      60      50      47100
a      61     178        270
a      61      62      47100
a      61      71      47100
a      61      51      47100
a      62     163        458
a      62      63      47100
a      62      61      47100
a      62      72      47100
a      62      52      47100
a      63     130        333
a      63      64      47100
a      63      62      47100
a      63      73      47100
a      63      53      47100
a      64     167        265
a      64      65      47100
a      64      63      47100
a      64      74      47100
a      64      54      47100
a      65     162        408
a      65      66      47100
a      65      64      47100
a      65      75      47100
a      65      55      47100
a      66     170        307
a      66      67      47100
a      66      65      47100
a      66      76      47100
a      66      56      47100
a      67     171        431
a      67      68      47100
a      67      66      47100
a      67      77      47100
a      67      57      47100
a      68     197        405
a      68      69      47100
a      68      67      47100
a      68      78      47100
a      68      58      47100
a      69     107        409
a      69      70      47100
a      69      68      47100
a      69      79      47100
a      69      59      47100
a      70     122        398
a      70      69      47100
a      70      80      47100
a      70      60      47100
a      71     128        455
a      71      72      47100
a      71      81      47100
a      71      61      47100
a      72     111        444
a      72      73      47100
a      72      71      47100
a      72      82      47100
a      72      62      47100
a      73     106        303
a      73      74      47100
a      73      72      47100
a      73      83      47100
a      73      63      47100
a      74     125        369
a      74      75      47100
a      74      73      47100
a      74      84      47100
a      74      64      47100
a      75     195        448
a      75      76      47100
a      75      74      47100
a      75      85      47100
a      75      65      47100
a      76     115        357
a      76      77      47100
a      76      75      47100
a      76      86      47100
a      76      66      47100
a      77     200        383
a      77      78      47100
a      77      76      47100
a      77      87      47100
a      77      67      47100
a      78     121        309
a      78      79      47100
a      78      77      47100
a      78      88      47100
a      78      68      47100
a      79     177        303
a      79      80      47100
a      79      78      47100
a      79      89      47100
a      79      69      47100
a      80     129        333
a      80      79      47100
a      80      90      47100
a      80      70      47100
a      81     175        433
a      81      82      47100
a      81      91      47100
a      81      71      47100
a      82     154        271
a      82      83      47100
a      82      81      47100
a      82      92      47100
a      82      72      47100
a      83     147        304
a      83      84      47100
a      83      82      47100
a      83      93      47100
a      83      73      47100
a      84     143        318
a      84      85      47100
a      84      83      47100
a      84      94      47100
a      84      74      47100
a      85     102        468
a      85      86      47100
a      85      84      47100
a      85      95      47100
a      85      75      47100
a      86     158        377
a      86      87      47100
a      86      85      47100
a      86      96      47100
a      86      76      47100
a      87     133        331
a      87      88      47100
a      87      86      47100
a      87      97      47100
a      87      77      47100
a      88     109        384
a      88      89      47100
a      88      87      47100
a      88      98      47100
a      88      78      47100
a      89     155        237
a      89      90      47100
a      89      88      47100
a      89      99      47100
a      89      79      47100
a      90     116        323
a      90      89      47100
a      90     100      47100
a      90      80      47100
a      91     145        382
a      91      92      47100
a      91      81      47100
a      92     176        351
a      92      93      47100
a      92      91      47100
a      92      82      47100
a      93     113        405
a      93      94      47100
a      93      92      47100
a      93      83      47100
a      94     196        284
a      94      95      47100
a      94      93      47100
a      94      84      47100
a      95     194        442
a      95      96      47100
a      95      94      47100
a      95      85      47100
a      96     134        242
a      96      97      47100
a      96      95      47100
a      96      86      47100
a      97     191        389
a      97      98      47100
a      97      96      47100
a      97      87      47100
a      98     124        270
a      98      99      47100
a      98      97      47100
a      98      88      47100
a      99     149        406
a      99     100      47100
a      99      98      47100
a      99      89      47100
a     100     187        243
a     100      99      47100
a     100      90      47100
a     101     290        333
a     101     102      47100
a     101     111      47100
a     102     259        457
a     102     103      47100
a     102     101      47100
a     102     112      47100
a     103     211        399
a     103     104      47100
a     103     102      47100
a     103     113      47100
a     104     251        331
a     104     105      47100
a     104     103      47100
a     104     114      47100
a     105     230        368
a     105     106      47100
a     105     104      47100
a     105     115      47100
a     106     257        270
a     106     107      47100
a     106     105      47100
a     106     116      47100
a     107     277        338
a     107     108      47100
a     107     106      47100
a     107     117      47100
a     108     299        437
a     108     109      47100
a     108     107      47100
a     108     118      47100
a     109     220        403
a     109     110      47100
a     109     108      47100
a     109     119      47100
a     110     244        465
a     110     109      47100
a     110     120      47100
a     111     267        455
a     111     112      47100
a     111     121      47100
a     111     101      47100
a     112     282        262
a     112     113      47100
a     112     111      47100
a     112     122      47100
a     112     102      47100
a     113     253        294
a     113     114      47100
a     113     112      47100
a     113     123      47100
a     113     103      47100
a     114     216        301
a     114     115      47100
a     114     113      47100
a     114     124      47100
a     114     104      47100
a     115     213        389
a     115     116      47100
a     115     114      47100
a     115     125      47100
a     115     105      47100
a     116     237        424
a     116     117      47100
a     116     115      47100
a     116     126      47100
a     116     106      47100
a     117     232        336
a     117     118      47100
a     117     116      47100
a     117     127      47100
a     117     107      47100
a     118     205        316
a     118     119      47100
a     118     117      47100
a     118     128      47100
a     118     108      47100
a     119     243        309
a     119     120      47100
a     119     118      47100
a     119     129      47100
a     119     109      47100
a     120     295        412
a     120     119      47100
a     120     130      47100
a     120     110      47100
a     121     262        264
a     121     122      47100
a     121     131      47100
a     121     111      47100
a     122     298        280
a     122     123      47100
a     122     121      47100
a     122     132      47100
a     122     112      47100
a     123     283        265
a     123     124      47100
a     123     122      47100
a     123     133      47100
a     123     113      47100
a     124     212        377
a     124     125      47100
a     124     123      47100
a     124     134      47100
a     124     114      47100
a     125     203        362
a     125     126      47100
a     125     124      47100
a     125     135      47100
a     125     115      47100
a     126     289        411
a     126     127      47100
a     126     125      47100
a     126     136      47100
a     126     116      47100
a     127     274        387
a     127     128      47100
a     127     126      47100
a     127     137      47100
a     127     117      47100
a     128     234        277
a     128     129      47100
a     128     127      47100
a     128     138      47100
a     128     118      47100
a     129     226        470
a     129     130      47100
a     129     128      47100
a     129     139      47100
a     129     119      47100
a     130     261        297
a     130     129      47100
a     130     140      47100
a     130     120      47100
a     131     247        305
a     131     132      47100
a     131     141      47100
a     131     121      47100
a     132     270        413
a     132     133      47100
a     132     131      47100
a     132     142      47100
a     132     122      47100
a     133     249        371
a     133     134      47100
a     133     132      47100
a     133     143      47100
a     133     123      47100
a     134     260        375
a     134     135      47100
a     134     133      47100
a     134     144      47100
a     134     124      47100
a     135     271        320
a     135     136      47100
a     135     134      47100
a     135     145      47100
a     135     125      47100
a     136     242        251
a     136     137      47100
a     136     135      47100
a     136     146      47100
a     136     126      47100
a     137     215        369
a     137     138      47100
a     137     136      47100
a     137     147      47100
a     137     127      47100
a     138     263        256
a     138     139      47100
a     138     137      47100
a     138     148      47100
a     138     128      47100
a     139     258        414
a     139     140      47100
a     139     138      47100
a     139     149      47100
a     139     129      47100
a     140     284        434
a     140     139      47100
a     140     150      47100
a     140     130      47100
a     141     241        424
a     141     142      47100
a     141     151      47100
a     141     131      47100
a     142     288        336
a     142     143      47100
a     142     141      47100
a     142     152      47100
a     142     132      47100
a     143     219        356
a     143     144      47100
a     143     142      47100
a     143     153      47100
a     143     133      47100
a     144     204        287
a     144     145      47100
a     144     143      47100
a     144     154      47100
a     144     134      47100
a     145     223        434
a     145     146      47100
a     145     144      47100
a     145     155      47100
a     145     135      47100
a     146     225        410
a     146     147      47100
a     146     145      47100
a     146     156      47100
a     146     136      47100
a     147     265        443
a     147     148      47100
a     147     146      47100
a     147     157      47100
a     147     137      47100
a     148     285        343
a     148     149      47100
a     148     147      47100
a     148     158      47100
a     148     138      47100
a     149     228        438
a     149     150      47100
a     149     148      47100
a     149     159      47100
a     149     139      47100
a     150     201        256
a     150     149      47100
a     150     160      47100
a     150     140      47100
a     151     297        352
a     151     152      47100
a     151     161      47100
a     151     141      47100
a     152     255        281
a     152     153      47100
a     152     151      47100
a     152     162      47100
a     152     142      47100
a     153     245        454
a     153     154      47100
a     153     152      47100
a     153     163      47100
a     153     143      47100
a     154     236        418
a     154     155      47100
a     154     153      47100
a     154     164      47100
a     154     144      47100
a     155     202        240
a     155     156      47100
a     155     154      47100
a     155     165      47100
a     155     145      47100
a     156     235        312
a     156     157      47100
a     156     155      47100
a     156     166      47100
a     156     146      47100
a     157     210        451
a     157     158      47100
a     157     156      47100
a     157     167      47100
a     157     147      47100
a     158     217        430
a     158     159      47100
a     158     157      47100
a     158     168      47100
a     158     148      47100
a     159     206        238
a     159     160      47100
a     159     158      47100
a     159     169      47100
a     159     149      47100
a     160     273        353
a     160     159      47100
a     160     170      47100
a     160     150      47100
a     161     238        338
a     161     162      47100
a     161     171      47100
a     161     151      47100
a     162     264        351
a     162     163      47100
a     162     161      47100
a     162     172      47100
a     162     152      47100
a     163     287        443
a     163     164      47100
a     163     162      47100
a     163     173      47100
a     163     153      47100
a     164     246        287
a     164     165      47100
a     164     163      47100
a     164     174      47100
a     164     154      47100
a     165     227        292
a     165     166      47100
a     165     164      47100
a     165     175      47100
a     165     155      47100
a     166     269        410
a     166     167      47100
a     166     165      47100
a     166     176      47100
a     166     156      47100
a     167     256        317
a     167     168      47100
a     167     166      47100
a     167     177      47100
a     167     157      47100
a     168     248        443
a     168     169      47100
a     168     167      47100
a     168     178      47100
a     168     158      47100
a     169     281        330
a     169     170      47100
a     169     168      47100
a     169     179      47100
a     169     159      47100
a     170     214        426
a     170     169      47100
a     170     180      47100
a     170     160      47100
a     171     254        446
a     171     172      47100
a     171     181      47100
a     171     161      47100
a     172     279        396
a     172     173      47100
a     172     171      47100
a     172     182      47100
a     172     162      47100
a     173     239        414
a     173     174      47100
a     173     172      47100
a     173     183      47100
a     173     163      47100
a     174     278        235
a     174     175      47100
a     174     173      47100
a     174     184      47100
a     174     164      47100
a     175     275        354
a     175     176      47100
a     175     174      47100
a     175     185      47100
a     175     165      47100
a     176     240        264
a     176     177      47100
a     176     175      47100
a     176     186      47100
a     176     166      47100
a     177     250        287
a     177     178      47100
a     177     176      47100
a     177     187      47100
a     177     167      47100
a     178     292        270
a     178     179      47100
a     178     177      47100
a     178     188      47100
a     178     168      47100
a     179     280        330
a     179     180      47100
a     179     178      47100
a     179     189      47100
a     179     169      47100
a     180     207        324
a     180     179      47100
a     180     190      47100
a     180     170      47100
a     181     291        321
a     181     182      47100
a     181     191      47100
a     181     171      47100
a     182     286        371
a     182     183      47100
a     182     181      47100
a     182     192      47100
a     182     172      47100
a     183     222        318
a     183     184      47100
a     183     182      47100
a     183     193      47100
a     183     173      47100
a     184     293        360
a     184     185      47100
a     184     183      47100
a     184     194      47100
a     184     174      47100
a     185     272        318
a     185     186      47100
a     185     184      47100
a     185     195      47100
a     185     175      47100
a     186     231        240
a     186     187      47100
a     186     185      47100
a     186     196      47100
a     186     176      47100
a     187     300        413
a     187     188      47100
a     187     186      47100
a     187     197      47100
a     187     177      47100
a     188     268        426
a     188     189      47100
a     188     187      47100
a     188     198      47100
a     188     178      47100
a     189     209        402
a     189     190      47100
a     189     188      47100
a     189     199      47100
a     189     179      47100
a     190     294        290
a     190     189      47100
a     190     200      47100
a     190     180      47100
a     191     229        260
a     191     192      47100
a     191     181      47100
a     192     224        394
a     192     193      47100
a     192     191      47100
a     192     182      47100
a     193     221        331
a     193     194      47100
a     193     192      47100
a     193     183      47100
a     194     233        403
a     194     195      47100
a     194     193      47100
a     194     184      47100
a     195     296        452
a     195     196      47100
a     195     194      47100
a     195     185      47100
a     196     208        308
a     196     197      47100
a     196     195      47100
a     196     186      47100
a     197     218        394
a     197     198      47100
a     197     196      47100
a     197     187      47100
a     198     266        261
a     198     199      47100
a     198     197      47100
a     198     188      47100
a     199     252        432
a     199     200      47100
a     199     198      47100
a     199     189      47100
a     200     276        344
a     200     199      47100
a     200     190      47100
a     201     310        359
a     201     202      47100
a     201     211      47100
a     202     311        401
a     202     203      47100
a     202     201      47100
a     202     212      47100
a     203     306        356
a     203     204      47100
a     203     202      47100
a     203     213      47100
a     204     377        435
a     204     205      47100
a     204     203      47100
a     204     214      47100
a     205     351        398
a     205     206      47100
a     205     204      47100
a     205     215      47100
a     206     313        250
a     206     207      47100
a     206     205      47100
a     206     216      47100
a     207     307        469
a     207     208      47100
a     207     206      47100
a     207     217      47100
a     208     323        292
a     208     209      47100
a     208     207      47100
a     208     218      47100
a     209     330        320
a     209     210      47100
a     209     208      47100
a     209     219      47100
a     210     394        310
a     210     209      47100
a     210     220      47100
a     211     368        456
a     211     212      47100
a     211     221      47100
a     211     201      47100
a     212     312        407
a     212     213      47100
a     212     211      47100
a     212     222      47100
a     212     202      47100
a     213     387        435
a     213     214      47100
a     213     212      47100
a     213     223      47100
a     213     203      47100
a     214     331        406
a     214     215      47100
a     214     213      47100
a     214     224      47100
a     214     204      47100
a     215     302        352
a     215     216      47100
a     215     214      47100
a     215     225      47100
a     215     205      47100
a     216     376        284
a     216     217      47100
a     216     215      47100
a     216     226      47100
a     216     206      47100
a     217     339        409
a     217     218      47100
a     217     216      47100
a     217     227      47100
a     217     207      47100
a     218     305        353
a     218     219      47100
a     218     217      47100
a     218     228      47100
a     218     208      47100
a     219     398        285
a     219     220      47100
a     219     218      47100
a     219     229      47100
a     219     209      47100
a     220     400        335
a     220     219      47100
a     220     230      47100
a     220     210      47100
a     221     320        279
a     221     222      47100
a     221     231      47100
a     221     211      47100
a     222     399        448
a     222     223      47100
a     222     221      47100
a     222     232      47100
a     222     212      47100
a     223     304        363
a     223     224      47100
a     223     222      47100
a     223     233      47100
a     223     213      47100
a     224     379        445
a     224     225      47100
a     224     223      47100
a     224     234      47100
a     224     214      47100
a     225     316        368
a     225     226      47100
a     225     224      47100
a     225     235      47100
a     225     215      47100
a     226     324        286
a     226     227      47100
a     226     225      47100
a     226     236      47100
a     226     216      47100
a     227     354        307
a     227     228      47100
a     227     226      47100
a     227     237      47100
a     227     217      47100
a     228     361        376
a     228     229      47100
a     228     227      47100
a     228     238      47100
a     228     218      47100
a     229     353        315
a     229     230      47100
a     229     228      47100
a     229     239      47100
a     229     219      47100
a     230     356        416
a     230     229      47100
a     230     240      47100
a     230     220      47100
a     231     364        255
a     231     232      47100
a     231     241      47100
a     231     221      47100
a     232     366        356
a     232     233      47100
a     232     231      47100
a     232     242      47100
a     232     222      47100
a     233     370        414
a     233     234      47100
a     233     232      47100
a     233     243      47100
a     233     223      47100
a     234     303        333
a     234     235      47100
a     234     233      47100
a     234     244      47100
a     234     224      47100
a     235     389        381
a     235     236      47100
a     235     234      47100
a     235     245      47100
a     235     225      47100
a     236     357        375
a     236     237      47100
a     236     235      47100
a     236     246      47100
a     236     226      47100
a     237     378        276
a     237     238      47100
a     237     236      47100
a     237     247      47100
a     237     227      47100
a     238     363        258
a     238     239      47100
a     238     237      47100
a     238     248      47100
a     238     228      47100
a     239     396        277
a     239     240      47100
a     239     238      47100
a     239     249      47100
a     239     229      47100
a     240     329        286
a     240     239      47100
a     240     250      47100
a     240     230      47100
a     241     308        242
a     241     242      47100
a     241     251      47100
a     241     231      47100
a     242     350        356
a     242     243      47100
a     242     241      47100
a     242     252      47100
a     242     232      47100
a     243     386        450
a     243     244      47100
a     243     242      47100
a     243     253      47100
a     243     233      47100
a     244     381        239
a     244     245      47100
a     244     243      47100
a     244     254      47100
a     244     234      47100
a     245     393        384
a     245     246      47100
a     245     244      47100
a     245     255      47100
a     245     235      47100
a     246     334        388
a     246     247      47100
a     246     245      47100
a     246     256      47100
a     246     236      47100
a     247     301        387
a     247     248      47100
a     247     246      47100
a     247     257      47100
a     247     237      47100
a     248     392        275
a     248     249      47100
a     248     247      47100
a     248     258      47100
a     248     238      47100
a     249     384        455
a     249     250      47100
a     249     248      47100
a     249     259      47100
a     249     239      47100
a     250     371        363
a     250     249      47100
a     250     260      47100
a     250     240      47100
a     251     319        430
a     251     252      47100
a     251     261      47100
a     251     241      47100
a     252     309        374
a     252     253      47100
a     252     251      47100
a     252     262      47100
a     252     242      47100
a     253     380        258
a     253     254      47100
a     253     252      47100
a     253     263      47100
a     253     243      47100
a     254     344        447
a     254     255      47100
a     254     253      47100
a     254     264      47100
a     254     244      47100
a     255     397        274
a     255     256      47100
a     255     254      47100
a     255     265      47100
a     255     245      47100
a     256     336        387
a     256     257      47100
a     256     255      47100
a     256     266      47100
a     256     246      47100
a     257     358        345
a     257     258      47100
a     257     256      47100
a     257     267      47100
a     257     247      47100
a     258     346        258
a     258     259      47100
a     258     257      47100
a     258     268      47100
a     258     248      47100
a     259     327        384
a     259     260      47100
a     259     258      47100
a     259     269      47100
a     259     249      47100
a     260     321        287
a     260     259      47100
a     260     270      47100
a     260     250      47100
a     261     328        290
a     261     262      47100
a     261     271      47100
a     261     251      47100
a     262     369        296
a     262     263      47100
a     262     261      47100
a     262     272      47100
a     262     252      47100
a     263     388        418
a     263     264      47100
a     263     262      47100
a     263     273      47100
a     263     253      47100
a     264     372        403
a     264     265      47100
a     264     263      47100
a     264     274      47100
a     264     254      47100
a     265     317        457
a     265     266      47100
a     265     264      47100
a     265     275      47100
a     265     255      47100
a     266     338        414
a     266     267      47100
a     266     265      47100
a     266     276      47100
a     266     256      47100
a     267     341        367
a     267     268      47100
a     267     266      47100
a     267     277      47100
a     267     257      47100
a     268     326        434
a     268     269      47100
a     268     267      47100
a     268     278      47100
a     268     258      47100
a     269     332        316
a     269     270      47100
a     269     268      47100
a     269     279      47100
a     269     259      47100
a     270     362        296
a     270     269      47100
a     270     280      47100
a     270     260      47100
a     271     342        342
a     271     272      47100
a     271     281      47100
a     271     261      47100
a     272     374        258
a     272     273      47100
a     272     271      47100
a     272     282      47100
a     272     262      47100
a     273     359        466
a     273     274      47100
a     273     272      47100
a     273     283      47100
a     273     263      47100
a     274     382        347
a     274     275      47100
a     274     273      47100
a     274     284      47100
a     274     264      47100
a     275     333        283
a     275     276      47100
a     275     274      47100
a     275     285      47100
a     275     265      47100
a     276     355        320
a     276     277      47100
a     276     275      47100
a     276     286      47100
a     276     266      47100
a     277     343        296
a     277     278      47100
a     277     276      47100
a     277     287      47100
a     277     267      47100
a     278     395        470
a     278     279      47100
a     278     277      47100
a     278     288      47100
a     278     268      47100
a     279     385        375
a     279     280      47100
a     279     278      47100
a     279     289      47100
a     279     269      47100
a     280     348        356
a     280     279      47100
a     280     290      47100
a     280     270      47100
a     281     365        366
a     281     282      47100
a     281     291      47100
a     281     271      47100
a     282     347        315
a     282     283      47100
a     282     281      47100
a     282     292      47100
a     282     272      47100
a     283     335        294
a     283     284      47100
a     283     282      47100
a     283     293      47100
a     283     273      47100
a     284     349        351
a     284     285      47100
a     284     283      47100
a     284     294      47100
a     284     274      47100
a     285     391        399
a     285     286      47100
a     285     284      47100
a     285     295      47100
a     285     275      47100
a     286     345        471
a     286     287      47100
a     286     285      47100
a     286     296      47100
a     286     276      47100
a     287     315        384
a     287     288      47100
a     287     286      47100
a     287     297      47100
a     287     277      47100
a     288     360        309
a     288     289      47100
a     288     287      47100
a     288     298      47100
a     288     278      47100
a     289     383        418
a     289     290      47100
a     289     288      47100
a     289     299      47100
a     289     279      47100
a     290     390        249
a     290     289      47100
a     290     300      47100
a     290     280      47100
a     291     314        457
a     291     292      47100
a     291     281      47100
a     292     373        251
a     292     293      47100
a     292     291      47100
a     292     282      47100
a     293     340        283
a     293     294      47100
a     293     292      47100
a     293     283      47100
a     294     318        390
a     294     295      47100
a     294     293      47100
a     294     284      47100
a     295     352        304
a     295     296      47100
a     295     294      47100
a     295     285      47100
a     296     367        291
a     296     297      47100
a     296     295      47100
a     296     286      47100
a     297     322        350
a     297     298      47100
a     297     296      47100
a     297     287      47100
a     298     375        446
a     298     299      47100
a     298     297      47100
a     298     288      47100
a     299     337        366
a     299     300      47100
a     299     298      47100
a     299     289      47100
a     300     325        334
a     300     299      47100
a     300     290      47100
a     301     421        408
a     301     302      47100
a     301     311      47100
a     302     401        287
a     302     303      47100
a     302     301      47100
a     302     312      47100
a     303     459        307
a     303     304      47100
a     303     302      47100
a     303     313      47100
a     304     494        268
a     304     305      47100
a     304     303      47100
a     304     314      47100
a     305     486        319
a     305     306      47100
a     305     304      47100
a     305     315      47100
a     306     413        266
a     306     307      47100
a     306     305      47100
a     306     316      47100
a     307     434        381
a     307     308      47100
a     307     306      47100
a     307     317      47100
a     308     499        385
a     308     309      47100
a     308     307      47100
a     308     318      47100
a     309     429        408
a     309     310      47100
a     309     308      47100
a     309     319      47100
a     310     465        411
a     310     309      47100
a     310     320      47100
a     311     472        404
a     311     312      47100
a     311     321      47100
a     311     301      47100
a     312     447        396
a     312     313      47100
a     312     311      47100
a     312     322      47100
a     312     302      47100
a     313     466        463
a     313     314      47100
a     313     312      47100
a     313     323      47100
a     313     303      47100
a     314     412        341
a     314     315      47100
a     314     313      47100
a     314     324      47100
a     314     304      47100
a     315     490        335
a     315     316      47100
a     315     314      47100
a     315     325      47100
a     315     305      47100
a     316     427        322
a     316     317      47100
a     316     315      47100
a     316     326      47100
a     316     306      47100
a     317     448        394
a     317     318      47100
a     317     316      47100
a     317     327      47100
a     317     307      47100
a     318     496        338
a     318     319      47100
a     318     317      47100
a     318     328      47100
a     318     308      47100
a     319     469        312
a     319     320      47100
a     319     318      47100
a     319     329      47100
a     319     309      47100
a     320     467        466
a     320     319      47100
a     320     330      47100
a     320     310      47100
a     321     476        321
a     321     322      47100
a     321     331      47100
a     321     311      47100
a     322     409        312
a     322     323      47100
a     322     321      47100
a     322     332      47100
a     322     312      47100
a     323     415        452
a     323     324      47100
a     323     322      47100
a     323     333      47100
a     323     313      47100
a     324     422        294
a     324     325      47100
a     324     323      47100
a     324     334      47100
a     324     314      47100
a     325     489        354
a     325     326      47100
a     325     324      47100
a     325     335      47100
a     325     315      47100
a     326     438        332
a     326     327      47100
a     326     325      47100
a     326     336      47100
a     326     316      47100
a     327     473        308
a     327     328      47100
a     327     326      47100
a     327     337      47100
a     327     317      47100
a     328     487        364
a     328     329      47100
a     328     327      47100
a     328     338      47100
a     328     318      47100
a     329     416        271
a     329     330      47100
a     329     328      47100
a     329     339      47100
a     329     319      47100
a     330     432        461
a     330     329      47100
a     330     340      47100
a     330     320      47100
a     331     477        351
a     331     332      47100
a     331     341      47100
a     331     321      47100
a     332     492        407
a     332     333      47100
a     332     331      47100
a     332     342      47100
a     332     322      47100
a     333     455        435
a     333     334      47100
a     333     332      47100
a     333     343      47100
a     333     323      47100
a     334     452        305
a     334     335      47100
a     334     333      47100
a     334     344      47100
a     334     324      47100
a     335     423        274
a     335     336      47100
a     335     334      47100
a     335     345      47100
a     335     325      47100
a     336     498        330
a     336     337      47100
a     336     335      47100
a     336     346      47100
a     336     326      47100
a     337     417        248
a     337     338      47100
a     337     336      47100
a     337     347      47100
a     337     327      47100
a     338     404        237
a     338     339      47100
a     338     337      47100
a     338     348      47100
a     338     328      47100
a     339     402        259
a     339     340      47100
a     339     338      47100
a     339     349      47100
a     339     329      47100
a     340     414        336
a     340     339      47100
a     340     350      47100
a     340     330      47100
a     341     431        318
a     341     342      47100
a     341     351      47100
a     341     331      47100
a     342     474        310
a     342     343      47100
a     342     341      47100
a     342     352      47100
a     342     332      47100
a     343     425        392
a     343     344      47100
a     343     342      47100
a     343     353      47100
a     343     333      47100
a     344     440        314
a     344     345      47100
a     344     343      47100
a     344     354      47100
a     344     334      47100
a     345     418        375
a     345     346      47100
a     345     344      47100
a     345     355      47100
a     345     335      47100
a     346     407        237
a     346     347      47100
a     346     345      47100
a     346     356      47100
a     346     336      47100
a     347     475        274
a     347     348      47100
a     347     346      47100
a     347     357      47100
a     347     337      47100
a     348     485        280
a     348     349      47100
a     348     347      47100
a     348     358      47100
a     348     338      47100
a     349     444        374
a     349     350      47100
a     349     348      47100
a     349     359      47100
a     349     339      47100
a     350     468        315
a     350     349      47100
a     350     360      47100
a     350     340      47100
a     351     481        314
a     351     352      47100
a     351     361      47100
a     351     341      47100
a     352     471        310
a     352     353      47100
a     352     351      47100
a     352     362      47100
a     352     342      47100
a     353     482        437
a     353     354      47100
a     353     352      47100
a     353     363      47100
a     353     343      47100
a     354     439        418
a     354     355      47100
a     354     353      47100
a     354     364      47100
a     354     344      47100
a     355     478        255
a     355     356      47100
a     355     354      47100
a     355     365      47100
a     355     345      47100
a     356     403        310
a     356     357      47100
a     356     355      47100
a     356     366      47100
a     356     346      47100
a     357     441        253
a     357     358      47100
a     357     356      47100
a     357     367      47100
a     357     347      47100
a     358     497        239
a     358     359      47100
a     358     357      47100
a     358     368      47100
a     358     348      47100
a     359     500        280
a     359     360      47100
a     359     358      47100
a     359     369      47100
a     359     349      47100
a     360     463        338
a     360     359      47100
a     360     370      47100
a     360     350      47100
a     361     460        354
a     361     362      47100
a     361     371      47100
a     361     351      47100
a     362     437        290
a     362     363      47100
a     362     361      47100
a     362     372      47100
a     362     352      47100
a     363     442        242
a     363     364      47100
a     363     362      47100
a     363     373      47100
a     363     353      47100
a     364     426        270
a     364     365      47100
a     364     363      47100
a     364     374      47100
a     364     354      47100
a     365     458        348
a     365     366      47100
a     365     364      47100
a     365     375      47100
a     365     355      47100
a     366     488        318
a     366     367      47100
a     366     365      47100
a     366     376      47100
a     366     356      47100
a     367     436        241
a     367     368      47100
a     367     366      47100
a     367     377      47100
a     367     357      47100
a     368     483        357
a     368     369      47100
a     368     367      47100
a     368     378      47100
a     368     358      47100
a     369     405        244
a     369     370      47100
a     369     368      47100
a     369     379      47100
a     369     359      47100
a     370     456        246
a     370     369      47100
a     370     380      47100
a     370     360      47100
a     371     411        436
a     371     372      47100
a     371     381      47100
a     371     361      47100
a     372     428        398
a     372     373      47100
a     372     371      47100
a     372     382      47100
a     372     362      47100
a     373     451        423
a     373     374      47100
a     373     372      47100
a     373     383      47100
a     373     363      47100
a     374     419        332
a     374     375      47100
a     374     373      47100
a     374     384      47100
a     374     364      47100
a     375     424        271
a     375     376      47100
a     375     374      47100
a     375     385      47100
a     375     365      47100
a     376     484        254
a     376     377      47100
a     376     375      47100
a     376     386      47100
a     376     366      47100
a     377     443        276
a     377     378      47100
a     377     376      47100
a     377     387      47100
a     377     367      47100
a     378     420        342
a     378     379      47100
a     378     377      47100
a     378     388      47100
a     378     368      47100
a     379     435        404
a     379     380      47100
a     379     378      47100
a     379     389      47100
a     379     369      47100
a     380     454        365
a     380     379      47100
a     380     390      47100
a     380     370      47100
a     381     406        341
a     381     382      47100
a     381     391      47100
a     381     371      47100
a     382     470        421
a     382     383      47100
a     382     381      47100
a     382     392      47100
a     382     372      47100
a     383     410        331
a     383     384      47100
a     383     382      47100
a     383     393      47100
a     383     373      47100
a     384     408        333
a     384     385      47100
a     384     383      47100
a     384     394      47100
a     384     374      47100
a     385     446        238
a     385     386      47100
a     385     384      47100
a     385     395      47100
a     385     375      47100
a     386     430        374
a     386     387      47100
a     386     385      47100
a     386     396      47100
a     386     376      47100
a     387     493        426
a     387     388      47100
a     387     386      47100
a     387     397      47100
a     387     377      47100
a     388     462        267
a     388     389      47100
a     388     387      47100
a     388     398      47100
a     388     378      47100
a     389     453        440
a     389     390      47100
a     389     388      47100
a     389     399      47100
a     389     379      47100
a     390     433        327
a     390     389      47100
a     390     400      47100
a     390     380      47100
a     391     457        460
a     391     392      47100
a     391     381      47100
a     392     445        433
a     392     393      47100
a     392     391      47100
a     392     382      47100
a     393     480        304
a     393     394      47100
a     393     392      47100
a     393     383      47100
a     394     495        255
a     394     395      47100
a     394     393      47100
a     394     384      47100
a     395     479        302
a     395     396      47100
a     395     394      47100
a     395     385      47100
a     396     450        408
a     396     397      47100
a     396     395      47100
a     396     386      47100
a     397     449        243
a     397     398      47100
a     397     396      47100
a     397     387      47100
a     398     491        366
a     398     399      47100
a     398     397      47100
a     398     388      47100
a     399     461        457
a     399     400      47100
a     399     398      47100
a     399     389      47100
a     400     464        350
a     400     399      47100
a     400     390      47100
a     401     560        418
a     401     402      47100
a     401     411      47100
a     402     572        253
a     402     403      47100
a     402     401      47100
a     402     412      47100
a     403     546        409
a     403     404      47100
a     403     402      47100
a     403     413      47100
a     404     556        370
a     404     405      47100
a     404     403      47100
a     404     414      47100
a     405     599        395
a     405     406      47100
a     405     404      47100
a     405     415      47100
a     406     533        350
a     406     407      47100
a     406     405      47100
a     406     416      47100
a     407     513        254
a     407     408      47100
a     407     406      47100
a     407     417      47100
a     408     585        237
a     408     409      47100
a     408     407      47100
a     408     418      47100
a     409     562        419
a     409     410      47100
a     409     408      47100
a     409     419      47100
a     410     549        378
a     410     409      47100
a     410     420      47100
a     411     568        349
a     411     412      47100
a     411     421      47100
a     411     401      47100
a     412     508        344
a     412     413      47100
a     412     411      47100
a     412     422      47100
a     412     402      47100
a     413     577        378
a     413     414      47100
a     413     412      47100
a     413     423      47100
a     413     403      47100
a     414     544        367
a     414     415      47100
a     414     413      47100
a     414     424      47100
a     414     404      47100
a     415     600        283
a     415     416      47100
a     415     414      47100
a     415     425      47100
a     415     405      47100
a     416     538        447
a     416     417      47100
a     416     415      47100
a     416     426      47100
a     416     406      47100
a     417     534        332
a     417     418      47100
a     417     416      47100
a     417     427      47100
a     417     407      47100
a     418     520        363
a     418     419      47100
a     418     417      47100
a     418     428      47100
a     418     408      47100
a     419     589        350
a     419     420      47100
a     419     418      47100
a     419     429      47100
a     419     409      47100
a     420     524        419
a     420     419      47100
a     420     430      47100
a     420     410      47100
a     421     550        430
a     421     422      47100
a     421     431      47100
a     421     411      47100
a     422     526        279
a     422     423      47100
a     422     421      47100
a     422     432      47100
a     422     412      47100
a     423     565        335
a     423     424      47100
a     423     422      47100
a     423     433      47100
a     423     413      47100
a     424     567        272
a     424     425      47100
a     424     423      47100
a     424     434      47100
a     424     414      47100
a     425     547        450
a     425     426      47100
a     425     424      47100
a     425     435      47100
a     425     415      47100
a     426     582        273
a     426     427      47100
a     426     425      47100
a     426     436      47100
a     426     416      47100
a     427     540        299
a     427     428      47100
a     427     426      47100
a     427     437      47100
a     427     417      47100
a     428     509        296
a     428     429      47100
a     428     427      47100
a     428     438      47100
a     428     418      47100
a     429     519        391
a     429     430      47100
a     429     428      47100
a     429     439      47100
a     429     419      47100
a     430     532        440
a     430     429      47100
a     430     440      47100
a     430     420      47100
a     431     587        457
a     431     432      47100
a     431     441      47100
a     431     421      47100
a     432     580        330
a     432     433      47100
a     432     431      47100
a     432     442      47100
a     432     422      47100
a     433     576        258
a     433     434      47100
a     433     432      47100
a     433     443      47100
a     433     423      47100
a     434     514        284
a     434     435      47100
a     434     433      47100
a     434     444      47100
a     434     424      47100
a     435     579        363
a     435     436      47100
a     435     434      47100
a     435     445      47100
a     435     425      47100
a     436     553        239
a     436     437      47100
a     436     435      47100
a     436     446      47100
a     436     426      47100
a     437     521        274
a     437     438      47100
a     437     436      47100
a     437     447      47100
a     437     427      47100
a     438     537        405
a     438     439      47100
a     438     437      47100
a     438     448      47100
a     438     428      47100
a     439     501        355
a     439     440      47100
a     439     438      47100
a     439     449      47100
a     439     429      47100
a     440     528        353
a     440     439      47100
a     440     450      47100
a     440     430      47100
a     441     512        242
a     441     442      47100
a     441     451      47100
a     441     431      47100
a     442     527        286
a     442     443      47100
a     442     441      47100
a     442     452      47100
a     442     432      47100
a     443     516        443
a     443     444      47100
a     443     442      47100
a     443     453      47100
a     443     433      47100
a     444     594        284
a     444     445      47100
a     444     443      47100
a     444     454      47100
a     444     434      47100
a     445     536        267
a     445     446      47100
a     445     444      47100
a     445     455      47100
a     445     435      47100
a     446     542        293
a     446     447      47100
a     446     445      47100
a     446     456      47100
a     446     436      47100
a     447     592        323
a     447     448      47100
a     447     446      47100
a     447     457      47100
a     447     437      47100
a     448     518        242
a     448     449      47100
a     448     447      47100
a     448     458      47100
a     448     438      47100
a     449     598        389
a     449     450      47100
a     449     448      47100
a     449     459      47100
a     449     439      47100
a     450     597        309
a     450     449      47100
a     450     460      47100
a     450     440      47100
a     451     548        461
a     451     452      47100
a     451     461      47100
a     451     441      47100
a     452     569        238
a     452     453      47100
a     452     451      47100
a     452     462      47100
a     452     442      47100
a     453     503        370
a     453     454      47100
a     453     452      47100
a     453     463      47100
a     453     443      47100
a     454     504        384
a     454     455      47100
a     454     453      47100
a     454     464      47100
a     454     444      47100
a     455     593        402
a     455     456      47100
a     455     454      47100
a     455     465      47100
a     455     445      47100
a     456     595        356
a     456     457      47100
a     456     455      47100
a     456     466      47100
a     456     446      47100
a     457     502        255
a     457     458      47100
a     457     456      47100
a     457     467      47100
a     457     447      47100
a     458     535        250
a     458     459      47100
a     458     457      47100
a     458     468      47100
a     458     448      47100
a     459     586        450
a     459     460      47100
a     459     458      47100
a     459     469      47100
a     459     449      47100
a     460     571        266
a     460     459      47100
a     460     470      47100
a     460     450      47100
a     461     570        351
a     461     462      47100
a     461     471      47100
a     461     451      47100
a     462     505        282
a     462     463      47100
a     462     461      47100
a     462     472      47100
a     462     452      47100
a     463     563        433
a     463     464      47100
a     463     462      47100
a     463     473      47100
a     463     453      47100
a     464     591        462
a     464     465      47100
a     464     463      47100
a     464     474      47100
a     464     454      47100
a     465     590        293
a     465     466      47100
a     465     464      47100
a     465     475      47100
a     465     455      47100
a     466     539        370
a     466     467      47100
a     466     465      47100
a     466     476      47100
a     466     456      47100
a     467     545        388
a     467     468      47100
a     467     466      47100
a     467     477      47100
a     467     457      47100
a     468     551        258
a     468     469      47100
a     468     467      47100
a     468     478      47100
a     468     458      47100
a     469     574        304
a     469     470      47100
a     469     468      47100
a     469     479      47100
a     469     459      47100
a     470     554        258
a     470     469      47100
a     470     480      47100
a     470     460      47100
a     471     531        237
a     471     472      47100
a     471     481      47100
a     471     461      47100
a     472     566        424
a     472     473      47100
a     472     471      47100
a     472     482      47100
a     472     462      47100
a     473     596        450
a     473     474      47100
a     473     472      47100
a     473     483      47100
a     473     463      47100
a     474     555        435
a     474     475      47100
a     474     473      47100
a     474     484      47100
a     474     464      47100
a     475     558        335
a     475     476      47100
a     475     474      47100
a     475     485      47100
a     475     465      47100
a     476     584        384
a     476     477      47100
a     476     475      47100
a     476     486      47100
a     476     466      47100
a     477     525        349
a     477     478      47100
a     477     476      47100
a     477     487      47100
a     477     467      47100
a     478     552        435
a     478     479      47100
a     478     477      47100
a     478     488      47100
a     478     468      47100
a     479     541        241
a     479     480      47100
a     479     478      47100
a     479     489      47100
a     479     469      47100
a     480     559        384
a     480     479      47100
a     480     490      47100
a     480     470      47100
a     481     530        426
a     481     482      47100
a     481     491      47100
a     481     471      47100
a     482     543        463
a     482     483      47100
a     482     481      47100
a     482     492      47100
a     482     472      47100
a     483     583        435
a     483     484      47100
a     483     482      47100
a     483     493      47100
a     483     473      47100
a     484     510        388
a     484     485      47100
a     484     483      47100
a     484     494      47100
a     484     474      47100
a     485     506        468
a     485     486      47100
a     485     484      47100
a     485     495      47100
a     485     475      47100
a     486     588        434
a     486     487      47100
a     486     485      47100
a     486     496      47100
a     486     476      47100
a     487     529        378
a     487     488      47100
a     487     486      47100
a     487     497      47100
a     487     477      47100
a     488     581        235
a     488     489      47100
a     488     487      47100
a     488     498      47100
a     488     478      47100
a     489     511        387
a     489     490      47100
a     489     488      47100
a     489     499      47100
a     489     479      47100
a     490     575        242
a     490     489      47100
a     490     500      47100
a     490     480      47100
a     491     561        341
a     491     492      47100
a     491     481      47100
a     492     578        388
a     492     493      47100
a     492     491      47100
a     492     482      47100
a     493     507        459
a     493     494      47100
a     493     492      47100
a     493     483      47100
a     494     523        265
a     494     495      47100
a     494     493      47100
a     494     484      47100
a     495     522        244
a     495     496      47100
a     495     494      47100
a     495     485      47100
a     496     557        292
a     496     497      47100
a     496     495      47100
a     496     486      47100
a     497     515        326
a     497     498      47100
a     497     496      47100
a     497     487      47100
a     498     573        320
a     498     499      47100
a     498     497      47100
a     498     488      47100
a     499     564        341
a     499     500      47100
a     499     498      47100
a     499     489      47100
a     500     517        245
a     500     499      47100
a     500     490      47100
a     501     637        302
a     501     502      47100
a     501     511      47100
a     502     656        283
a     502     503      47100
a     502     501      47100
a     502     512      47100
a     503     633        328
a     503     504      47100
a     503     502      47100
a     503     513      47100
a     504     682        243
a     504     505      47100
a     504     503      47100
a     504     514      47100
a     505     652        324
a     505     506      47100
a     505     504      47100
a     505     515      47100
a     506     651        464
a     506     507      47100
a     506     505      47100
a     506     516      47100
a     507     678        336
a     507     508      47100
a     507     506      47100
a     507     517      47100
a     508     694        370
a     508     509      47100
a     508     507      47100
a     508     518      47100
a     509     659        346
a     509     510      47100
a     509     508      47100
a     509     519      47100
a     510     636        392
a     510     509      47100
a     510     520      47100
a     511     681        408
a     511     512      47100
a     511     521      47100
a     511     501      47100
a     512     628        286
a     512     513      47100
a     512     511      47100
a     512     522      47100
a     512     502      47100
a     513     621        259
a     513     514      47100
a     513     512      47100
a     513     523      47100
a     513     503      47100
a     514     689        367
a     514     515      47100
a     514     513      47100
a     514     524      47100
a     514     504      47100
a     515     685        272
a     515     516      47100
a     515     514      47100
a     515     525      47100
a     515     505      47100
a     516     605        300
a     516     517      47100
a     516     515      47100
a     516     526      47100
a     516     506      47100
a     517     700        392
a     517     518      47100
a     517     516      47100
a     517     527      47100
a     517     507      47100
a     518     609        384
a     518     519      47100
a     518     517      47100
a     518     528      47100
a     518     508      47100
a     519     699        349
a     519     520      47100
a     519     518      47100
a     519     529      47100
a     519     509      47100
a     520     606        413
a     520     519      47100
a     520     530      47100
a     520     510      47100
a     521     645        387
a     521     522      47100
a     521     531      47100
a     521     511      47100
a     522     687        427
a     522     523      47100
a     522     521      47100
a     522     532      47100
a     522     512      47100
a     523     616        397
a     523     524      47100
a     523     522      47100
a     523     533      47100
a     523     513      47100
a     524     666        287
a     524     525      47100
a     524     523      47100
a     524     534      47100
a     524     514      47100
a     525     676        245
a     525     526      47100
a     525     524      47100
a     525     535      47100
a     525     515      47100
a     526     668        364
a     526     527      47100
a     526     525      47100
a     526     536      47100
a     526     516      47100
a     527     612        386
a     527     528      47100
a     527     526      47100
a     527     537      47100
a     527     517      47100
a     528     625        410
a     528     529      47100
a     528     527      47100
a     528     538      47100
a     528     518      47100
a     529     623        329
a     529     530      47100
a     529     528      47100
a     529     539      47100
a     529     519      47100
a     530     688        403
a     530     529      47100
a     530     540      47100
a     530     520      47100
a     531     642        273
a     531     532      47100
a     531     541      47100
a     531     521      47100
a     532     661        379
a     532     533      47100
a     532     531      47100
a     532     542      47100
a     532     522      47100
a     533     686        364
a     533     534      47100
a     533     532      47100
a     533     543      47100
a     533     523      47100
a     534     615        265
a     534     535      47100
a     534     533      47100
a     534     544      47100
a     534     524      47100
a     535     680        450
a     535     536      47100
a     535     534      47100
a     535     545      47100
a     535     525      47100
a     536     647        405
a     536     537      47100
a     536     535      47100
a     536     546      47100
a     536     526      47100
a     537     635        366
a     537     538      47100
a     537     536      47100
a     537     547      47100
a     537     527      47100
a     538     646        392
a     538     539      47100
a     538     537      47100
a     538     548      47100
a     538     528      47100
a     539     653        252
a     539     540      47100
a     539     538      47100
a     539     549      47100
a     539     529      47100
a     540     643        332
a     540     539      47100
a     540     550      47100
a     540     530      47100
a     541     611        310
a     541     542      47100
a     541     551      47100
a     541     531      47100
a     542     640        399
a     542     543      47100
a     542     541      47100
a     542     552      47100
a     542     532      47100
a     543     630        294
a     543     544      47100
a     543     542      47100
a     543     553      47100
a     543     533      47100
a     544     650        285
a     544     545      47100
a     544     543      47100
a     544     554      47100
a     544     534      47100
a     545     672        418
a     545     546      47100
a     545     544      47100
a     545     555      47100
a     545     535      47100
a     546     629        465
a     546     547      47100
a     546     545      47100
a     546     556      47100
a     546     536      47100
a     547     654        352
a     547     548      47100
a     547     546      47100
a     547     557      47100
a     547     537      47100
a     548     677        309
a     548     549      47100
a     548     547      47100
a     548     558      47100
a     548     538      47100
a     549     693        413
a     549     550      47100
a     549     548      47100
a     549     559      47100
a     549     539      47100
a     550     631        313
a     550     549      47100
a     550     560      47100
a     550     540      47100
a     551     626        255
a     551     552      47100
a     551     561      47100
a     551     541      47100
a     552     644        407
a     552     553      47100
a     552     551      47100
a     552     562      47100
a     552     542      47100
a     553     663        388
a     553     554      47100
a     553     552      47100
a     553     563      47100
a     553     543      47100
a     554     632        328
a     554     555      47100
a     554     553      47100
a     554     564      47100
a     554     544      47100
a     555     639        266
a     555     556      47100
a     555     554      47100
a     555     565      47100
a     555     545      47100
a     556     607        437
a     556     557      47100
a     556     555      47100
a     556     566      47100
a     556     546      47100
a     557     695        319
a     557     558      47100
a     557     556      47100
a     557     567      47100
a     557     547      47100
a     558     657        431
a     558     559      47100
a     558     557      47100
a     558     568      47100
a     558     548      47100
a     559     675        450
a     559     560      47100
a     559     558      47100
a     559     569      47100
a     559     549      47100
a     560     673        242
a     560     559      47100
a     560     570      47100
a     560     550      47100
a     561     602        398
a     561     562      47100
a     561     571      47100
a     561     551      47100
a     562     604        331
a     562     563      47100
a     562     561      47100
a     562     572      47100
a     562     552      47100
a     563     618        362
a     563     564      47100
a     563     562      47100
a     563     573      47100
a     563     553      47100
a     564     684        467
a     564     565      47100
a     564     563      47100
a     564     574      47100
a     564     554      47100
a     565     614        460
a     565     566      47100
a     565     564      47100
a     565     575      47100
a     565     555      47100
a     566     613        293
a     566     567      47100
a     566     565      47100
a     566     576      47100
a     566     556      47100
a     567     658        317
a     567     568      47100
a     567     566      47100
a     567     577      47100
a     567     557      47100
a     568     670        426
a     568     569      47100
a     568     567      47100
a     568     578      47100
a     568     558      47100
a     569     634        344
a     569     570      47100
a     569     568      47100
a     569     579      47100
a     569     559      47100
a     570     662        309
a     570     569      47100
a     570     580      47100
a     570     560      47100
a     571     669        257
a     571     572      47100
a     571     581      47100
a     571     561      47100
a     572     649        368
a     572     573      47100
a     572     571      47100
a     572     582      47100
a     572     562      47100
a     573     696        427
a     573     574      47100
a     573     572      47100
a     573     583      47100
a     573     563      47100
a     574     624        306
a     574     575      47100
a     574     573      47100
a     574     584      47100
a     574     564      47100
a     575     697        244
a     575     576      47100
a     575     574      47100
a     575     585      47100
a     575     565      47100
a     576     691        308
a     576     577      47100
a     576     575      47100
a     576     586      47100
a     576     566      47100
a     577     641        340
a     577     578      47100
a     577     576      47100
a     577     587      47100
a     577     567      47100
a     578     603        294
a     578     579      47100
a     578     577      47100
a     578     588      47100
a     578     568      47100
a     579     620        381
a     579     580      47100
a     579     578      47100
a     579     589      47100
a     579     569      47100
a     580     622        334
a     580     579      47100
a     580     590      47100
a     580     570      47100
a     581     674        445
a     581     582      47100
a     581     591      47100
a     581     571      47100
a     582     617        430
a     582     583      47100
a     582     581      47100
a     582     592      47100
a     582     572      47100
a     583     608        250
a     583     584      47100
a     583     582      47100
a     583     593      47100
a     583     573      47100
a     584     683        362
a     584     585      47100
a     584     583      47100
a     584     594      47100
a     584     574      47100
a     585     655        289
a     585     586      47100
a     585     584      47100
a     585     595      47100
a     585     575      47100
a     586     679        426
a     586     587      47100
a     586     585      47100
a     586     596      47100
a     586     576      47100
a     587     667        314
a     587     588      47100
a     587     586      47100
a     587     597      47100
a     587     577      47100
a     588     619        318
a     588     589      47100
a     588     587      47100
a     588     598      47100
a     588     578      47100
a     589     660        420
a     589     590      47100
a     589     588      47100
a     589     599      47100
a     589     579      47100
a     590     671        409
a     590     589      47100
a     590     600      47100
a     590     580      47100
a     591     698        367
a     591     592      47100
a     591     581      47100
a     592     692        355
a     592     593      47100
a     592     591      47100
a     592     582      47100
a     593     664        261
a     593     594      47100
a     593     592      47100
a     593     583      47100
a     594     665        471
a     594     595      47100
a     594     593      47100
a     594     584      47100
a     595     601        278
a     595     596      47100
a     595     594      47100
a     595     585      47100
a     596     610        285
a     596     597      47100
a     596     595      47100
a     596     586      47100
a     597     627        442
a     597     598      47100
a     597     596      47100
a     597     587      47100
a     598     638        284
a     598     599      47100
a     598     597      47100
a     598     588      47100
a     599     690        373
a     599     600      47100
a     599     598      47100
a     599     589      47100
a     600     648        376
a     600     599      47100
a     600     590      47100
a     601     602      47100
a     601     611      47100
a     602     603      47100
a     602     601      47100
a     602     612      47100
a     603     604      47100
a     603     602      47100
a     603     613      47100
a     604     605      47100
a     604     603      47100
a     604     614      47100
a     605     606      47100
a     605     604      47100
a     605     615      47100
a     606     607      47100
a     606     605      47100
a     606     616      47100
a     607     608      47100
a     607     606      47100
a     607     617      47100
a     608     609      47100
a     608     607      47100
a     608     618      47100
a     609     610      47100
a     609     608      47100
a     609     619      47100
a     610     609      47100
a     610     620      47100
a     611     612      47100
a     611     621      47100
a     611     601      47100
a     612     613      47100
a     612     611      47100
a     612     622      47100
a     612     602      47100
a     613     614      47100
a     613     612      47100
a     613     623      47100
a     613     603      47100
a     614     615      47100
a     614     613      47100
a     614     624      47100
a     614     604      47100
a     615     616      47100
a     615     614      47100
a     615     625      47100
a     615     605      47100
a     616     617      47100
a     616     615      47100
a     616     626      47100
a     616     606      47100
a     617     618      47100
a     617     616      47100
a     617     627      47100
a     617     607      47100
a     618     619      47100
a     618     617      47100
a     618     628      47100
a     618     608      47100
a     619     620      47100
a     619     618      47100
a     619     629      47100
a     619     609      47100
a     620     619      47100
a     620     630      47100
a     620     610      47100
a     621     622      47100
a     621     631      47100
a     621     611      47100
a     622     623      47100
a     622     621      47100
a     622     632      47100
a     622     612      47100
a     623     624      47100
a     623     622      47100
a     623     633      47100
a     623     613      47100
a     624     625      47100
a     624     623      47100
a     624     634      47100
a     624     614      47100
a     625     626      47100
a     625     624      47100
a     625     635      47100
a     625     615      47100
a     626     627      47100
a     626     625      47100
a     626     636      47100
a     626     616      47100
a     627     628      47100
a     627     626      47100
a     627     637      47100
a     627     617      47100
a     628     629      47100
a     628     627      47100
a     628     638      47100
a     628     618      47100
a     629     630      47100
a     629     628      47100
a     629     639      47100
a     629     619      47100
a     630     629      47100
a     630     640      47100
a     630     620      47100
a     631     632      47100
a     631     641      47100
a     631     621      47100
a     632     633      47100
a     632     631      47100
a     632     642      47100
a     632     622      47100
a     633     634      47100
a     633     632      47100
a     633     643      47100
a     633     623      47100
a     634     635      47100
a     634     633      47100
a     634     644      47100
a     634     624      47100
a     635     636      47100
a     635     634      47100
a     635     645      47100
a     635     625      47100
a     636     637      47100
a     636     635      47100
a     636     646      47100
a     636     626      47100
a     637     638      47100
a     637     636      47100
a     637     647      47100
a     637     627      47100
a     638     639      47100
a     638     637      47100
a     638     648      47100
a     638     628      47100
a     639     640      47100
a     639     638      47100
a     639     649      47100
a     639     629      47100
a     640     639      47100
a     640     650      47100
a     640     630      47100
a     641     642      47100
a     641     651      47100
a     641     631      47100
a     642     643      47100
a     642     641      47100
a     642     652      47100
a     642     632      47100
a     643     644      47100
a     643     642      47100
a     643     653      47100
a     643     633      47100
a     644     645      47100
a     644     643      47100
a     644     654      47100
a     644     634      47100
a     645     646      47100
a     645     644      47100
a     645     655      47100
a     645     635      47100
a     646     647      47100
a     646     645      47100
a     646     656      47100
a     646     636      47100
a     647     648      47100
a     647     646      47100
a     647     657      47100
a     647     637      47100
a     648     649      47100
a     648     647      47100
a     648     658      47100
a     648     638      47100
a     649     650      47100
a     649     648      47100
a     649     659      47100
a     649     639      47100
a     650     649      47100
a     650     660      47100
a     650     640      47100
a     651     652      47100
a     651     661      47100
a     651     641      47100
a     652     653      47100
a     652     651      47100
a     652     662      47100
a     652     642      47100
a     653     654      47100
a     653     652      47100
a     653     663      47100
a     653     643      47100
a     654     655      47100
a     654     653      47100
a     654     664      47100
a     654     644      47100
a     655     656      47100
a     655     654      47100
a     655     665      47100
a     655     645      47100
a     656     657      47100
a     656     655      47100
a     656     666      47100
a     656     646      47100
a     657     658      47100
a     657     656      47100
a     657     667      47100
a     657     647      47100
a     658     659      47100
a     658     657      47100
a     658     668      47100
a     658     648      47100
a     659     660      47100
a     659     658      47100
a     659     669      47100
a     659     649      47100
a     660     659      47100
a     660     670      47100
a     660     650      47100
a     661     662      47100
a     661     671      47100
a     661     651      47100
a     662     663      47100
a     662     661      47100
a     662     672      47100
a     662     652      47100
a     663     664      47100
a     663     662      47100
a     663     673      47100
a     663     653      47100
a     664     665      47100
a     664     663      47100
a     664     674      47100
a     664     654      47100
a     665     666      47100
a     665     664      47100
a     665     675      47100
a     665     655      47100
a     666     667      47100
a     666     665      47100
a     666     676      47100
a     666     656      47100
a     667     668      47100
a     667     666      47100
a     667     677      47100
a     667     657      47100
a     668     669      47100
a     668     667      47100
a     668     678      47100
a     668     658      47100
a     669     670      47100
a     669     668      47100
a     669     679      47100
a     669     659      47100
a     670     669      47100
a     670     680      47100
a     670     660      47100
a     671     672      47100
a     671     681      47100
a     671     661      47100
a     672     673      47100
a     672     671      47100
a     672     682      47100
a     672     662      47100
a     673     674      47100
a     673     672      47100
a     673     683      47100
a     673     663      47100
a     674     675      47100
a     674     673      47100
a     674     684      47100
a     674     664      47100
a     675     676      47100
a     675     674      47100
a     675     685      47100
a     675     665      47100
a     676     677      47100
a     676     675      47100
a     676     686      47100
a     676     666      47100
a     677     678      47100
a     677     676      47100
a     677     687      47100
a     677     667      47100
a     678     679      47100
a     678     677      47100
a     678     688      47100
a     678     668      47100
a     679     680      47100
a     679     678      47100
a     679     689      47100
a     679     669      47100
a     680     679      47100
a     680     690      47100
a     680     670      47100
a     681     682      47100
a     681     691      47100
a     681     671      47100
a     682     683      47100
a     682     681      47100
a     682     692      47100
a     682     672      47100
a     683     684      47100
a     683     682      47100
a     683     693      47100
a     683     673      47100
a     684     685      47100
a     684     683      47100
a     684     694      47100
a     684     674      47100
a     685     686      47100
a     685     684      47100
a     685     695      47100
a     685     675      47100
a     686     687      47100
a     686     685      47100
a     686     696      47100
a     686     676      47100
a     687     688      47100
a     687     686      47100
a     687     697      47100
a     687     677      47100
a     688     689      47100
a     688     687      47100
a     688     698      47100
a     688     678      47100
a     689     690      47100
a     689     688      47100
a     689     699      47100
a     689     679      47100
a     690     689      47100
a     690     700      47100
a     690     680      47100
a     691     692      47100
a     691     681      47100
a     692     693      47100
a     692     691      47100
a     692     682      47100
a     693     694      47100
a     693     692      47100
a     693     683      47100
a     694     695      47100
a     694     693      47100
a     694     684      47100
a     695     696      47100
a     695     694      47100
a     695     685      47100
a     696     697      47100
a     696     695      47100
a     696     686      47100
a     697     698      47100
a     697     696      47100
a     697     687      47100
a     698     699      47100
a     698     697      47100
a     698     688      47100
a     699     700      47100
a     699     698      47100
a     699     689      47100
a     700     699      47100
a     700     690      47100
