c This file was generated by genrmf.
c The parameters are: a: 7 b: 12 c1: 490 c2: 981 seed: 1666103673
p max     588       2555
n       1 s
n     588 t
a       1      54        671
a       1       2      48069
a       1       8      48069
a       2      59        708
a       2       3      48069
a       2       1      48069
a       2       9      48069
a       3      51        597
a       3       4      48069
a       3       2      48069
a       3      10      48069
a       4      89        576
a       4       5      48069
a       4       3      48069
a       4      11      48069
a       5      53        655
a       5       6      48069
a       5       4      48069
a       5      12      48069
a       6      82        698
a       6       7      48069
a       6       5      48069
a       6      13      48069
a       7      76        958
a       7       6      48069
a       7      14      48069
a       8      58        858
a       8       9      48069
a       8      15      48069
a       8       1      48069
a       9      91        757
a       9      10      48069
a       9       8      48069
a       9      16      48069
a       9       2      48069
a      10      72        518
a      10      11      48069
a      10       9      48069
a      10      17      48069
a      10       3      48069
a      11      57        843
a      11      12      48069
a      11      10      48069
a      11      18      48069
a      11       4      48069
a      12      74        788
a      12      13      48069
a      12      11      48069
a      12      19      48069
a      12       5      48069
a      13      73        707
a      13      14      48069
a      13      12      48069
a      13      20      48069
a      13       6      48069
a      14      92        509
a      14      13      48069
a      14      21      48069
a      14       7      48069
a      15      94        706
a      15      16      48069
a      15      22      48069
a      15       8      48069
a      16      65        537
a      16      17      48069
a      16      15      48069
a      16      23      48069
a      16       9      48069
a      17      56        685
a      17      18      48069
a      17      16      48069
a      17      24      48069
a      17      10      48069
a      18      96        554
a      18      19      48069
a      18      17      48069
a      18      25      48069
a      18      11      48069
a      19      83        561
a      19      20      48069
a      19      18      48069
a      19      26      48069
a      19      12      48069
a      20      61        928
a      20      21      48069
a      20      19      48069
a      20      27      48069
a      20      13      48069
a      21      62        640
a      21      20      48069
a      21      28      48069
a      21      14      48069
a      22      86        644
a      22      23      48069
a      22      29      48069
a      22      15      48069
a      23      85        843
a      23      24      48069
a      23      22      48069
a      23      30      48069
a      23      16      48069
a      24      75        661
a      24      25      48069
a      24      23      48069
a      24      31      48069
a      24      17      48069
a      25      98        829
a      25      26      48069
a      25      24      48069
a      25      32      48069
a      25      18      48069
a      26      90        961
a      26      27      48069
a      26      25      48069
a      26      33      48069
a      26      19      48069
a      27      52        884
a      27      28      48069
a      27      26      48069
a      27      34      48069
a      27      20      48069
a      28      80        770
a      28      27      48069
a      28      35      48069
a      28      21      48069
a      29      93        971
a      29      30      48069
a      29      36      48069
a      29      22      48069
a      30      55        510
a      30      31      48069
a      30      29      48069
a      30      37      48069
a      30      23      48069
a      31      71        971
a      31      32      48069
a      31      30      48069
a      31      38      48069
a      31      24      48069
a      32      95        522
a      32      33      48069
a      32      31      48069
a      32      39      48069
a      32      25      48069
a      33      63        852
a      33      34      48069
a      33      32      48069
a      33      40      48069
a      33      26      48069
a      34      77        774
a      34      35      48069
a      34      33      48069
a      34      41      48069
a      34      27      48069
a      35      87        977
a      35      34      48069
a      35      42      48069
a      35      28      48069
a      36      50        527
a      36      37      48069
a      36      43      48069
a      36      29      48069
a      37      68        799
a      37      38      48069
a      37      36      48069
a      37      44      48069
a      37      30      48069
a      38      97        812
a      38      39      48069
a      38      37      48069
a      38      45      48069
a      38      31      48069
a      39      60        943
a      39      40      48069
a      39      38      48069
a      39      46      48069
a      39      32      48069
a      40      64        946
a      40      41      48069
a      40      39      48069
a      40      47      48069
a      40      33      48069
a      41      84        881
a      41      42      48069
a      41      40      48069
a      41      48      48069
a      41      34      48069
a      42      88        654
a      42      41      48069
a      42      49      48069
a      42      35      48069
a      43      70        542
a      43      44      48069
a      43      36      48069
a      44      67        549
a      44      45      48069
a      44      43      48069
a      44      37      48069
a      45      66        801
a      45      46      48069
a      45      44      48069
a      45      38      48069
a      46      79        657
a      46      47      48069
a      46      45      48069
a      46      39      48069
a      47      81        614
a      47      48      48069
a      47      46      48069
a      47      40      48069
a      48      69        578
a      48      49      48069
a      48      47      48069
a      48      41      48069
a      49      78        628
a      49      48      48069
a      49      42      48069
a      50      99        760
a      50      51      48069
a      50      57      48069
a      51     146        787
a      51      52      48069
a      51      50      48069
a      51      58      48069
a      52     127        563
a      52      53      48069
a      52      51      48069
a      52      59      48069
a      53     104        949
a      53      54      48069
a      53      52      48069
a      53      60      48069
a      54     139        692
a      54      55      48069
a      54      53      48069
a      54      61      48069
a      55     133        603
a      55      56      48069
a      55      54      48069
a      55      62      48069
a      56     145        979
a      56      55      48069
a      56      63      48069
a      57     121        637
a      57      58      48069
a      57      64      48069
a      57      50      48069
a      58     125        630
a      58      59      48069
a      58      57      48069
a      58      65      48069
a      58      51      48069
a      59     142        684
a      59      60      48069
a      59      58      48069
a      59      66      48069
a      59      52      48069
a      60     115        672
a      60      61      48069
a      60      59      48069
a      60      67      48069
a      60      53      48069
a      61     126        872
a      61      62      48069
a      61      60      48069
a      61      68      48069
a      61      54      48069
a      62     129        534
a      62      63      48069
a      62      61      48069
a      62      69      48069
a      62      55      48069
a      63     111        843
a      63      62      48069
a      63      70      48069
a      63      56      48069
a      64     124        563
a      64      65      48069
a      64      71      48069
a      64      57      48069
a      65     136        954
a      65      66      48069
a      65      64      48069
a      65      72      48069
a      65      58      48069
a      66     118        694
a      66      67      48069
a      66      65      48069
a      66      73      48069
a      66      59      48069
a      67     107        552
a      67      68      48069
a      67      66      48069
a      67      74      48069
a      67      60      48069
a      68     112        850
a      68      69      48069
a      68      67      48069
a      68      75      48069
a      68      61      48069
a      69     105        640
a      69      70      48069
a      69      68      48069
a      69      76      48069
a      69      62      48069
a      70     114        897
a      70      69      48069
a      70      77      48069
a      70      63      48069
a      71     106        843
a      71      72      48069
a      71      78      48069
a      71      64      48069
a      72     119        852
a      72      73      48069
a      72      71      48069
a      72      79      48069
a      72      65      48069
a      73     109        829
a      73      74      48069
a      73      72      48069
a      73      80      48069
a      73      66      48069
a      74     100        946
a      74      75      48069
a      74      73      48069
a      74      81      48069
a      74      67      48069
a      75     141        924
a      75      76      48069
a      75      74      48069
a      75      82      48069
a      75      68      48069
a      76     110        631
a      76      77      48069
a      76      75      48069
a      76      83      48069
a      76      69      48069
a      77     117        770
a      77      76      48069
a      77      84      48069
a      77      70      48069
a      78     116        932
a      78      79      48069
a      78      85      48069
a      78      71      48069
a      79     134        744
a      79      80      48069
a      79      78      48069
a      79      86      48069
a      79      72      48069
a      80     144        797
a      80      81      48069
a      80      79      48069
a      80      87      48069
a      80      73      48069
a      81     123        643
a      81      82      48069
a      81      80      48069
a      81      88      48069
a      81      74      48069
a      82     103        631
a      82      83      48069
a      82      81      48069
a      82      89      48069
a      82      75      48069
a      83     135        693
a      83      84      48069
a      83      82      48069
a      83      90      48069
a      83      76      48069
a      84     137        902
a      84      83      48069
a      84      91      48069
a      84      77      48069
a      85     101        565
a      85      86      48069
a      85      92      48069
a      85      78      48069
a      86     130        635
a      86      87      48069
a      86      85      48069
a      86      93      48069
a      86      79      48069
a      87     108        662
a      87      88      48069
a      87      86      48069
a      87      94      48069
a      87      80      48069
a      88     102        974
a      88      89      48069
a      88      87      48069
a      88      95      48069
a      88      81      48069
a      89     128        785
a      89      90      48069
a      89      88      48069
a      89      96      48069
a      89      82      48069
a      90     138        689
a      90      91      48069
a      90      89      48069
a      90      97      48069
a      90      83      48069
a      91     122        800
a      91      90      48069
a      91      98      48069
a      91      84      48069
a      92     132        496
a      92      93      48069
a      92      85      48069
a      93     143        674
a      93      94      48069
a      93      92      48069
a      93      86      48069
a      94     131        796
a      94      95      48069
a      94      93      48069
a      94      87      48069
a      95     140        732
a      95      96      48069
a      95      94      48069
a      95      88      48069
a      96     147        844
a      96      97      48069
a      96      95      48069
a      96      89      48069
a      97     120        592
a      97      98      48069
a      97      96      48069
a      97      90      48069
a      98     113        921
a      98      97      48069
a      98      91      48069
a      99     195        655
a      99     100      48069
a      99     106      48069
a     100     152        547
a     100     101      48069
a     100      99      48069
a     100     107      48069
a     101     174        747
a     101     102      48069
a     101     100      48069
a     101     108      48069
a     102     179        500
a     102     103      48069
a     102     101      48069
a     102     109      48069
a     103     182        844
a     103     104      48069
a     103     102      48069
a     103     110      48069
a     104     175        700
a     104     105      48069
a     104     103      48069
a     104     111      48069
a     105     160        556
a     105     104      48069
a     105     112      48069
a     106     153        666
a     106     107      48069
a     106     113      48069
a     106      99      48069
a     107     191        871
a     107     108      48069
a     107     106      48069
a     107     114      48069
a     107     100      48069
a     108     184        883
a     108     109      48069
a     108     107      48069
a     108     115      48069
a     108     101      48069
a     109     154        710
a     109     110      48069
a     109     108      48069
a     109     116      48069
a     109     102      48069
a     110     187        815
a     110     111      48069
a     110     109      48069
a     110     117      48069
a     110     103      48069
a     111     161        814
a     111     112      48069
a     111     110      48069
a     111     118      48069
a     111     104      48069
a     112     167        899
a     112     111      48069
a     112     119      48069
a     112     105      48069
a     113     173        794
a     113     114      48069
a     113     120      48069
a     113     106      48069
a     114     150        654
a     114     115      48069
a     114     113      48069
a     114     121      48069
a     114     107      48069
a     115     185        676
a     115     116      48069
a     115     114      48069
a     115     122      48069
a     115     108      48069
a     116     158        930
a     116     117      48069
a     116     115      48069
a     116     123      48069
a     116     109      48069
a     117     189        676
a     117     118      48069
a     117     116      48069
a     117     124      48069
a     117     110      48069
a     118     196        974
a     118     119      48069
a     118     117      48069
a     118     125      48069
a     118     111      48069
a     119     176        834
a     119     118      48069
a     119     126      48069
a     119     112      48069
a     120     156        514
a     120     121      48069
a     120     127      48069
a     120     113      48069
a     121     190        848
a     121     122      48069
a     121     120      48069
a     121     128      48069
a     121     114      48069
a     122     192        588
a     122     123      48069
a     122     121      48069
a     122     129      48069
a     122     115      48069
a     123     171        571
a     123     124      48069
a     123     122      48069
a     123     130      48069
a     123     116      48069
a     124     151        645
a     124     125      48069
a     124     123      48069
a     124     131      48069
a     124     117      48069
a     125     163        570
a     125     126      48069
a     125     124      48069
a     125     132      48069
a     125     118      48069
a     126     180        678
a     126     125      48069
a     126     133      48069
a     126     119      48069
a     127     148        971
a     127     128      48069
a     127     134      48069
a     127     120      48069
a     128     157        682
a     128     129      48069
a     128     127      48069
a     128     135      48069
a     128     121      48069
a     129     186        903
a     129     130      48069
a     129     128      48069
a     129     136      48069
a     129     122      48069
a     130     193        604
a     130     131      48069
a     130     129      48069
a     130     137      48069
a     130     123      48069
a     131     169        760
a     131     132      48069
a     131     130      48069
a     131     138      48069
a     131     124      48069
a     132     159        620
a     132     133      48069
a     132     131      48069
a     132     139      48069
a     132     125      48069
a     133     178        743
a     133     132      48069
a     133     140      48069
a     133     126      48069
a     134     172        808
a     134     135      48069
a     134     141      48069
a     134     127      48069
a     135     181        807
a     135     136      48069
a     135     134      48069
a     135     142      48069
a     135     128      48069
a     136     162        888
a     136     137      48069
a     136     135      48069
a     136     143      48069
a     136     129      48069
a     137     149        872
a     137     138      48069
a     137     136      48069
a     137     144      48069
a     137     130      48069
a     138     155        880
a     138     139      48069
a     138     137      48069
a     138     145      48069
a     138     131      48069
a     139     188        946
a     139     140      48069
a     139     138      48069
a     139     146      48069
a     139     132      48069
a     140     194        655
a     140     139      48069
a     140     147      48069
a     140     133      48069
a     141     166        680
a     141     142      48069
a     141     134      48069
a     142     165        873
a     142     143      48069
a     142     141      48069
a     142     135      48069
a     143     183        825
a     143     144      48069
a     143     142      48069
a     143     136      48069
a     144     177        792
a     144     145      48069
a     144     143      48069
a     144     137      48069
a     145     168        735
a     145     146      48069
a     145     144      48069
a     145     138      48069
a     146     170        629
a     146     147      48069
a     146     145      48069
a     146     139      48069
a     147     164        823
a     147     146      48069
a     147     140      48069
a     148     205        700
a     148     149      48069
a     148     155      48069
a     149     229        742
a     149     150      48069
a     149     148      48069
a     149     156      48069
a     150     220        599
a     150     151      48069
a     150     149      48069
a     150     157      48069
a     151     225        904
a     151     152      48069
a     151     150      48069
a     151     158      48069
a     152     204        853
a     152     153      48069
a     152     151      48069
a     152     159      48069
a     153     232        923
a     153     154      48069
a     153     152      48069
a     153     160      48069
a     154     240        714
a     154     153      48069
a     154     161      48069
a     155     223        911
a     155     156      48069
a     155     162      48069
a     155     148      48069
a     156     217        534
a     156     157      48069
a     156     155      48069
a     156     163      48069
a     156     149      48069
a     157     230        733
a     157     158      48069
a     157     156      48069
a     157     164      48069
a     157     150      48069
a     158     200        586
a     158     159      48069
a     158     157      48069
a     158     165      48069
a     158     151      48069
a     159     218        945
a     159     160      48069
a     159     158      48069
a     159     166      48069
a     159     152      48069
a     160     207        870
a     160     161      48069
a     160     159      48069
a     160     167      48069
a     160     153      48069
a     161     197        500
a     161     160      48069
a     161     168      48069
a     161     154      48069
a     162     214        651
a     162     163      48069
a     162     169      48069
a     162     155      48069
a     163     231        940
a     163     164      48069
a     163     162      48069
a     163     170      48069
a     163     156      48069
a     164     213        896
a     164     165      48069
a     164     163      48069
a     164     171      48069
a     164     157      48069
a     165     209        497
a     165     166      48069
a     165     164      48069
a     165     172      48069
a     165     158      48069
a     166     244        736
a     166     167      48069
a     166     165      48069
a     166     173      48069
a     166     159      48069
a     167     212        705
a     167     168      48069
a     167     166      48069
a     167     174      48069
a     167     160      48069
a     168     216        732
a     168     167      48069
a     168     175      48069
a     168     161      48069
a     169     199        923
a     169     170      48069
a     169     176      48069
a     169     162      48069
a     170     222        599
a     170     171      48069
a     170     169      48069
a     170     177      48069
a     170     163      48069
a     171     227        608
a     171     172      48069
a     171     170      48069
a     171     178      48069
a     171     164      48069
a     172     236        854
a     172     173      48069
a     172     171      48069
a     172     179      48069
a     172     165      48069
a     173     202        660
a     173     174      48069
a     173     172      48069
a     173     180      48069
a     173     166      48069
a     174     239        923
a     174     175      48069
a     174     173      48069
a     174     181      48069
a     174     167      48069
a     175     206        688
a     175     174      48069
a     175     182      48069
a     175     168      48069
a     176     203        886
a     176     177      48069
a     176     183      48069
a     176     169      48069
a     177     242        928
a     177     178      48069
a     177     176      48069
a     177     184      48069
a     177     170      48069
a     178     243        824
a     178     179      48069
a     178     177      48069
a     178     185      48069
a     178     171      48069
a     179     237        863
a     179     180      48069
a     179     178      48069
a     179     186      48069
a     179     172      48069
a     180     224        491
a     180     181      48069
a     180     179      48069
a     180     187      48069
a     180     173      48069
a     181     245        737
a     181     182      48069
a     181     180      48069
a     181     188      48069
a     181     174      48069
a     182     233        551
a     182     181      48069
a     182     189      48069
a     182     175      48069
a     183     234        598
a     183     184      48069
a     183     190      48069
a     183     176      48069
a     184     238        564
a     184     185      48069
a     184     183      48069
a     184     191      48069
a     184     177      48069
a     185     201        687
a     185     186      48069
a     185     184      48069
a     185     192      48069
a     185     178      48069
a     186     210        676
a     186     187      48069
a     186     185      48069
a     186     193      48069
a     186     179      48069
a     187     228        669
a     187     188      48069
a     187     186      48069
a     187     194      48069
a     187     180      48069
a     188     226        773
a     188     189      48069
a     188     187      48069
a     188     195      48069
a     188     181      48069
a     189     208        662
a     189     188      48069
a     189     196      48069
a     189     182      48069
a     190     215        750
a     190     191      48069
a     190     183      48069
a     191     198        664
a     191     192      48069
a     191     190      48069
a     191     184      48069
a     192     241        501
a     192     193      48069
a     192     191      48069
a     192     185      48069
a     193     221        860
a     193     194      48069
a     193     192      48069
a     193     186      48069
a     194     211        886
a     194     195      48069
a     194     193      48069
a     194     187      48069
a     195     235        838
a     195     196      48069
a     195     194      48069
a     195     188      48069
a     196     219        604
a     196     195      48069
a     196     189      48069
a     197     281        934
a     197     198      48069
a     197     204      48069
a     198     294        904
a     198     199      48069
a     198     197      48069
a     198     205      48069
a     199     248        948
a     199     200      48069
a     199     198      48069
a     199     206      48069
a     200     283        788
a     200     201      48069
a     200     199      48069
a     200     207      48069
a     201     270        821
a     201     202      48069
a     201     200      48069
a     201     208      48069
a     202     293        710
a     202     203      48069
a     202     201      48069
a     202     209      48069
a     203     282        837
a     203     202      48069
a     203     210      48069
a     204     267        681
a     204     205      48069
a     204     211      48069
a     204     197      48069
a     205     264        518
a     205     206      48069
a     205     204      48069
a     205     212      48069
a     205     198      48069
a     206     255        777
a     206     207      48069
a     206     205      48069
a     206     213      48069
a     206     199      48069
a     207     286        893
a     207     208      48069
a     207     206      48069
a     207     214      48069
a     207     200      48069
a     208     272        898
a     208     209      48069
a     208     207      48069
a     208     215      48069
a     208     201      48069
a     209     278        804
a     209     210      48069
a     209     208      48069
a     209     216      48069
a     209     202      48069
a     210     263        862
a     210     209      48069
a     210     217      48069
a     210     203      48069
a     211     246        760
a     211     212      48069
a     211     218      48069
a     211     204      48069
a     212     254        866
a     212     213      48069
a     212     211      48069
a     212     219      48069
a     212     205      48069
a     213     257        781
a     213     214      48069
a     213     212      48069
a     213     220      48069
a     213     206      48069
a     214     291        872
a     214     215      48069
a     214     213      48069
a     214     221      48069
a     214     207      48069
a     215     266        917
a     215     216      48069
a     215     214      48069
a     215     222      48069
a     215     208      48069
a     216     253        565
a     216     217      48069
a     216     215      48069
a     216     223      48069
a     216     209      48069
a     217     290        567
a     217     216      48069
a     217     224      48069
a     217     210      48069
a     218     251        891
a     218     219      48069
a     218     225      48069
a     218     211      48069
a     219     250        859
a     219     220      48069
a     219     218      48069
a     219     226      48069
a     219     212      48069
a     220     265        548
a     220     221      48069
a     220     219      48069
a     220     227      48069
a     220     213      48069
a     221     274        678
a     221     222      48069
a     221     220      48069
a     221     228      48069
a     221     214      48069
a     222     268        778
a     222     223      48069
a     222     221      48069
a     222     229      48069
a     222     215      48069
a     223     262        771
a     223     224      48069
a     223     222      48069
a     223     230      48069
a     223     216      48069
a     224     279        842
a     224     223      48069
a     224     231      48069
a     224     217      48069
a     225     252        922
a     225     226      48069
a     225     232      48069
a     225     218      48069
a     226     261        627
a     226     227      48069
a     226     225      48069
a     226     233      48069
a     226     219      48069
a     227     276        555
a     227     228      48069
a     227     226      48069
a     227     234      48069
a     227     220      48069
a     228     287        664
a     228     229      48069
a     228     227      48069
a     228     235      48069
a     228     221      48069
a     229     249        673
a     229     230      48069
a     229     228      48069
a     229     236      48069
a     229     222      48069
a     230     280        668
a     230     231      48069
a     230     229      48069
a     230     237      48069
a     230     223      48069
a     231     260        707
a     231     230      48069
a     231     238      48069
a     231     224      48069
a     232     284        651
a     232     233      48069
a     232     239      48069
a     232     225      48069
a     233     247        850
a     233     234      48069
a     233     232      48069
a     233     240      48069
a     233     226      48069
a     234     271        753
a     234     235      48069
a     234     233      48069
a     234     241      48069
a     234     227      48069
a     235     273        649
a     235     236      48069
a     235     234      48069
a     235     242      48069
a     235     228      48069
a     236     292        687
a     236     237      48069
a     236     235      48069
a     236     243      48069
a     236     229      48069
a     237     277        689
a     237     238      48069
a     237     236      48069
a     237     244      48069
a     237     230      48069
a     238     269        604
a     238     237      48069
a     238     245      48069
a     238     231      48069
a     239     288        776
a     239     240      48069
a     239     232      48069
a     240     285        731
a     240     241      48069
a     240     239      48069
a     240     233      48069
a     241     256        683
a     241     242      48069
a     241     240      48069
a     241     234      48069
a     242     289        914
a     242     243      48069
a     242     241      48069
a     242     235      48069
a     243     259        717
a     243     244      48069
a     243     242      48069
a     243     236      48069
a     244     258        541
a     244     245      48069
a     244     243      48069
a     244     237      48069
a     245     275        652
a     245     244      48069
a     245     238      48069
a     246     312        576
a     246     247      48069
a     246     253      48069
a     247     330        537
a     247     248      48069
a     247     246      48069
a     247     254      48069
a     248     311        579
a     248     249      48069
a     248     247      48069
a     248     255      48069
a     249     320        595
a     249     250      48069
a     249     248      48069
a     249     256      48069
a     250     327        505
a     250     251      48069
a     250     249      48069
a     250     257      48069
a     251     335        741
a     251     252      48069
a     251     250      48069
a     251     258      48069
a     252     328        937
a     252     251      48069
a     252     259      48069
a     253     322        500
a     253     254      48069
a     253     260      48069
a     253     246      48069
a     254     336        799
a     254     255      48069
a     254     253      48069
a     254     261      48069
a     254     247      48069
a     255     316        807
a     255     256      48069
a     255     254      48069
a     255     262      48069
a     255     248      48069
a     256     329        807
a     256     257      48069
a     256     255      48069
a     256     263      48069
a     256     249      48069
a     257     334        574
a     257     258      48069
a     257     256      48069
a     257     264      48069
a     257     250      48069
a     258     313        947
a     258     259      48069
a     258     257      48069
a     258     265      48069
a     258     251      48069
a     259     304        756
a     259     258      48069
a     259     266      48069
a     259     252      48069
a     260     298        895
a     260     261      48069
a     260     267      48069
a     260     253      48069
a     261     321        779
a     261     262      48069
a     261     260      48069
a     261     268      48069
a     261     254      48069
a     262     343        539
a     262     263      48069
a     262     261      48069
a     262     269      48069
a     262     255      48069
a     263     302        930
a     263     264      48069
a     263     262      48069
a     263     270      48069
a     263     256      48069
a     264     324        572
a     264     265      48069
a     264     263      48069
a     264     271      48069
a     264     257      48069
a     265     297        806
a     265     266      48069
a     265     264      48069
a     265     272      48069
a     265     258      48069
a     266     325        719
a     266     265      48069
a     266     273      48069
a     266     259      48069
a     267     310        538
a     267     268      48069
a     267     274      48069
a     267     260      48069
a     268     307        800
a     268     269      48069
a     268     267      48069
a     268     275      48069
a     268     261      48069
a     269     318        598
a     269     270      48069
a     269     268      48069
a     269     276      48069
a     269     262      48069
a     270     338        606
a     270     271      48069
a     270     269      48069
a     270     277      48069
a     270     263      48069
a     271     337        616
a     271     272      48069
a     271     270      48069
a     271     278      48069
a     271     264      48069
a     272     332        870
a     272     273      48069
a     272     271      48069
a     272     279      48069
a     272     265      48069
a     273     319        839
a     273     272      48069
a     273     280      48069
a     273     266      48069
a     274     303        951
a     274     275      48069
a     274     281      48069
a     274     267      48069
a     275     306        861
a     275     276      48069
a     275     274      48069
a     275     282      48069
a     275     268      48069
a     276     309        764
a     276     277      48069
a     276     275      48069
a     276     283      48069
a     276     269      48069
a     277     300        904
a     277     278      48069
a     277     276      48069
a     277     284      48069
a     277     270      48069
a     278     333        659
a     278     279      48069
a     278     277      48069
a     278     285      48069
a     278     271      48069
a     279     299        616
a     279     280      48069
a     279     278      48069
a     279     286      48069
a     279     272      48069
a     280     317        713
a     280     279      48069
a     280     287      48069
a     280     273      48069
a     281     342        539
a     281     282      48069
a     281     288      48069
a     281     274      48069
a     282     301        970
a     282     283      48069
a     282     281      48069
a     282     289      48069
a     282     275      48069
a     283     341        724
a     283     284      48069
a     283     282      48069
a     283     290      48069
a     283     276      48069
a     284     314        590
a     284     285      48069
a     284     283      48069
a     284     291      48069
a     284     277      48069
a     285     305        668
a     285     286      48069
a     285     284      48069
a     285     292      48069
a     285     278      48069
a     286     296        616
a     286     287      48069
a     286     285      48069
a     286     293      48069
a     286     279      48069
a     287     295        978
a     287     286      48069
a     287     294      48069
a     287     280      48069
a     288     339        782
a     288     289      48069
a     288     281      48069
a     289     308        742
a     289     290      48069
a     289     288      48069
a     289     282      48069
a     290     331        763
a     290     291      48069
a     290     289      48069
a     290     283      48069
a     291     326        656
a     291     292      48069
a     291     290      48069
a     291     284      48069
a     292     340        613
a     292     293      48069
a     292     291      48069
a     292     285      48069
a     293     315        732
a     293     294      48069
a     293     292      48069
a     293     286      48069
a     294     323        831
a     294     293      48069
a     294     287      48069
a     295     372        944
a     295     296      48069
a     295     302      48069
a     296     349        623
a     296     297      48069
a     296     295      48069
a     296     303      48069
a     297     392        692
a     297     298      48069
a     297     296      48069
a     297     304      48069
a     298     363        708
a     298     299      48069
a     298     297      48069
a     298     305      48069
a     299     377        873
a     299     300      48069
a     299     298      48069
a     299     306      48069
a     300     389        896
a     300     301      48069
a     300     299      48069
a     300     307      48069
a     301     385        905
a     301     300      48069
a     301     308      48069
a     302     370        833
a     302     303      48069
a     302     309      48069
a     302     295      48069
a     303     366        741
a     303     304      48069
a     303     302      48069
a     303     310      48069
a     303     296      48069
a     304     374        975
a     304     305      48069
a     304     303      48069
a     304     311      48069
a     304     297      48069
a     305     346        919
a     305     306      48069
a     305     304      48069
a     305     312      48069
a     305     298      48069
a     306     355        920
a     306     307      48069
a     306     305      48069
a     306     313      48069
a     306     299      48069
a     307     375        498
a     307     308      48069
a     307     306      48069
a     307     314      48069
a     307     300      48069
a     308     382        963
a     308     307      48069
a     308     315      48069
a     308     301      48069
a     309     352        779
a     309     310      48069
a     309     316      48069
a     309     302      48069
a     310     391        539
a     310     311      48069
a     310     309      48069
a     310     317      48069
a     310     303      48069
a     311     379        632
a     311     312      48069
a     311     310      48069
a     311     318      48069
a     311     304      48069
a     312     345        903
a     312     313      48069
a     312     311      48069
a     312     319      48069
a     312     305      48069
a     313     378        615
a     313     314      48069
a     313     312      48069
a     313     320      48069
a     313     306      48069
a     314     358        711
a     314     315      48069
a     314     313      48069
a     314     321      48069
a     314     307      48069
a     315     365        770
a     315     314      48069
a     315     322      48069
a     315     308      48069
a     316     353        604
a     316     317      48069
a     316     323      48069
a     316     309      48069
a     317     381        926
a     317     318      48069
a     317     316      48069
a     317     324      48069
a     317     310      48069
a     318     360        611
a     318     319      48069
a     318     317      48069
a     318     325      48069
a     318     311      48069
a     319     357        570
a     319     320      48069
a     319     318      48069
a     319     326      48069
a     319     312      48069
a     320     354        931
a     320     321      48069
a     320     319      48069
a     320     327      48069
a     320     313      48069
a     321     380        823
a     321     322      48069
a     321     320      48069
a     321     328      48069
a     321     314      48069
a     322     367        828
a     322     321      48069
a     322     329      48069
a     322     315      48069
a     323     356        968
a     323     324      48069
a     323     330      48069
a     323     316      48069
a     324     384        605
a     324     325      48069
a     324     323      48069
a     324     331      48069
a     324     317      48069
a     325     386        548
a     325     326      48069
a     325     324      48069
a     325     332      48069
a     325     318      48069
a     326     347        522
a     326     327      48069
a     326     325      48069
a     326     333      48069
a     326     319      48069
a     327     350        572
a     327     328      48069
a     327     326      48069
a     327     334      48069
a     327     320      48069
a     328     344        907
a     328     329      48069
a     328     327      48069
a     328     335      48069
a     328     321      48069
a     329     361        812
a     329     328      48069
a     329     336      48069
a     329     322      48069
a     330     348        818
a     330     331      48069
a     330     337      48069
a     330     323      48069
a     331     371        822
a     331     332      48069
a     331     330      48069
a     331     338      48069
a     331     324      48069
a     332     383        936
a     332     333      48069
a     332     331      48069
a     332     339      48069
a     332     325      48069
a     333     376        776
a     333     334      48069
a     333     332      48069
a     333     340      48069
a     333     326      48069
a     334     351        979
a     334     335      48069
a     334     333      48069
a     334     341      48069
a     334     327      48069
a     335     368        846
a     335     336      48069
a     335     334      48069
a     335     342      48069
a     335     328      48069
a     336     369        927
a     336     335      48069
a     336     343      48069
a     336     329      48069
a     337     388        582
a     337     338      48069
a     337     330      48069
a     338     387        493
a     338     339      48069
a     338     337      48069
a     338     331      48069
a     339     390        882
a     339     340      48069
a     339     338      48069
a     339     332      48069
a     340     364        598
a     340     341      48069
a     340     339      48069
a     340     333      48069
a     341     373        790
a     341     342      48069
a     341     340      48069
a     341     334      48069
a     342     359        979
a     342     343      48069
a     342     341      48069
a     342     335      48069
a     343     362        765
a     343     342      48069
a     343     336      48069
a     344     424        847
a     344     345      48069
a     344     351      48069
a     345     403        905
a     345     346      48069
a     345     344      48069
a     345     352      48069
a     346     399        636
a     346     347      48069
a     346     345      48069
a     346     353      48069
a     347     407        571
a     347     348      48069
a     347     346      48069
a     347     354      48069
a     348     416        689
a     348     349      48069
a     348     347      48069
a     348     355      48069
a     349     401        518
a     349     350      48069
a     349     348      48069
a     349     356      48069
a     350     419        494
a     350     349      48069
a     350     357      48069
a     351     432        541
a     351     352      48069
a     351     358      48069
a     351     344      48069
a     352     418        700
a     352     353      48069
a     352     351      48069
a     352     359      48069
a     352     345      48069
a     353     437        662
a     353     354      48069
a     353     352      48069
a     353     360      48069
a     353     346      48069
a     354     404        646
a     354     355      48069
a     354     353      48069
a     354     361      48069
a     354     347      48069
a     355     409        816
a     355     356      48069
a     355     354      48069
a     355     362      48069
a     355     348      48069
a     356     426        655
a     356     357      48069
a     356     355      48069
a     356     363      48069
a     356     349      48069
a     357     433        782
a     357     356      48069
a     357     364      48069
a     357     350      48069
a     358     434        494
a     358     359      48069
a     358     365      48069
a     358     351      48069
a     359     429        572
a     359     360      48069
a     359     358      48069
a     359     366      48069
a     359     352      48069
a     360     405        583
a     360     361      48069
a     360     359      48069
a     360     367      48069
a     360     353      48069
a     361     417        780
a     361     362      48069
a     361     360      48069
a     361     368      48069
a     361     354      48069
a     362     406        656
a     362     363      48069
a     362     361      48069
a     362     369      48069
a     362     355      48069
a     363     428        655
a     363     364      48069
a     363     362      48069
a     363     370      48069
a     363     356      48069
a     364     427        645
a     364     363      48069
a     364     371      48069
a     364     357      48069
a     365     435        910
a     365     366      48069
a     365     372      48069
a     365     358      48069
a     366     398        870
a     366     367      48069
a     366     365      48069
a     366     373      48069
a     366     359      48069
a     367     400        532
a     367     368      48069
a     367     366      48069
a     367     374      48069
a     367     360      48069
a     368     395        646
a     368     369      48069
a     368     367      48069
a     368     375      48069
a     368     361      48069
a     369     423        527
a     369     370      48069
a     369     368      48069
a     369     376      48069
a     369     362      48069
a     370     436        498
a     370     371      48069
a     370     369      48069
a     370     377      48069
a     370     363      48069
a     371     430        584
a     371     370      48069
a     371     378      48069
a     371     364      48069
a     372     421        705
a     372     373      48069
a     372     379      48069
a     372     365      48069
a     373     411        738
a     373     374      48069
a     373     372      48069
a     373     380      48069
a     373     366      48069
a     374     425        605
a     374     375      48069
a     374     373      48069
a     374     381      48069
a     374     367      48069
a     375     402        505
a     375     376      48069
a     375     374      48069
a     375     382      48069
a     375     368      48069
a     376     396        563
a     376     377      48069
a     376     375      48069
a     376     383      48069
a     376     369      48069
a     377     440        725
a     377     378      48069
a     377     376      48069
a     377     384      48069
a     377     370      48069
a     378     394        664
a     378     377      48069
a     378     385      48069
a     378     371      48069
a     379     414        502
a     379     380      48069
a     379     386      48069
a     379     372      48069
a     380     431        743
a     380     381      48069
a     380     379      48069
a     380     387      48069
a     380     373      48069
a     381     415        510
a     381     382      48069
a     381     380      48069
a     381     388      48069
a     381     374      48069
a     382     438        514
a     382     383      48069
a     382     381      48069
a     382     389      48069
a     382     375      48069
a     383     420        908
a     383     384      48069
a     383     382      48069
a     383     390      48069
a     383     376      48069
a     384     412        830
a     384     385      48069
a     384     383      48069
a     384     391      48069
a     384     377      48069
a     385     413        880
a     385     384      48069
a     385     392      48069
a     385     378      48069
a     386     439        693
a     386     387      48069
a     386     379      48069
a     387     410        566
a     387     388      48069
a     387     386      48069
a     387     380      48069
a     388     422        530
a     388     389      48069
a     388     387      48069
a     388     381      48069
a     389     441        576
a     389     390      48069
a     389     388      48069
a     389     382      48069
a     390     397        714
a     390     391      48069
a     390     389      48069
a     390     383      48069
a     391     408        842
a     391     392      48069
a     391     390      48069
a     391     384      48069
a     392     393        760
a     392     391      48069
a     392     385      48069
a     393     447        804
a     393     394      48069
a     393     400      48069
a     394     487        490
a     394     395      48069
a     394     393      48069
a     394     401      48069
a     395     484        722
a     395     396      48069
a     395     394      48069
a     395     402      48069
a     396     473        928
a     396     397      48069
a     396     395      48069
a     396     403      48069
a     397     465        952
a     397     398      48069
a     397     396      48069
a     397     404      48069
a     398     474        539
a     398     399      48069
a     398     397      48069
a     398     405      48069
a     399     461        938
a     399     398      48069
a     399     406      48069
a     400     475        892
a     400     401      48069
a     400     407      48069
a     400     393      48069
a     401     459        678
a     401     402      48069
a     401     400      48069
a     401     408      48069
a     401     394      48069
a     402     444        680
a     402     403      48069
a     402     401      48069
a     402     409      48069
a     402     395      48069
a     403     457        579
a     403     404      48069
a     403     402      48069
a     403     410      48069
a     403     396      48069
a     404     488        751
a     404     405      48069
a     404     403      48069
a     404     411      48069
a     404     397      48069
a     405     456        561
a     405     406      48069
a     405     404      48069
a     405     412      48069
a     405     398      48069
a     406     454        588
a     406     405      48069
a     406     413      48069
a     406     399      48069
a     407     486        759
a     407     408      48069
a     407     414      48069
a     407     400      48069
a     408     469        715
a     408     409      48069
a     408     407      48069
a     408     415      48069
a     408     401      48069
a     409     466        690
a     409     410      48069
a     409     408      48069
a     409     416      48069
a     409     402      48069
a     410     443        646
a     410     411      48069
a     410     409      48069
a     410     417      48069
a     410     403      48069
a     411     453        915
a     411     412      48069
a     411     410      48069
a     411     418      48069
a     411     404      48069
a     412     489        671
a     412     413      48069
a     412     411      48069
a     412     419      48069
a     412     405      48069
a     413     464        877
a     413     412      48069
a     413     420      48069
a     413     406      48069
a     414     449        573
a     414     415      48069
a     414     421      48069
a     414     407      48069
a     415     471        875
a     415     416      48069
a     415     414      48069
a     415     422      48069
a     415     408      48069
a     416     468        817
a     416     417      48069
a     416     415      48069
a     416     423      48069
a     416     409      48069
a     417     483        526
a     417     418      48069
a     417     416      48069
a     417     424      48069
a     417     410      48069
a     418     446        576
a     418     419      48069
a     418     417      48069
a     418     425      48069
a     418     411      48069
a     419     472        836
a     419     420      48069
a     419     418      48069
a     419     426      48069
a     419     412      48069
a     420     480        905
a     420     419      48069
a     420     427      48069
a     420     413      48069
a     421     485        503
a     421     422      48069
a     421     428      48069
a     421     414      48069
a     422     442        733
a     422     423      48069
a     422     421      48069
a     422     429      48069
a     422     415      48069
a     423     452        591
a     423     424      48069
a     423     422      48069
a     423     430      48069
a     423     416      48069
a     424     490        789
a     424     425      48069
a     424     423      48069
a     424     431      48069
a     424     417      48069
a     425     463        757
a     425     426      48069
a     425     424      48069
a     425     432      48069
a     425     418      48069
a     426     478        578
a     426     427      48069
a     426     425      48069
a     426     433      48069
a     426     419      48069
a     427     462        769
a     427     426      48069
a     427     434      48069
a     427     420      48069
a     428     479        946
a     428     429      48069
a     428     435      48069
a     428     421      48069
a     429     455        517
a     429     430      48069
a     429     428      48069
a     429     436      48069
a     429     422      48069
a     430     451        533
a     430     431      48069
a     430     429      48069
a     430     437      48069
a     430     423      48069
a     431     450        860
a     431     432      48069
a     431     430      48069
a     431     438      48069
a     431     424      48069
a     432     476        573
a     432     433      48069
a     432     431      48069
a     432     439      48069
a     432     425      48069
a     433     460        884
a     433     434      48069
a     433     432      48069
a     433     440      48069
a     433     426      48069
a     434     477        648
a     434     433      48069
a     434     441      48069
a     434     427      48069
a     435     448        792
a     435     436      48069
a     435     428      48069
a     436     470        947
a     436     437      48069
a     436     435      48069
a     436     429      48069
a     437     445        592
a     437     438      48069
a     437     436      48069
a     437     430      48069
a     438     467        905
a     438     439      48069
a     438     437      48069
a     438     431      48069
a     439     482        827
a     439     440      48069
a     439     438      48069
a     439     432      48069
a     440     481        491
a     440     441      48069
a     440     439      48069
a     440     433      48069
a     441     458        896
a     441     440      48069
a     441     434      48069
a     442     497        623
a     442     443      48069
a     442     449      48069
a     443     536        617
a     443     444      48069
a     443     442      48069
a     443     450      48069
a     444     518        814
a     444     445      48069
a     444     443      48069
a     444     451      48069
a     445     515        915
a     445     446      48069
a     445     444      48069
a     445     452      48069
a     446     525        951
a     446     447      48069
a     446     445      48069
a     446     453      48069
a     447     494        689
a     447     448      48069
a     447     446      48069
a     447     454      48069
a     448     496        538
a     448     447      48069
a     448     455      48069
a     449     505        592
a     449     450      48069
a     449     456      48069
a     449     442      48069
a     450     501        756
a     450     451      48069
a     450     449      48069
a     450     457      48069
a     450     443      48069
a     451     524        498
a     451     452      48069
a     451     450      48069
a     451     458      48069
a     451     444      48069
a     452     492        571
a     452     453      48069
a     452     451      48069
a     452     459      48069
a     452     445      48069
a     453     493        843
a     453     454      48069
a     453     452      48069
a     453     460      48069
a     453     446      48069
a     454     532        741
a     454     455      48069
a     454     453      48069
a     454     461      48069
a     454     447      48069
a     455     523        736
a     455     454      48069
a     455     462      48069
a     455     448      48069
a     456     502        504
a     456     457      48069
a     456     463      48069
a     456     449      48069
a     457     509        596
a     457     458      48069
a     457     456      48069
a     457     464      48069
a     457     450      48069
a     458     520        921
a     458     459      48069
a     458     457      48069
a     458     465      48069
a     458     451      48069
a     459     500        592
a     459     460      48069
a     459     458      48069
a     459     466      48069
a     459     452      48069
a     460     506        558
a     460     461      48069
a     460     459      48069
a     460     467      48069
a     460     453      48069
a     461     517        610
a     461     462      48069
a     461     460      48069
a     461     468      48069
a     461     454      48069
a     462     513        673
a     462     461      48069
a     462     469      48069
a     462     455      48069
a     463     530        505
a     463     464      48069
a     463     470      48069
a     463     456      48069
a     464     510        809
a     464     465      48069
a     464     463      48069
a     464     471      48069
a     464     457      48069
a     465     495        644
a     465     466      48069
a     465     464      48069
a     465     472      48069
a     465     458      48069
a     466     522        960
a     466     467      48069
a     466     465      48069
a     466     473      48069
a     466     459      48069
a     467     499        497
a     467     468      48069
a     467     466      48069
a     467     474      48069
a     467     460      48069
a     468     526        772
a     468     469      48069
a     468     467      48069
a     468     475      48069
a     468     461      48069
a     469     535        800
a     469     468      48069
a     469     476      48069
a     469     462      48069
a     470     491        836
a     470     471      48069
a     470     477      48069
a     470     463      48069
a     471     534        742
a     471     472      48069
a     471     470      48069
a     471     478      48069
a     471     464      48069
a     472     503        532
a     472     473      48069
a     472     471      48069
a     472     479      48069
a     472     465      48069
a     473     521        522
a     473     474      48069
a     473     472      48069
a     473     480      48069
a     473     466      48069
a     474     533        937
a     474     475      48069
a     474     473      48069
a     474     481      48069
a     474     467      48069
a     475     512        556
a     475     476      48069
a     475     474      48069
a     475     482      48069
a     475     468      48069
a     476     519        732
a     476     475      48069
a     476     483      48069
a     476     469      48069
a     477     537        589
a     477     478      48069
a     477     484      48069
a     477     470      48069
a     478     538        902
a     478     479      48069
a     478     477      48069
a     478     485      48069
a     478     471      48069
a     479     498        963
a     479     480      48069
a     479     478      48069
a     479     486      48069
a     479     472      48069
a     480     528        610
a     480     481      48069
a     480     479      48069
a     480     487      48069
a     480     473      48069
a     481     508        770
a     481     482      48069
a     481     480      48069
a     481     488      48069
a     481     474      48069
a     482     514        807
a     482     483      48069
a     482     481      48069
a     482     489      48069
a     482     475      48069
a     483     529        538
a     483     482      48069
a     483     490      48069
a     483     476      48069
a     484     539        634
a     484     485      48069
a     484     477      48069
a     485     527        538
a     485     486      48069
a     485     484      48069
a     485     478      48069
a     486     531        494
a     486     487      48069
a     486     485      48069
a     486     479      48069
a     487     516        884
a     487     488      48069
a     487     486      48069
a     487     480      48069
a     488     507        936
a     488     489      48069
a     488     487      48069
a     488     481      48069
a     489     504        906
a     489     490      48069
a     489     488      48069
a     489     482      48069
a     490     511        698
a     490     489      48069
a     490     483      48069
a     491     552        800
a     491     492      48069
a     491     498      48069
a     492     571        543
a     492     493      48069
a     492     491      48069
a     492     499      48069
a     493     578        901
a     493     494      48069
a     493     492      48069
a     493     500      48069
a     494     574        588
a     494     495      48069
a     494     493      48069
a     494     501      48069
a     495     582        823
a     495     496      48069
a     495     494      48069
a     495     502      48069
a     496     563        939
a     496     497      48069
a     496     495      48069
a     496     503      48069
a     497     553        883
a     497     496      48069
a     497     504      48069
a     498     588        601
a     498     499      48069
a     498     505      48069
a     498     491      48069
a     499     568        911
a     499     500      48069
a     499     498      48069
a     499     506      48069
a     499     492      48069
a     500     560        678
a     500     501      48069
a     500     499      48069
a     500     507      48069
a     500     493      48069
a     501     554        959
a     501     502      48069
a     501     500      48069
a     501     508      48069
a     501     494      48069
a     502     561        909
a     502     503      48069
a     502     501      48069
a     502     509      48069
a     502     495      48069
a     503     581        667
a     503     504      48069
a     503     502      48069
a     503     510      48069
a     503     496      48069
a     504     587        651
a     504     503      48069
a     504     511      48069
a     504     497      48069
a     505     558        724
a     505     506      48069
a     505     512      48069
a     505     498      48069
a     506     546        655
a     506     507      48069
a     506     505      48069
a     506     513      48069
a     506     499      48069
a     507     547        835
a     507     508      48069
a     507     506      48069
a     507     514      48069
a     507     500      48069
a     508     545        887
a     508     509      48069
a     508     507      48069
a     508     515      48069
a     508     501      48069
a     509     579        882
a     509     510      48069
a     509     508      48069
a     509     516      48069
a     509     502      48069
a     510     562        819
a     510     511      48069
a     510     509      48069
a     510     517      48069
a     510     503      48069
a     511     584        695
a     511     510      48069
a     511     518      48069
a     511     504      48069
a     512     570        876
a     512     513      48069
a     512     519      48069
a     512     505      48069
a     513     555        861
a     513     514      48069
a     513     512      48069
a     513     520      48069
a     513     506      48069
a     514     550        704
a     514     515      48069
a     514     513      48069
a     514     521      48069
a     514     507      48069
a     515     548        587
a     515     516      48069
a     515     514      48069
a     515     522      48069
a     515     508      48069
a     516     544        552
a     516     517      48069
a     516     515      48069
a     516     523      48069
a     516     509      48069
a     517     575        702
a     517     518      48069
a     517     516      48069
a     517     524      48069
a     517     510      48069
a     518     566        852
a     518     517      48069
a     518     525      48069
a     518     511      48069
a     519     564        753
a     519     520      48069
a     519     526      48069
a     519     512      48069
a     520     580        600
a     520     521      48069
a     520     519      48069
a     520     527      48069
a     520     513      48069
a     521     541        833
a     521     522      48069
a     521     520      48069
a     521     528      48069
a     521     514      48069
a     522     549        609
a     522     523      48069
a     522     521      48069
a     522     529      48069
a     522     515      48069
a     523     577        896
a     523     524      48069
a     523     522      48069
a     523     530      48069
a     523     516      48069
a     524     565        897
a     524     525      48069
a     524     523      48069
a     524     531      48069
a     524     517      48069
a     525     557        927
a     525     524      48069
a     525     532      48069
a     525     518      48069
a     526     559        862
a     526     527      48069
a     526     533      48069
a     526     519      48069
a     527     543        955
a     527     528      48069
a     527     526      48069
a     527     534      48069
a     527     520      48069
a     528     572        895
a     528     529      48069
a     528     527      48069
a     528     535      48069
a     528     521      48069
a     529     540        796
a     529     530      48069
a     529     528      48069
a     529     536      48069
a     529     522      48069
a     530     551        920
a     530     531      48069
a     530     529      48069
a     530     537      48069
a     530     523      48069
a     531     583        651
a     531     532      48069
a     531     530      48069
a     531     538      48069
a     531     524      48069
a     532     576        939
a     532     531      48069
a     532     539      48069
a     532     525      48069
a     533     585        858
a     533     534      48069
a     533     526      48069
a     534     586        613
a     534     535      48069
a     534     533      48069
a     534     527      48069
a     535     573        863
a     535     536      48069
a     535     534      48069
a     535     528      48069
a     536     567        586
a     536     537      48069
a     536     535      48069
a     536     529      48069
a     537     556        648
a     537     538      48069
a     537     536      48069
a     537     530      48069
a     538     542        614
a     538     539      48069
a     538     537      48069
a     538     531      48069
a     539     569        766
a     539     538      48069
a     539     532      48069
a     540     541      48069
a     540     547      48069
a     541     542      48069
a     541     540      48069
a     541     548      48069
a     542     543      48069
a     542     541      48069
a     542     549      48069
a     543     544      48069
a     543     542      48069
a     543     550      48069
a     544     545      48069
a     544     543      48069
a     544     551      48069
a     545     546      48069
a     545     544      48069
a     545     552      48069
a     546     545      48069
a     546     553      48069
a     547     548      48069
a     547     554      48069
a     547     540      48069
a     548     549      48069
a     548     547      48069
a     548     555      48069
a     548     541      48069
a     549     550      48069
a     549     548      48069
a     549     556      48069
a     549     542      48069
a     550     551      48069
a     550     549      48069
a     550     557      48069
a     550     543      48069
a     551     552      48069
a     551     550      48069
a     551     558      48069
a     551     544      48069
a     552     553      48069
a     552     551      48069
a     552     559      48069
a     552     545      48069
a     553     552      48069
a     553     560      48069
a     553     546      48069
a     554     555      48069
a     554     561      48069
a     554     547      48069
a     555     556      48069
a     555     554      48069
a     555     562      48069
a     555     548      48069
a     556     557      48069
a     556     555      48069
a     556     563      48069
a     556     549      48069
a     557     558      48069
a     557     556      48069
a     557     564      48069
a     557     550      48069
a     558     559      48069
a     558     557      48069
a     558     565      48069
a     558     551      48069
a     559     560      48069
a     559     558      48069
a     559     566      48069
a     559     552      48069
a     560     559      48069
a     560     567      48069
a     560     553      48069
a     561     562      48069
a     561     568      48069
a     561     554      48069
a     562     563      48069
a     562     561      48069
a     562     569      48069
a     562     555      48069
a     563     564      48069
a     563     562      48069
a     563     570      48069
a     563     556      48069
a     564     565      48069
a     564     563      48069
a     564     571      48069
a     564     557      48069
a     565     566      48069
a     565     564      48069
a     565     572      48069
a     565     558      48069
a     566     567      48069
a     566     565      48069
a     566     573      48069
a     566     559      48069
a     567     566      48069
a     567     574      48069
a     567     560      48069
a     568     569      48069
a     568     575      48069
a     568     561      48069
a     569     570      48069
a     569     568      48069
a     569     576      48069
a     569     562      48069
a     570     571      48069
a     570     569      48069
a     570     577      48069
a     570     563      48069
a     571     572      48069
a     571     570      48069
a     571     578      48069
a     571     564      48069
a     572     573      48069
a     572     571      48069
a     572     579      48069
a     572     565      48069
a     573     574      48069
a     573     572      48069
a     573     580      48069
a     573     566      48069
a     574     573      48069
a     574     581      48069
a     574     567      48069
a     575     576      48069
a     575     582      48069
a     575     568      48069
a     576     577      48069
a     576     575      48069
a     576     583      48069
a     576     569      48069
a     577     578      48069
a     577     576      48069
a     577     584      48069
a     577     570      48069
a     578     579      48069
a     578     577      48069
a     578     585      48069
a     578     571      48069
a     579     580      48069
a     579     578      48069
a     579     586      48069
a     579     572      48069
a     580     581      48069
a     580     579      48069
a     580     587      48069
a     580     573      48069
a     581     580      48069
a     581     588      48069
a     581     574      48069
a     582     583      48069
a     582     575      48069
a     583     584      48069
a     583     582      48069
a     583     576      48069
a     584     585      48069
a     584     583      48069
a     584     577      48069
a     585     586      48069
a     585     584      48069
a     585     578      48069
a     586     587      48069
a     586     585      48069
a     586     579      48069
a     587     588      48069
a     587     586      48069
a     587     580      48069
a     588     587      48069
a     588     581      48069
