c This file was generated by genrmf.
c The parameters are: a: 5 b: 14 c1: 1226 c2: 1226 seed: 1666103673
p max     350       1445
n       1 s
n     350 t
a       1      28       1226
a       1       2      30650
a       1       6      30650
a       2      31       1226
a       2       3      30650
a       2       1      30650
a       2       7      30650
a       3      27       1226
a       3       4      30650
a       3       2      30650
a       3       8      30650
a       4      46       1226
a       4       5      30650
a       4       3      30650
a       4       9      30650
a       5      29       1226
a       5       4      30650
a       5      10      30650
a       6      43       1226
a       6       7      30650
a       6      11      30650
a       6       1      30650
a       7      41       1226
a       7       8      30650
a       7       6      30650
a       7      12      30650
a       7       2      30650
a       8      33       1226
a       8       9      30650
a       8       7      30650
a       8      13      30650
a       8       3      30650
a       9      47       1226
a       9      10      30650
a       9       8      30650
a       9      14      30650
a       9       4      30650
a      10      40       1226
a      10       9      30650
a      10      15      30650
a      10       5      30650
a      11      34       1226
a      11      12      30650
a      11      16      30650
a      11       6      30650
a      12      42       1226
a      12      13      30650
a      12      11      30650
a      12      17      30650
a      12       7      30650
a      13      32       1226
a      13      14      30650
a      13      12      30650
a      13      18      30650
a      13       8      30650
a      14      48       1226
a      14      15      30650
a      14      13      30650
a      14      19      30650
a      14       9      30650
a      15      49       1226
a      15      14      30650
a      15      20      30650
a      15      10      30650
a      16      38       1226
a      16      17      30650
a      16      21      30650
a      16      11      30650
a      17      44       1226
a      17      18      30650
a      17      16      30650
a      17      22      30650
a      17      12      30650
a      18      50       1226
a      18      19      30650
a      18      17      30650
a      18      23      30650
a      18      13      30650
a      19      36       1226
a      19      20      30650
a      19      18      30650
a      19      24      30650
a      19      14      30650
a      20      30       1226
a      20      19      30650
a      20      25      30650
a      20      15      30650
a      21      45       1226
a      21      22      30650
a      21      16      30650
a      22      35       1226
a      22      23      30650
a      22      21      30650
a      22      17      30650
a      23      37       1226
a      23      24      30650
a      23      22      30650
a      23      18      30650
a      24      39       1226
a      24      25      30650
a      24      23      30650
a      24      19      30650
a      25      26       1226
a      25      24      30650
a      25      20      30650
a      26      67       1226
a      26      27      30650
a      26      31      30650
a      27      66       1226
a      27      28      30650
a      27      26      30650
a      27      32      30650
a      28      56       1226
a      28      29      30650
a      28      27      30650
a      28      33      30650
a      29      59       1226
a      29      30      30650
a      29      28      30650
a      29      34      30650
a      30      57       1226
a      30      29      30650
a      30      35      30650
a      31      51       1226
a      31      32      30650
a      31      36      30650
a      31      26      30650
a      32      70       1226
a      32      33      30650
a      32      31      30650
a      32      37      30650
a      32      27      30650
a      33      69       1226
a      33      34      30650
a      33      32      30650
a      33      38      30650
a      33      28      30650
a      34      72       1226
a      34      35      30650
a      34      33      30650
a      34      39      30650
a      34      29      30650
a      35      52       1226
a      35      34      30650
a      35      40      30650
a      35      30      30650
a      36      55       1226
a      36      37      30650
a      36      41      30650
a      36      31      30650
a      37      75       1226
a      37      38      30650
a      37      36      30650
a      37      42      30650
a      37      32      30650
a      38      54       1226
a      38      39      30650
a      38      37      30650
a      38      43      30650
a      38      33      30650
a      39      61       1226
a      39      40      30650
a      39      38      30650
a      39      44      30650
a      39      34      30650
a      40      63       1226
a      40      39      30650
a      40      45      30650
a      40      35      30650
a      41      73       1226
a      41      42      30650
a      41      46      30650
a      41      36      30650
a      42      53       1226
a      42      43      30650
a      42      41      30650
a      42      47      30650
a      42      37      30650
a      43      74       1226
a      43      44      30650
a      43      42      30650
a      43      48      30650
a      43      38      30650
a      44      68       1226
a      44      45      30650
a      44      43      30650
a      44      49      30650
a      44      39      30650
a      45      65       1226
a      45      44      30650
a      45      50      30650
a      45      40      30650
a      46      60       1226
a      46      47      30650
a      46      41      30650
a      47      64       1226
a      47      48      30650
a      47      46      30650
a      47      42      30650
a      48      71       1226
a      48      49      30650
a      48      47      30650
a      48      43      30650
a      49      58       1226
a      49      50      30650
a      49      48      30650
a      49      44      30650
a      50      62       1226
a      50      49      30650
a      50      45      30650
a      51      93       1226
a      51      52      30650
a      51      56      30650
a      52      87       1226
a      52      53      30650
a      52      51      30650
a      52      57      30650
a      53      98       1226
a      53      54      30650
a      53      52      30650
a      53      58      30650
a      54      86       1226
a      54      55      30650
a      54      53      30650
a      54      59      30650
a      55      89       1226
a      55      54      30650
a      55      60      30650
a      56      80       1226
a      56      57      30650
a      56      61      30650
a      56      51      30650
a      57      95       1226
a      57      58      30650
a      57      56      30650
a      57      62      30650
a      57      52      30650
a      58     100       1226
a      58      59      30650
a      58      57      30650
a      58      63      30650
a      58      53      30650
a      59      78       1226
a      59      60      30650
a      59      58      30650
a      59      64      30650
a      59      54      30650
a      60      83       1226
a      60      59      30650
a      60      65      30650
a      60      55      30650
a      61      92       1226
a      61      62      30650
a      61      66      30650
a      61      56      30650
a      62      97       1226
a      62      63      30650
a      62      61      30650
a      62      67      30650
a      62      57      30650
a      63      88       1226
a      63      64      30650
a      63      62      30650
a      63      68      30650
a      63      58      30650
a      64      94       1226
a      64      65      30650
a      64      63      30650
a      64      69      30650
a      64      59      30650
a      65      85       1226
a      65      64      30650
a      65      70      30650
a      65      60      30650
a      66      91       1226
a      66      67      30650
a      66      71      30650
a      66      61      30650
a      67      90       1226
a      67      68      30650
a      67      66      30650
a      67      72      30650
a      67      62      30650
a      68      79       1226
a      68      69      30650
a      68      67      30650
a      68      73      30650
a      68      63      30650
a      69      81       1226
a      69      70      30650
a      69      68      30650
a      69      74      30650
a      69      64      30650
a      70      82       1226
a      70      69      30650
a      70      75      30650
a      70      65      30650
a      71      76       1226
a      71      72      30650
a      71      66      30650
a      72      99       1226
a      72      73      30650
a      72      71      30650
a      72      67      30650
a      73      77       1226
a      73      74      30650
a      73      72      30650
a      73      68      30650
a      74      84       1226
a      74      75      30650
a      74      73      30650
a      74      69      30650
a      75      96       1226
a      75      74      30650
a      75      70      30650
a      76     111       1226
a      76      77      30650
a      76      81      30650
a      77     109       1226
a      77      78      30650
a      77      76      30650
a      77      82      30650
a      78     122       1226
a      78      79      30650
a      78      77      30650
a      78      83      30650
a      79     103       1226
a      79      80      30650
a      79      78      30650
a      79      84      30650
a      80     121       1226
a      80      79      30650
a      80      85      30650
a      81     117       1226
a      81      82      30650
a      81      86      30650
a      81      76      30650
a      82     123       1226
a      82      83      30650
a      82      81      30650
a      82      87      30650
a      82      77      30650
a      83     110       1226
a      83      84      30650
a      83      82      30650
a      83      88      30650
a      83      78      30650
a      84     125       1226
a      84      85      30650
a      84      83      30650
a      84      89      30650
a      84      79      30650
a      85     124       1226
a      85      84      30650
a      85      90      30650
a      85      80      30650
a      86     120       1226
a      86      87      30650
a      86      91      30650
a      86      81      30650
a      87     108       1226
a      87      88      30650
a      87      86      30650
a      87      92      30650
a      87      82      30650
a      88     119       1226
a      88      89      30650
a      88      87      30650
a      88      93      30650
a      88      83      30650
a      89     114       1226
a      89      90      30650
a      89      88      30650
a      89      94      30650
a      89      84      30650
a      90     106       1226
a      90      89      30650
a      90      95      30650
a      90      85      30650
a      91     115       1226
a      91      92      30650
a      91      96      30650
a      91      86      30650
a      92     102       1226
a      92      93      30650
a      92      91      30650
a      92      97      30650
a      92      87      30650
a      93     107       1226
a      93      94      30650
a      93      92      30650
a      93      98      30650
a      93      88      30650
a      94     112       1226
a      94      95      30650
a      94      93      30650
a      94      99      30650
a      94      89      30650
a      95     118       1226
a      95      94      30650
a      95     100      30650
a      95      90      30650
a      96     104       1226
a      96      97      30650
a      96      91      30650
a      97     101       1226
a      97      98      30650
a      97      96      30650
a      97      92      30650
a      98     113       1226
a      98      99      30650
a      98      97      30650
a      98      93      30650
a      99     116       1226
a      99     100      30650
a      99      98      30650
a      99      94      30650
a     100     105       1226
a     100      99      30650
a     100      95      30650
a     101     128       1226
a     101     102      30650
a     101     106      30650
a     102     137       1226
a     102     103      30650
a     102     101      30650
a     102     107      30650
a     103     147       1226
a     103     104      30650
a     103     102      30650
a     103     108      30650
a     104     148       1226
a     104     105      30650
a     104     103      30650
a     104     109      30650
a     105     135       1226
a     105     104      30650
a     105     110      30650
a     106     143       1226
a     106     107      30650
a     106     111      30650
a     106     101      30650
a     107     136       1226
a     107     108      30650
a     107     106      30650
a     107     112      30650
a     107     102      30650
a     108     132       1226
a     108     109      30650
a     108     107      30650
a     108     113      30650
a     108     103      30650
a     109     133       1226
a     109     110      30650
a     109     108      30650
a     109     114      30650
a     109     104      30650
a     110     126       1226
a     110     109      30650
a     110     115      30650
a     110     105      30650
a     111     144       1226
a     111     112      30650
a     111     116      30650
a     111     106      30650
a     112     145       1226
a     112     113      30650
a     112     111      30650
a     112     117      30650
a     112     107      30650
a     113     150       1226
a     113     114      30650
a     113     112      30650
a     113     118      30650
a     113     108      30650
a     114     129       1226
a     114     115      30650
a     114     113      30650
a     114     119      30650
a     114     109      30650
a     115     139       1226
a     115     114      30650
a     115     120      30650
a     115     110      30650
a     116     146       1226
a     116     117      30650
a     116     121      30650
a     116     111      30650
a     117     141       1226
a     117     118      30650
a     117     116      30650
a     117     122      30650
a     117     112      30650
a     118     130       1226
a     118     119      30650
a     118     117      30650
a     118     123      30650
a     118     113      30650
a     119     149       1226
a     119     120      30650
a     119     118      30650
a     119     124      30650
a     119     114      30650
a     120     142       1226
a     120     119      30650
a     120     125      30650
a     120     115      30650
a     121     131       1226
a     121     122      30650
a     121     116      30650
a     122     140       1226
a     122     123      30650
a     122     121      30650
a     122     117      30650
a     123     134       1226
a     123     124      30650
a     123     122      30650
a     123     118      30650
a     124     138       1226
a     124     125      30650
a     124     123      30650
a     124     119      30650
a     125     127       1226
a     125     124      30650
a     125     120      30650
a     126     153       1226
a     126     127      30650
a     126     131      30650
a     127     174       1226
a     127     128      30650
a     127     126      30650
a     127     132      30650
a     128     170       1226
a     128     129      30650
a     128     127      30650
a     128     133      30650
a     129     168       1226
a     129     130      30650
a     129     128      30650
a     129     134      30650
a     130     172       1226
a     130     129      30650
a     130     135      30650
a     131     156       1226
a     131     132      30650
a     131     136      30650
a     131     126      30650
a     132     165       1226
a     132     133      30650
a     132     131      30650
a     132     137      30650
a     132     127      30650
a     133     171       1226
a     133     134      30650
a     133     132      30650
a     133     138      30650
a     133     128      30650
a     134     167       1226
a     134     135      30650
a     134     133      30650
a     134     139      30650
a     134     129      30650
a     135     158       1226
a     135     134      30650
a     135     140      30650
a     135     130      30650
a     136     159       1226
a     136     137      30650
a     136     141      30650
a     136     131      30650
a     137     151       1226
a     137     138      30650
a     137     136      30650
a     137     142      30650
a     137     132      30650
a     138     166       1226
a     138     139      30650
a     138     137      30650
a     138     143      30650
a     138     133      30650
a     139     155       1226
a     139     140      30650
a     139     138      30650
a     139     144      30650
a     139     134      30650
a     140     163       1226
a     140     139      30650
a     140     145      30650
a     140     135      30650
a     141     162       1226
a     141     142      30650
a     141     146      30650
a     141     136      30650
a     142     152       1226
a     142     143      30650
a     142     141      30650
a     142     147      30650
a     142     137      30650
a     143     169       1226
a     143     144      30650
a     143     142      30650
a     143     148      30650
a     143     138      30650
a     144     157       1226
a     144     145      30650
a     144     143      30650
a     144     149      30650
a     144     139      30650
a     145     164       1226
a     145     144      30650
a     145     150      30650
a     145     140      30650
a     146     161       1226
a     146     147      30650
a     146     141      30650
a     147     173       1226
a     147     148      30650
a     147     146      30650
a     147     142      30650
a     148     154       1226
a     148     149      30650
a     148     147      30650
a     148     143      30650
a     149     160       1226
a     149     150      30650
a     149     148      30650
a     149     144      30650
a     150     175       1226
a     150     149      30650
a     150     145      30650
a     151     183       1226
a     151     152      30650
a     151     156      30650
a     152     186       1226
a     152     153      30650
a     152     151      30650
a     152     157      30650
a     153     179       1226
a     153     154      30650
a     153     152      30650
a     153     158      30650
a     154     197       1226
a     154     155      30650
a     154     153      30650
a     154     159      30650
a     155     191       1226
a     155     154      30650
a     155     160      30650
a     156     185       1226
a     156     157      30650
a     156     161      30650
a     156     151      30650
a     157     189       1226
a     157     158      30650
a     157     156      30650
a     157     162      30650
a     157     152      30650
a     158     188       1226
a     158     159      30650
a     158     157      30650
a     158     163      30650
a     158     153      30650
a     159     194       1226
a     159     160      30650
a     159     158      30650
a     159     164      30650
a     159     154      30650
a     160     176       1226
a     160     159      30650
a     160     165      30650
a     160     155      30650
a     161     177       1226
a     161     162      30650
a     161     166      30650
a     161     156      30650
a     162     195       1226
a     162     163      30650
a     162     161      30650
a     162     167      30650
a     162     157      30650
a     163     198       1226
a     163     164      30650
a     163     162      30650
a     163     168      30650
a     163     158      30650
a     164     200       1226
a     164     165      30650
a     164     163      30650
a     164     169      30650
a     164     159      30650
a     165     180       1226
a     165     164      30650
a     165     170      30650
a     165     160      30650
a     166     184       1226
a     166     167      30650
a     166     171      30650
a     166     161      30650
a     167     182       1226
a     167     168      30650
a     167     166      30650
a     167     172      30650
a     167     162      30650
a     168     190       1226
a     168     169      30650
a     168     167      30650
a     168     173      30650
a     168     163      30650
a     169     178       1226
a     169     170      30650
a     169     168      30650
a     169     174      30650
a     169     164      30650
a     170     181       1226
a     170     169      30650
a     170     175      30650
a     170     165      30650
a     171     187       1226
a     171     172      30650
a     171     166      30650
a     172     199       1226
a     172     173      30650
a     172     171      30650
a     172     167      30650
a     173     193       1226
a     173     174      30650
a     173     172      30650
a     173     168      30650
a     174     196       1226
a     174     175      30650
a     174     173      30650
a     174     169      30650
a     175     192       1226
a     175     174      30650
a     175     170      30650
a     176     203       1226
a     176     177      30650
a     176     181      30650
a     177     218       1226
a     177     178      30650
a     177     176      30650
a     177     182      30650
a     178     223       1226
a     178     179      30650
a     178     177      30650
a     178     183      30650
a     179     224       1226
a     179     180      30650
a     179     178      30650
a     179     184      30650
a     180     210       1226
a     180     179      30650
a     180     185      30650
a     181     205       1226
a     181     182      30650
a     181     186      30650
a     181     176      30650
a     182     201       1226
a     182     183      30650
a     182     181      30650
a     182     187      30650
a     182     177      30650
a     183     221       1226
a     183     184      30650
a     183     182      30650
a     183     188      30650
a     183     178      30650
a     184     222       1226
a     184     185      30650
a     184     183      30650
a     184     189      30650
a     184     179      30650
a     185     214       1226
a     185     184      30650
a     185     190      30650
a     185     180      30650
a     186     216       1226
a     186     187      30650
a     186     191      30650
a     186     181      30650
a     187     213       1226
a     187     188      30650
a     187     186      30650
a     187     192      30650
a     187     182      30650
a     188     211       1226
a     188     189      30650
a     188     187      30650
a     188     193      30650
a     188     183      30650
a     189     225       1226
a     189     190      30650
a     189     188      30650
a     189     194      30650
a     189     184      30650
a     190     206       1226
a     190     189      30650
a     190     195      30650
a     190     185      30650
a     191     202       1226
a     191     192      30650
a     191     196      30650
a     191     186      30650
a     192     212       1226
a     192     193      30650
a     192     191      30650
a     192     197      30650
a     192     187      30650
a     193     217       1226
a     193     194      30650
a     193     192      30650
a     193     198      30650
a     193     188      30650
a     194     209       1226
a     194     195      30650
a     194     193      30650
a     194     199      30650
a     194     189      30650
a     195     207       1226
a     195     194      30650
a     195     200      30650
a     195     190      30650
a     196     220       1226
a     196     197      30650
a     196     191      30650
a     197     204       1226
a     197     198      30650
a     197     196      30650
a     197     192      30650
a     198     215       1226
a     198     199      30650
a     198     197      30650
a     198     193      30650
a     199     208       1226
a     199     200      30650
a     199     198      30650
a     199     194      30650
a     200     219       1226
a     200     199      30650
a     200     195      30650
a     201     240       1226
a     201     202      30650
a     201     206      30650
a     202     247       1226
a     202     203      30650
a     202     201      30650
a     202     207      30650
a     203     242       1226
a     203     204      30650
a     203     202      30650
a     203     208      30650
a     204     230       1226
a     204     205      30650
a     204     203      30650
a     204     209      30650
a     205     229       1226
a     205     204      30650
a     205     210      30650
a     206     231       1226
a     206     207      30650
a     206     211      30650
a     206     201      30650
a     207     237       1226
a     207     208      30650
a     207     206      30650
a     207     212      30650
a     207     202      30650
a     208     246       1226
a     208     209      30650
a     208     207      30650
a     208     213      30650
a     208     203      30650
a     209     248       1226
a     209     210      30650
a     209     208      30650
a     209     214      30650
a     209     204      30650
a     210     239       1226
a     210     209      30650
a     210     215      30650
a     210     205      30650
a     211     241       1226
a     211     212      30650
a     211     216      30650
a     211     206      30650
a     212     236       1226
a     212     213      30650
a     212     211      30650
a     212     217      30650
a     212     207      30650
a     213     228       1226
a     213     214      30650
a     213     212      30650
a     213     218      30650
a     213     208      30650
a     214     243       1226
a     214     215      30650
a     214     213      30650
a     214     219      30650
a     214     209      30650
a     215     238       1226
a     215     214      30650
a     215     220      30650
a     215     210      30650
a     216     233       1226
a     216     217      30650
a     216     221      30650
a     216     211      30650
a     217     227       1226
a     217     218      30650
a     217     216      30650
a     217     222      30650
a     217     212      30650
a     218     234       1226
a     218     219      30650
a     218     217      30650
a     218     223      30650
a     218     213      30650
a     219     249       1226
a     219     220      30650
a     219     218      30650
a     219     224      30650
a     219     214      30650
a     220     226       1226
a     220     219      30650
a     220     225      30650
a     220     215      30650
a     221     250       1226
a     221     222      30650
a     221     216      30650
a     222     244       1226
a     222     223      30650
a     222     221      30650
a     222     217      30650
a     223     235       1226
a     223     224      30650
a     223     222      30650
a     223     218      30650
a     224     232       1226
a     224     225      30650
a     224     223      30650
a     224     219      30650
a     225     245       1226
a     225     224      30650
a     225     220      30650
a     226     261       1226
a     226     227      30650
a     226     231      30650
a     227     259       1226
a     227     228      30650
a     227     226      30650
a     227     232      30650
a     228     266       1226
a     228     229      30650
a     228     227      30650
a     228     233      30650
a     229     254       1226
a     229     230      30650
a     229     228      30650
a     229     234      30650
a     230     252       1226
a     230     229      30650
a     230     235      30650
a     231     269       1226
a     231     232      30650
a     231     236      30650
a     231     226      30650
a     232     256       1226
a     232     233      30650
a     232     231      30650
a     232     237      30650
a     232     227      30650
a     233     274       1226
a     233     234      30650
a     233     232      30650
a     233     238      30650
a     233     228      30650
a     234     275       1226
a     234     235      30650
a     234     233      30650
a     234     239      30650
a     234     229      30650
a     235     272       1226
a     235     234      30650
a     235     240      30650
a     235     230      30650
a     236     262       1226
a     236     237      30650
a     236     241      30650
a     236     231      30650
a     237     251       1226
a     237     238      30650
a     237     236      30650
a     237     242      30650
a     237     232      30650
a     238     260       1226
a     238     239      30650
a     238     237      30650
a     238     243      30650
a     238     233      30650
a     239     257       1226
a     239     240      30650
a     239     238      30650
a     239     244      30650
a     239     234      30650
a     240     258       1226
a     240     239      30650
a     240     245      30650
a     240     235      30650
a     241     255       1226
a     241     242      30650
a     241     246      30650
a     241     236      30650
a     242     268       1226
a     242     243      30650
a     242     241      30650
a     242     247      30650
a     242     237      30650
a     243     263       1226
a     243     244      30650
a     243     242      30650
a     243     248      30650
a     243     238      30650
a     244     271       1226
a     244     245      30650
a     244     243      30650
a     244     249      30650
a     244     239      30650
a     245     267       1226
a     245     244      30650
a     245     250      30650
a     245     240      30650
a     246     253       1226
a     246     247      30650
a     246     241      30650
a     247     264       1226
a     247     248      30650
a     247     246      30650
a     247     242      30650
a     248     270       1226
a     248     249      30650
a     248     247      30650
a     248     243      30650
a     249     273       1226
a     249     250      30650
a     249     248      30650
a     249     244      30650
a     250     265       1226
a     250     249      30650
a     250     245      30650
a     251     291       1226
a     251     252      30650
a     251     256      30650
a     252     282       1226
a     252     253      30650
a     252     251      30650
a     252     257      30650
a     253     292       1226
a     253     254      30650
a     253     252      30650
a     253     258      30650
a     254     280       1226
a     254     255      30650
a     254     253      30650
a     254     259      30650
a     255     286       1226
a     255     254      30650
a     255     260      30650
a     256     288       1226
a     256     257      30650
a     256     261      30650
a     256     251      30650
a     257     295       1226
a     257     258      30650
a     257     256      30650
a     257     262      30650
a     257     252      30650
a     258     293       1226
a     258     259      30650
a     258     257      30650
a     258     263      30650
a     258     253      30650
a     259     277       1226
a     259     260      30650
a     259     258      30650
a     259     264      30650
a     259     254      30650
a     260     294       1226
a     260     259      30650
a     260     265      30650
a     260     255      30650
a     261     281       1226
a     261     262      30650
a     261     266      30650
a     261     256      30650
a     262     278       1226
a     262     263      30650
a     262     261      30650
a     262     267      30650
a     262     257      30650
a     263     285       1226
a     263     264      30650
a     263     262      30650
a     263     268      30650
a     263     258      30650
a     264     290       1226
a     264     265      30650
a     264     263      30650
a     264     269      30650
a     264     259      30650
a     265     299       1226
a     265     264      30650
a     265     270      30650
a     265     260      30650
a     266     296       1226
a     266     267      30650
a     266     271      30650
a     266     261      30650
a     267     279       1226
a     267     268      30650
a     267     266      30650
a     267     272      30650
a     267     262      30650
a     268     284       1226
a     268     269      30650
a     268     267      30650
a     268     273      30650
a     268     263      30650
a     269     298       1226
a     269     270      30650
a     269     268      30650
a     269     274      30650
a     269     264      30650
a     270     297       1226
a     270     269      30650
a     270     275      30650
a     270     265      30650
a     271     283       1226
a     271     272      30650
a     271     266      30650
a     272     287       1226
a     272     273      30650
a     272     271      30650
a     272     267      30650
a     273     289       1226
a     273     274      30650
a     273     272      30650
a     273     268      30650
a     274     300       1226
a     274     275      30650
a     274     273      30650
a     274     269      30650
a     275     276       1226
a     275     274      30650
a     275     270      30650
a     276     314       1226
a     276     277      30650
a     276     281      30650
a     277     307       1226
a     277     278      30650
a     277     276      30650
a     277     282      30650
a     278     304       1226
a     278     279      30650
a     278     277      30650
a     278     283      30650
a     279     309       1226
a     279     280      30650
a     279     278      30650
a     279     284      30650
a     280     305       1226
a     280     279      30650
a     280     285      30650
a     281     302       1226
a     281     282      30650
a     281     286      30650
a     281     276      30650
a     282     325       1226
a     282     283      30650
a     282     281      30650
a     282     287      30650
a     282     277      30650
a     283     317       1226
a     283     284      30650
a     283     282      30650
a     283     288      30650
a     283     278      30650
a     284     316       1226
a     284     285      30650
a     284     283      30650
a     284     289      30650
a     284     279      30650
a     285     323       1226
a     285     284      30650
a     285     290      30650
a     285     280      30650
a     286     303       1226
a     286     287      30650
a     286     291      30650
a     286     281      30650
a     287     320       1226
a     287     288      30650
a     287     286      30650
a     287     292      30650
a     287     282      30650
a     288     324       1226
a     288     289      30650
a     288     287      30650
a     288     293      30650
a     288     283      30650
a     289     308       1226
a     289     290      30650
a     289     288      30650
a     289     294      30650
a     289     284      30650
a     290     322       1226
a     290     289      30650
a     290     295      30650
a     290     285      30650
a     291     321       1226
a     291     292      30650
a     291     296      30650
a     291     286      30650
a     292     312       1226
a     292     293      30650
a     292     291      30650
a     292     297      30650
a     292     287      30650
a     293     319       1226
a     293     294      30650
a     293     292      30650
a     293     298      30650
a     293     288      30650
a     294     310       1226
a     294     295      30650
a     294     293      30650
a     294     299      30650
a     294     289      30650
a     295     315       1226
a     295     294      30650
a     295     300      30650
a     295     290      30650
a     296     306       1226
a     296     297      30650
a     296     291      30650
a     297     311       1226
a     297     298      30650
a     297     296      30650
a     297     292      30650
a     298     301       1226
a     298     299      30650
a     298     297      30650
a     298     293      30650
a     299     313       1226
a     299     300      30650
a     299     298      30650
a     299     294      30650
a     300     318       1226
a     300     299      30650
a     300     295      30650
a     301     332       1226
a     301     302      30650
a     301     306      30650
a     302     327       1226
a     302     303      30650
a     302     301      30650
a     302     307      30650
a     303     344       1226
a     303     304      30650
a     303     302      30650
a     303     308      30650
a     304     348       1226
a     304     305      30650
a     304     303      30650
a     304     309      30650
a     305     341       1226
a     305     304      30650
a     305     310      30650
a     306     347       1226
a     306     307      30650
a     306     311      30650
a     306     301      30650
a     307     326       1226
a     307     308      30650
a     307     306      30650
a     307     312      30650
a     307     302      30650
a     308     337       1226
a     308     309      30650
a     308     307      30650
a     308     313      30650
a     308     303      30650
a     309     346       1226
a     309     310      30650
a     309     308      30650
a     309     314      30650
a     309     304      30650
a     310     335       1226
a     310     309      30650
a     310     315      30650
a     310     305      30650
a     311     342       1226
a     311     312      30650
a     311     316      30650
a     311     306      30650
a     312     336       1226
a     312     313      30650
a     312     311      30650
a     312     317      30650
a     312     307      30650
a     313     349       1226
a     313     314      30650
a     313     312      30650
a     313     318      30650
a     313     308      30650
a     314     329       1226
a     314     315      30650
a     314     313      30650
a     314     319      30650
a     314     309      30650
a     315     339       1226
a     315     314      30650
a     315     320      30650
a     315     310      30650
a     316     340       1226
a     316     317      30650
a     316     321      30650
a     316     311      30650
a     317     333       1226
a     317     318      30650
a     317     316      30650
a     317     322      30650
a     317     312      30650
a     318     330       1226
a     318     319      30650
a     318     317      30650
a     318     323      30650
a     318     313      30650
a     319     338       1226
a     319     320      30650
a     319     318      30650
a     319     324      30650
a     319     314      30650
a     320     350       1226
a     320     319      30650
a     320     325      30650
a     320     315      30650
a     321     334       1226
a     321     322      30650
a     321     316      30650
a     322     345       1226
a     322     323      30650
a     322     321      30650
a     322     317      30650
a     323     343       1226
a     323     324      30650
a     323     322      30650
a     323     318      30650
a     324     328       1226
a     324     325      30650
a     324     323      30650
a     324     319      30650
a     325     331       1226
a     325     324      30650
a     325     320      30650
a     326     327      30650
a     326     331      30650
a     327     328      30650
a     327     326      30650
a     327     332      30650
a     328     329      30650
a     328     327      30650
a     328     333      30650
a     329     330      30650
a     329     328      30650
a     329     334      30650
a     330     329      30650
a     330     335      30650
a     331     332      30650
a     331     336      30650
a     331     326      30650
a     332     333      30650
a     332     331      30650
a     332     337      30650
a     332     327      30650
a     333     334      30650
a     333     332      30650
a     333     338      30650
a     333     328      30650
a     334     335      30650
a     334     333      30650
a     334     339      30650
a     334     329      30650
a     335     334      30650
a     335     340      30650
a     335     330      30650
a     336     337      30650
a     336     341      30650
a     336     331      30650
a     337     338      30650
a     337     336      30650
a     337     342      30650
a     337     332      30650
a     338     339      30650
a     338     337      30650
a     338     343      30650
a     338     333      30650
a     339     340      30650
a     339     338      30650
a     339     344      30650
a     339     334      30650
a     340     339      30650
a     340     345      30650
a     340     335      30650
a     341     342      30650
a     341     346      30650
a     341     336      30650
a     342     343      30650
a     342     341      30650
a     342     347      30650
a     342     337      30650
a     343     344      30650
a     343     342      30650
a     343     348      30650
a     343     338      30650
a     344     345      30650
a     344     343      30650
a     344     349      30650
a     344     339      30650
a     345     344      30650
a     345     350      30650
a     345     340      30650
a     346     347      30650
a     346     341      30650
a     347     348      30650
a     347     346      30650
a     347     342      30650
a     348     349      30650
a     348     347      30650
a     348     343      30650
a     349     350      30650
a     349     348      30650
a     349     344      30650
a     350     349      30650
a     350     345      30650
