c This file was generated by genrmf.
c The parameters are: a: 10 b: 6 c1: 50 c2: 301 seed: 1666103673
p max     600       2660
n       1 s
n     600 t
a       1     110        300
a       1       2      30100
a       1      11      30100
a       2     120        195
a       2       3      30100
a       2       1      30100
a       2      12      30100
a       3     118        170
a       3       4      30100
a       3       2      30100
a       3      13      30100
a       4     181        254
a       4       5      30100
a       4       3      30100
a       4      14      30100
a       5     104        116
a       5       6      30100
a       5       4      30100
a       5      15      30100
a       6     164         62
a       6       7      30100
a       6       5      30100
a       6      16      30100
a       7     151        109
a       7       8      30100
a       7       6      30100
a       7      17      30100
a       8     101        175
a       8       9      30100
a       8       7      30100
a       8      18      30100
a       9     183        274
a       9      10      30100
a       9       8      30100
a       9      19      30100
a      10     140        199
a      10       9      30100
a      10      20      30100
a      11     182        157
a      11      12      30100
a      11      21      30100
a      11       1      30100
a      12     144        105
a      12      13      30100
a      12      11      30100
a      12      22      30100
a      12       2      30100
a      13     139        115
a      13      14      30100
a      13      12      30100
a      13      23      30100
a      13       3      30100
a      14     184        195
a      14      15      30100
a      14      13      30100
a      14      24      30100
a      14       4      30100
a      15     190        288
a      15      16      30100
a      15      14      30100
a      15      25      30100
a      15       5      30100
a      16     103        140
a      16      17      30100
a      16      15      30100
a      16      26      30100
a      16       6      30100
a      17     142        165
a      17      18      30100
a      17      16      30100
a      17      27      30100
a      17       7      30100
a      18     193        291
a      18      19      30100
a      18      17      30100
a      18      28      30100
a      18       8      30100
a      19     159        175
a      19      20      30100
a      19      18      30100
a      19      29      30100
a      19       9      30100
a      20     136        258
a      20      19      30100
a      20      30      30100
a      20      10      30100
a      21     131        245
a      21      22      30100
a      21      31      30100
a      21      11      30100
a      22     165        201
a      22      23      30100
a      22      21      30100
a      22      32      30100
a      22      12      30100
a      23     161        298
a      23      24      30100
a      23      22      30100
a      23      33      30100
a      23      13      30100
a      24     132        148
a      24      25      30100
a      24      23      30100
a      24      34      30100
a      24      14      30100
a      25     199        285
a      25      26      30100
a      25      24      30100
a      25      35      30100
a      25      15      30100
a      26     174        155
a      26      27      30100
a      26      25      30100
a      26      36      30100
a      26      16      30100
a      27     157        240
a      27      28      30100
a      27      26      30100
a      27      37      30100
a      27      17      30100
a      28     138        214
a      28      29      30100
a      28      27      30100
a      28      38      30100
a      28      18      30100
a      29     105         75
a      29      30      30100
a      29      28      30100
a      29      39      30100
a      29      19      30100
a      30     117         91
a      30      29      30100
a      30      40      30100
a      30      20      30100
a      31     153        103
a      31      32      30100
a      31      41      30100
a      31      21      30100
a      32     188        225
a      32      33      30100
a      32      31      30100
a      32      42      30100
a      32      22      30100
a      33     126        178
a      33      34      30100
a      33      32      30100
a      33      43      30100
a      33      23      30100
a      34     146        274
a      34      35      30100
a      34      33      30100
a      34      44      30100
a      34      24      30100
a      35     148        245
a      35      36      30100
a      35      34      30100
a      35      45      30100
a      35      25      30100
a      36     127         64
a      36      37      30100
a      36      35      30100
a      36      46      30100
a      36      26      30100
a      37     141        141
a      37      38      30100
a      37      36      30100
a      37      47      30100
a      37      27      30100
a      38     192        202
a      38      39      30100
a      38      37      30100
a      38      48      30100
a      38      28      30100
a      39     119        118
a      39      40      30100
a      39      38      30100
a      39      49      30100
a      39      29      30100
a      40     172        221
a      40      39      30100
a      40      50      30100
a      40      30      30100
a      41     189        238
a      41      42      30100
a      41      51      30100
a      41      31      30100
a      42     112        206
a      42      43      30100
a      42      41      30100
a      42      52      30100
a      42      32      30100
a      43     185        238
a      43      44      30100
a      43      42      30100
a      43      53      30100
a      43      33      30100
a      44     179        119
a      44      45      30100
a      44      43      30100
a      44      54      30100
a      44      34      30100
a      45     150        242
a      45      46      30100
a      45      44      30100
a      45      55      30100
a      45      35      30100
a      46     186         88
a      46      47      30100
a      46      45      30100
a      46      56      30100
a      46      36      30100
a      47     166        188
a      47      48      30100
a      47      46      30100
a      47      57      30100
a      47      37      30100
a      48     198        202
a      48      49      30100
a      48      47      30100
a      48      58      30100
a      48      38      30100
a      49     168         87
a      49      50      30100
a      49      48      30100
a      49      59      30100
a      49      39      30100
a      50     108        285
a      50      49      30100
a      50      60      30100
a      50      40      30100
a      51     123        153
a      51      52      30100
a      51      61      30100
a      51      41      30100
a      52     160        108
a      52      53      30100
a      52      51      30100
a      52      62      30100
a      52      42      30100
a      53     169        300
a      53      54      30100
a      53      52      30100
a      53      63      30100
a      53      43      30100
a      54     173        125
a      54      55      30100
a      54      53      30100
a      54      64      30100
a      54      44      30100
a      55     135        122
a      55      56      30100
a      55      54      30100
a      55      65      30100
a      55      45      30100
a      56     137        149
a      56      57      30100
a      56      55      30100
a      56      66      30100
a      56      46      30100
a      57     180        143
a      57      58      30100
a      57      56      30100
a      57      67      30100
a      57      47      30100
a      58     152        245
a      58      59      30100
a      58      57      30100
a      58      68      30100
a      58      48      30100
a      59     156         72
a      59      60      30100
a      59      58      30100
a      59      69      30100
a      59      49      30100
a      60     114        231
a      60      59      30100
a      60      70      30100
a      60      50      30100
a      61     178         87
a      61      62      30100
a      61      71      30100
a      61      51      30100
a      62     163        288
a      62      63      30100
a      62      61      30100
a      62      72      30100
a      62      52      30100
a      63     130        154
a      63      64      30100
a      63      62      30100
a      63      73      30100
a      63      53      30100
a      64     167         81
a      64      65      30100
a      64      63      30100
a      64      74      30100
a      64      54      30100
a      65     162        234
a      65      66      30100
a      65      64      30100
a      65      75      30100
a      65      55      30100
a      66     170        127
a      66      67      30100
a      66      65      30100
a      66      76      30100
a      66      56      30100
a      67     171        258
a      67      68      30100
a      67      66      30100
a      67      77      30100
a      67      57      30100
a      68     197        231
a      68      69      30100
a      68      67      30100
a      68      78      30100
a      68      58      30100
a      69     107        235
a      69      70      30100
a      69      68      30100
a      69      79      30100
a      69      59      30100
a      70     122        223
a      70      69      30100
a      70      80      30100
a      70      60      30100
a      71     128        283
a      71      72      30100
a      71      81      30100
a      71      61      30100
a      72     111        272
a      72      73      30100
a      72      71      30100
a      72      82      30100
a      72      62      30100
a      73     106        122
a      73      74      30100
a      73      72      30100
a      73      83      30100
a      73      63      30100
a      74     125        193
a      74      75      30100
a      74      73      30100
a      74      84      30100
a      74      64      30100
a      75     195        276
a      75      76      30100
a      75      74      30100
a      75      85      30100
a      75      65      30100
a      76     115        180
a      76      77      30100
a      76      75      30100
a      76      86      30100
a      76      66      30100
a      77     200        207
a      77      78      30100
a      77      76      30100
a      77      87      30100
a      77      67      30100
a      78     121        128
a      78      79      30100
a      78      77      30100
a      78      88      30100
a      78      68      30100
a      79     177        122
a      79      80      30100
a      79      78      30100
a      79      89      30100
a      79      69      30100
a      80     129        154
a      80      79      30100
a      80      90      30100
a      80      70      30100
a      81     175        261
a      81      82      30100
a      81      91      30100
a      81      71      30100
a      82     154         88
a      82      83      30100
a      82      81      30100
a      82      92      30100
a      82      72      30100
a      83     147        124
a      83      84      30100
a      83      82      30100
a      83      93      30100
a      83      73      30100
a      84     143        138
a      84      85      30100
a      84      83      30100
a      84      94      30100
a      84      74      30100
a      85     102        298
a      85      86      30100
a      85      84      30100
a      85      95      30100
a      85      75      30100
a      86     158        201
a      86      87      30100
a      86      85      30100
a      86      96      30100
a      86      76      30100
a      87     133        152
a      87      88      30100
a      87      86      30100
a      87      97      30100
a      87      77      30100
a      88     109        209
a      88      89      30100
a      88      87      30100
a      88      98      30100
a      88      78      30100
a      89     155         53
a      89      90      30100
a      89      88      30100
a      89      99      30100
a      89      79      30100
a      90     116        144
a      90      89      30100
a      90     100      30100
a      90      80      30100
a      91     145        207
a      91      92      30100
a      91      81      30100
a      92     176        174
a      92      93      30100
a      92      91      30100
a      92      82      30100
a      93     113        231
a      93      94      30100
a      93      92      30100
a      93      83      30100
a      94     196        102
a      94      95      30100
a      94      93      30100
a      94      84      30100
a      95     194        271
a      95      96      30100
a      95      94      30100
a      95      85      30100
a      96     134         58
a      96      97      30100
a      96      95      30100
a      96      86      30100
a      97     191        214
a      97      98      30100
a      97      96      30100
a      97      87      30100
a      98     124         87
a      98      99      30100
a      98      97      30100
a      98      88      30100
a      99     149        232
a      99     100      30100
a      99      98      30100
a      99      89      30100
a     100     187         59
a     100      99      30100
a     100      90      30100
a     101     290        154
a     101     102      30100
a     101     111      30100
a     102     259        286
a     102     103      30100
a     102     101      30100
a     102     112      30100
a     103     211        225
a     103     104      30100
a     103     102      30100
a     103     113      30100
a     104     251        152
a     104     105      30100
a     104     103      30100
a     104     114      30100
a     105     230        192
a     105     106      30100
a     105     104      30100
a     105     115      30100
a     106     257         87
a     106     107      30100
a     106     105      30100
a     106     116      30100
a     107     277        159
a     107     108      30100
a     107     106      30100
a     107     117      30100
a     108     299        264
a     108     109      30100
a     108     107      30100
a     108     118      30100
a     109     220        229
a     109     110      30100
a     109     108      30100
a     109     119      30100
a     110     244        294
a     110     109      30100
a     110     120      30100
a     111     267        284
a     111     112      30100
a     111     121      30100
a     111     101      30100
a     112     282         79
a     112     113      30100
a     112     111      30100
a     112     122      30100
a     112     102      30100
a     113     253        113
a     113     114      30100
a     113     112      30100
a     113     123      30100
a     113     103      30100
a     114     216        121
a     114     115      30100
a     114     113      30100
a     114     124      30100
a     114     104      30100
a     115     213        214
a     115     116      30100
a     115     114      30100
a     115     125      30100
a     115     105      30100
a     116     237        251
a     116     117      30100
a     116     115      30100
a     116     126      30100
a     116     106      30100
a     117     232        157
a     117     118      30100
a     117     116      30100
a     117     127      30100
a     117     107      30100
a     118     205        136
a     118     119      30100
a     118     117      30100
a     118     128      30100
a     118     108      30100
a     119     243        129
a     119     120      30100
a     119     118      30100
a     119     129      30100
a     119     109      30100
a     120     295        238
a     120     119      30100
a     120     130      30100
a     120     110      30100
a     121     262         80
a     121     122      30100
a     121     131      30100
a     121     111      30100
a     122     298         98
a     122     123      30100
a     122     121      30100
a     122     132      30100
a     122     112      30100
a     123     283         82
a     123     124      30100
a     123     122      30100
a     123     133      30100
a     123     113      30100
a     124     212        201
a     124     125      30100
a     124     123      30100
a     124     134      30100
a     124     114      30100
a     125     203        185
a     125     126      30100
a     125     124      30100
a     125     135      30100
a     125     115      30100
a     126     289        237
a     126     127      30100
a     126     125      30100
a     126     136      30100
a     126     116      30100
a     127     274        212
a     127     128      30100
a     127     126      30100
a     127     137      30100
a     127     117      30100
a     128     234         94
a     128     129      30100
a     128     127      30100
a     128     138      30100
a     128     118      30100
a     129     226        300
a     129     130      30100
a     129     128      30100
a     129     139      30100
a     129     119      30100
a     130     261        116
a     130     129      30100
a     130     140      30100
a     130     120      30100
a     131     247        124
a     131     132      30100
a     131     141      30100
a     131     121      30100
a     132     270        240
a     132     133      30100
a     132     131      30100
a     132     142      30100
a     132     122      30100
a     133     249        194
a     133     134      30100
a     133     132      30100
a     133     143      30100
a     133     123      30100
a     134     260        199
a     134     135      30100
a     134     133      30100
a     134     144      30100
a     134     124      30100
a     135     271        141
a     135     136      30100
a     135     134      30100
a     135     145      30100
a     135     125      30100
a     136     242         67
a     136     137      30100
a     136     135      30100
a     136     146      30100
a     136     126      30100
a     137     215        192
a     137     138      30100
a     137     136      30100
a     137     147      30100
a     137     127      30100
a     138     263         72
a     138     139      30100
a     138     137      30100
a     138     148      30100
a     138     128      30100
a     139     258        241
a     139     140      30100
a     139     138      30100
a     139     149      30100
a     139     129      30100
a     140     284        261
a     140     139      30100
a     140     150      30100
a     140     130      30100
a     141     241        251
a     141     142      30100
a     141     151      30100
a     141     131      30100
a     142     288        157
a     142     143      30100
a     142     141      30100
a     142     152      30100
a     142     132      30100
a     143     219        179
a     143     144      30100
a     143     142      30100
a     143     153      30100
a     143     133      30100
a     144     204        106
a     144     145      30100
a     144     143      30100
a     144     154      30100
a     144     134      30100
a     145     223        262
a     145     146      30100
a     145     144      30100
a     145     155      30100
a     145     135      30100
a     146     225        236
a     146     147      30100
a     146     145      30100
a     146     156      30100
a     146     136      30100
a     147     265        272
a     147     148      30100
a     147     146      30100
a     147     157      30100
a     147     137      30100
a     148     285        164
a     148     149      30100
a     148     147      30100
a     148     158      30100
a     148     138      30100
a     149     228        265
a     149     150      30100
a     149     148      30100
a     149     159      30100
a     149     139      30100
a     150     201         73
a     150     149      30100
a     150     160      30100
a     150     140      30100
a     151     297        174
a     151     152      30100
a     151     161      30100
a     151     141      30100
a     152     255         99
a     152     153      30100
a     152     151      30100
a     152     162      30100
a     152     142      30100
a     153     245        283
a     153     154      30100
a     153     152      30100
a     153     163      30100
a     153     143      30100
a     154     236        244
a     154     155      30100
a     154     153      30100
a     154     164      30100
a     154     144      30100
a     155     202         55
a     155     156      30100
a     155     154      30100
a     155     165      30100
a     155     145      30100
a     156     235        132
a     156     157      30100
a     156     155      30100
a     156     166      30100
a     156     146      30100
a     157     210        280
a     157     158      30100
a     157     156      30100
a     157     167      30100
a     157     147      30100
a     158     217        258
a     158     159      30100
a     158     157      30100
a     158     168      30100
a     158     148      30100
a     159     206         53
a     159     160      30100
a     159     158      30100
a     159     169      30100
a     159     149      30100
a     160     273        176
a     160     159      30100
a     160     170      30100
a     160     150      30100
a     161     238        160
a     161     162      30100
a     161     171      30100
a     161     151      30100
a     162     264        174
a     162     163      30100
a     162     161      30100
a     162     172      30100
a     162     152      30100
a     163     287        272
a     163     164      30100
a     163     162      30100
a     163     173      30100
a     163     153      30100
a     164     246        106
a     164     165      30100
a     164     163      30100
a     164     174      30100
a     164     154      30100
a     165     227        110
a     165     166      30100
a     165     164      30100
a     165     175      30100
a     165     155      30100
a     166     269        236
a     166     167      30100
a     166     165      30100
a     166     176      30100
a     166     156      30100
a     167     256        137
a     167     168      30100
a     167     166      30100
a     167     177      30100
a     167     157      30100
a     168     248        271
a     168     169      30100
a     168     167      30100
a     168     178      30100
a     168     158      30100
a     169     281        151
a     169     170      30100
a     169     168      30100
a     169     179      30100
a     169     159      30100
a     170     214        253
a     170     169      30100
a     170     180      30100
a     170     160      30100
a     171     254        274
a     171     172      30100
a     171     181      30100
a     171     161      30100
a     172     279        221
a     172     173      30100
a     172     171      30100
a     172     182      30100
a     172     162      30100
a     173     239        241
a     173     174      30100
a     173     172      30100
a     173     183      30100
a     173     163      30100
a     174     278         50
a     174     175      30100
a     174     173      30100
a     174     184      30100
a     174     164      30100
a     175     275        176
a     175     176      30100
a     175     174      30100
a     175     185      30100
a     175     165      30100
a     176     240         81
a     176     177      30100
a     176     175      30100
a     176     186      30100
a     176     166      30100
a     177     250        105
a     177     178      30100
a     177     176      30100
a     177     187      30100
a     177     167      30100
a     178     292         88
a     178     179      30100
a     178     177      30100
a     178     188      30100
a     178     168      30100
a     179     280        151
a     179     180      30100
a     179     178      30100
a     179     189      30100
a     179     169      30100
a     180     207        145
a     180     179      30100
a     180     190      30100
a     180     170      30100
a     181     291        141
a     181     182      30100
a     181     191      30100
a     181     171      30100
a     182     286        195
a     182     183      30100
a     182     181      30100
a     182     192      30100
a     182     172      30100
a     183     222        138
a     183     184      30100
a     183     182      30100
a     183     193      30100
a     183     173      30100
a     184     293        183
a     184     185      30100
a     184     183      30100
a     184     194      30100
a     184     174      30100
a     185     272        139
a     185     186      30100
a     185     184      30100
a     185     195      30100
a     185     175      30100
a     186     231         55
a     186     187      30100
a     186     185      30100
a     186     196      30100
a     186     176      30100
a     187     300        239
a     187     188      30100
a     187     186      30100
a     187     197      30100
a     187     177      30100
a     188     268        253
a     188     189      30100
a     188     187      30100
a     188     198      30100
a     188     178      30100
a     189     209        228
a     189     190      30100
a     189     188      30100
a     189     199      30100
a     189     179      30100
a     190     294        108
a     190     189      30100
a     190     200      30100
a     190     180      30100
a     191     229         76
a     191     192      30100
a     191     181      30100
a     192     224        219
a     192     193      30100
a     192     191      30100
a     192     182      30100
a     193     221        152
a     193     194      30100
a     193     192      30100
a     193     183      30100
a     194     233        229
a     194     195      30100
a     194     193      30100
a     194     184      30100
a     195     296        281
a     195     196      30100
a     195     194      30100
a     195     185      30100
a     196     208        128
a     196     197      30100
a     196     195      30100
a     196     186      30100
a     197     218        219
a     197     198      30100
a     197     196      30100
a     197     187      30100
a     198     266         78
a     198     199      30100
a     198     197      30100
a     198     188      30100
a     199     252        260
a     199     200      30100
a     199     198      30100
a     199     189      30100
a     200     276        166
a     200     199      30100
a     200     190      30100
a     201     310        182
a     201     202      30100
a     201     211      30100
a     202     311        226
a     202     203      30100
a     202     201      30100
a     202     212      30100
a     203     306        179
a     203     204      30100
a     203     202      30100
a     203     213      30100
a     204     377        262
a     204     205      30100
a     204     203      30100
a     204     214      30100
a     205     351        223
a     205     206      30100
a     205     204      30100
a     205     215      30100
a     206     313         66
a     206     207      30100
a     206     205      30100
a     206     216      30100
a     207     307        299
a     207     208      30100
a     207     206      30100
a     207     217      30100
a     208     323        111
a     208     209      30100
a     208     207      30100
a     208     218      30100
a     209     330        141
a     209     210      30100
a     209     208      30100
a     209     219      30100
a     210     394        130
a     210     209      30100
a     210     220      30100
a     211     368        285
a     211     212      30100
a     211     221      30100
a     211     201      30100
a     212     312        233
a     212     213      30100
a     212     211      30100
a     212     222      30100
a     212     202      30100
a     213     387        262
a     213     214      30100
a     213     212      30100
a     213     223      30100
a     213     203      30100
a     214     331        232
a     214     215      30100
a     214     213      30100
a     214     224      30100
a     214     204      30100
a     215     302        174
a     215     216      30100
a     215     214      30100
a     215     225      30100
a     215     205      30100
a     216     376        102
a     216     217      30100
a     216     215      30100
a     216     226      30100
a     216     206      30100
a     217     339        235
a     217     218      30100
a     217     216      30100
a     217     227      30100
a     217     207      30100
a     218     305        175
a     218     219      30100
a     218     217      30100
a     218     228      30100
a     218     208      30100
a     219     398        103
a     219     220      30100
a     219     218      30100
a     219     229      30100
a     219     209      30100
a     220     400        156
a     220     219      30100
a     220     230      30100
a     220     210      30100
a     221     320         97
a     221     222      30100
a     221     231      30100
a     221     211      30100
a     222     399        276
a     222     223      30100
a     222     221      30100
a     222     232      30100
a     222     212      30100
a     223     304        186
a     223     224      30100
a     223     222      30100
a     223     233      30100
a     223     213      30100
a     224     379        273
a     224     225      30100
a     224     223      30100
a     224     234      30100
a     224     214      30100
a     225     316        191
a     225     226      30100
a     225     224      30100
a     225     235      30100
a     225     215      30100
a     226     324        104
a     226     227      30100
a     226     225      30100
a     226     236      30100
a     226     216      30100
a     227     354        127
a     227     228      30100
a     227     226      30100
a     227     237      30100
a     227     217      30100
a     228     361        200
a     228     229      30100
a     228     227      30100
a     228     238      30100
a     228     218      30100
a     229     353        135
a     229     230      30100
a     229     228      30100
a     229     239      30100
a     229     219      30100
a     230     356        242
a     230     229      30100
a     230     240      30100
a     230     220      30100
a     231     364         72
a     231     232      30100
a     231     241      30100
a     231     221      30100
a     232     366        178
a     232     233      30100
a     232     231      30100
a     232     242      30100
a     232     222      30100
a     233     370        240
a     233     234      30100
a     233     232      30100
a     233     243      30100
a     233     223      30100
a     234     303        154
a     234     235      30100
a     234     233      30100
a     234     244      30100
a     234     224      30100
a     235     389        205
a     235     236      30100
a     235     234      30100
a     235     245      30100
a     235     225      30100
a     236     357        199
a     236     237      30100
a     236     235      30100
a     236     246      30100
a     236     226      30100
a     237     378         94
a     237     238      30100
a     237     236      30100
a     237     247      30100
a     237     227      30100
a     238     363         74
a     238     239      30100
a     238     237      30100
a     238     248      30100
a     238     228      30100
a     239     396         95
a     239     240      30100
a     239     238      30100
a     239     249      30100
a     239     229      30100
a     240     329        104
a     240     239      30100
a     240     250      30100
a     240     230      30100
a     241     308         57
a     241     242      30100
a     241     251      30100
a     241     231      30100
a     242     350        179
a     242     243      30100
a     242     241      30100
a     242     252      30100
a     242     232      30100
a     243     386        279
a     243     244      30100
a     243     242      30100
a     243     253      30100
a     243     233      30100
a     244     381         55
a     244     245      30100
a     244     243      30100
a     244     254      30100
a     244     234      30100
a     245     393        208
a     245     246      30100
a     245     244      30100
a     245     255      30100
a     245     235      30100
a     246     334        212
a     246     247      30100
a     246     245      30100
a     246     256      30100
a     246     236      30100
a     247     301        212
a     247     248      30100
a     247     246      30100
a     247     257      30100
a     247     237      30100
a     248     392         93
a     248     249      30100
a     248     247      30100
a     248     258      30100
a     248     238      30100
a     249     384        284
a     249     250      30100
a     249     248      30100
a     249     259      30100
a     249     239      30100
a     250     371        186
a     250     249      30100
a     250     260      30100
a     250     240      30100
a     251     319        257
a     251     252      30100
a     251     261      30100
a     251     241      30100
a     252     309        198
a     252     253      30100
a     252     251      30100
a     252     262      30100
a     252     242      30100
a     253     380         75
a     253     254      30100
a     253     252      30100
a     253     263      30100
a     253     243      30100
a     254     344        275
a     254     255      30100
a     254     253      30100
a     254     264      30100
a     254     244      30100
a     255     397         92
a     255     256      30100
a     255     254      30100
a     255     265      30100
a     255     245      30100
a     256     336        212
a     256     257      30100
a     256     255      30100
a     256     266      30100
a     256     246      30100
a     257     358        167
a     257     258      30100
a     257     256      30100
a     257     267      30100
a     257     247      30100
a     258     346         75
a     258     259      30100
a     258     257      30100
a     258     268      30100
a     258     248      30100
a     259     327        209
a     259     260      30100
a     259     258      30100
a     259     269      30100
a     259     249      30100
a     260     321        105
a     260     259      30100
a     260     270      30100
a     260     250      30100
a     261     328        109
a     261     262      30100
a     261     271      30100
a     261     251      30100
a     262     369        114
a     262     263      30100
a     262     261      30100
a     262     272      30100
a     262     252      30100
a     263     388        244
a     263     264      30100
a     263     262      30100
a     263     273      30100
a     263     253      30100
a     264     372        229
a     264     265      30100
a     264     263      30100
a     264     274      30100
a     264     254      30100
a     265     317        286
a     265     266      30100
a     265     264      30100
a     265     275      30100
a     265     255      30100
a     266     338        240
a     266     267      30100
a     266     265      30100
a     266     276      30100
a     266     256      30100
a     267     341        190
a     267     268      30100
a     267     266      30100
a     267     277      30100
a     267     257      30100
a     268     326        262
a     268     269      30100
a     268     267      30100
a     268     278      30100
a     268     258      30100
a     269     332        136
a     269     270      30100
a     269     268      30100
a     269     279      30100
a     269     259      30100
a     270     362        114
a     270     269      30100
a     270     280      30100
a     270     260      30100
a     271     342        164
a     271     272      30100
a     271     281      30100
a     271     261      30100
a     272     374         75
a     272     273      30100
a     272     271      30100
a     272     282      30100
a     272     262      30100
a     273     359        296
a     273     274      30100
a     273     272      30100
a     273     283      30100
a     273     263      30100
a     274     382        170
a     274     275      30100
a     274     273      30100
a     274     284      30100
a     274     264      30100
a     275     333        101
a     275     276      30100
a     275     274      30100
a     275     285      30100
a     275     265      30100
a     276     355        141
a     276     277      30100
a     276     275      30100
a     276     286      30100
a     276     266      30100
a     277     343        114
a     277     278      30100
a     277     276      30100
a     277     287      30100
a     277     267      30100
a     278     395        300
a     278     279      30100
a     278     277      30100
a     278     288      30100
a     278     268      30100
a     279     385        199
a     279     280      30100
a     279     278      30100
a     279     289      30100
a     279     269      30100
a     280     348        179
a     280     279      30100
a     280     290      30100
a     280     270      30100
a     281     365        190
a     281     282      30100
a     281     291      30100
a     281     271      30100
a     282     347        135
a     282     283      30100
a     282     281      30100
a     282     292      30100
a     282     272      30100
a     283     335        113
a     283     284      30100
a     283     282      30100
a     283     293      30100
a     283     273      30100
a     284     349        174
a     284     285      30100
a     284     283      30100
a     284     294      30100
a     284     274      30100
a     285     391        224
a     285     286      30100
a     285     284      30100
a     285     295      30100
a     285     275      30100
a     286     345        301
a     286     287      30100
a     286     285      30100
a     286     296      30100
a     286     276      30100
a     287     315        208
a     287     288      30100
a     287     286      30100
a     287     297      30100
a     287     277      30100
a     288     360        128
a     288     289      30100
a     288     287      30100
a     288     298      30100
a     288     278      30100
a     289     383        245
a     289     290      30100
a     289     288      30100
a     289     299      30100
a     289     279      30100
a     290     390         64
a     290     289      30100
a     290     300      30100
a     290     280      30100
a     291     314        286
a     291     292      30100
a     291     281      30100
a     292     373         67
a     292     293      30100
a     292     291      30100
a     292     282      30100
a     293     340        101
a     293     294      30100
a     293     292      30100
a     293     283      30100
a     294     318        215
a     294     295      30100
a     294     293      30100
a     294     284      30100
a     295     352        124
a     295     296      30100
a     295     294      30100
a     295     285      30100
a     296     367        109
a     296     297      30100
a     296     295      30100
a     296     286      30100
a     297     322        172
a     297     298      30100
a     297     296      30100
a     297     287      30100
a     298     375        274
a     298     299      30100
a     298     297      30100
a     298     288      30100
a     299     337        189
a     299     300      30100
a     299     298      30100
a     299     289      30100
a     300     325        155
a     300     299      30100
a     300     290      30100
a     301     421        234
a     301     302      30100
a     301     311      30100
a     302     401        105
a     302     303      30100
a     302     301      30100
a     302     312      30100
a     303     459        126
a     303     304      30100
a     303     302      30100
a     303     313      30100
a     304     494         86
a     304     305      30100
a     304     303      30100
a     304     314      30100
a     305     486        139
a     305     306      30100
a     305     304      30100
a     305     315      30100
a     306     413         83
a     306     307      30100
a     306     305      30100
a     306     316      30100
a     307     434        206
a     307     308      30100
a     307     306      30100
a     307     317      30100
a     308     499        210
a     308     309      30100
a     308     307      30100
a     308     318      30100
a     309     429        234
a     309     310      30100
a     309     308      30100
a     309     319      30100
a     310     465        237
a     310     309      30100
a     310     320      30100
a     311     472        230
a     311     312      30100
a     311     321      30100
a     311     301      30100
a     312     447        221
a     312     313      30100
a     312     311      30100
a     312     322      30100
a     312     302      30100
a     313     466        293
a     313     314      30100
a     313     312      30100
a     313     323      30100
a     313     303      30100
a     314     412        163
a     314     315      30100
a     314     313      30100
a     314     324      30100
a     314     304      30100
a     315     490        156
a     315     316      30100
a     315     314      30100
a     315     325      30100
a     315     305      30100
a     316     427        143
a     316     317      30100
a     316     315      30100
a     316     326      30100
a     316     306      30100
a     317     448        219
a     317     318      30100
a     317     316      30100
a     317     327      30100
a     317     307      30100
a     318     496        160
a     318     319      30100
a     318     317      30100
a     318     328      30100
a     318     308      30100
a     319     469        132
a     319     320      30100
a     319     318      30100
a     319     329      30100
a     319     309      30100
a     320     467        296
a     320     319      30100
a     320     330      30100
a     320     310      30100
a     321     476        141
a     321     322      30100
a     321     331      30100
a     321     311      30100
a     322     409        132
a     322     323      30100
a     322     321      30100
a     322     332      30100
a     322     312      30100
a     323     415        281
a     323     324      30100
a     323     322      30100
a     323     333      30100
a     323     313      30100
a     324     422        113
a     324     325      30100
a     324     323      30100
a     324     334      30100
a     324     314      30100
a     325     489        177
a     325     326      30100
a     325     324      30100
a     325     335      30100
a     325     315      30100
a     326     438        153
a     326     327      30100
a     326     325      30100
a     326     336      30100
a     326     316      30100
a     327     473        128
a     327     328      30100
a     327     326      30100
a     327     337      30100
a     327     317      30100
a     328     487        187
a     328     329      30100
a     328     327      30100
a     328     338      30100
a     328     318      30100
a     329     416         88
a     329     330      30100
a     329     328      30100
a     329     339      30100
a     329     319      30100
a     330     432        290
a     330     329      30100
a     330     340      30100
a     330     320      30100
a     331     477        173
a     331     332      30100
a     331     341      30100
a     331     321      30100
a     332     492        233
a     332     333      30100
a     332     331      30100
a     332     342      30100
a     332     322      30100
a     333     455        262
a     333     334      30100
a     333     332      30100
a     333     343      30100
a     333     323      30100
a     334     452        125
a     334     335      30100
a     334     333      30100
a     334     344      30100
a     334     324      30100
a     335     423         91
a     335     336      30100
a     335     334      30100
a     335     345      30100
a     335     325      30100
a     336     498        151
a     336     337      30100
a     336     335      30100
a     336     346      30100
a     336     326      30100
a     337     417         64
a     337     338      30100
a     337     336      30100
a     337     347      30100
a     337     327      30100
a     338     404         52
a     338     339      30100
a     338     337      30100
a     338     348      30100
a     338     328      30100
a     339     402         76
a     339     340      30100
a     339     338      30100
a     339     349      30100
a     339     329      30100
a     340     414        157
a     340     339      30100
a     340     350      30100
a     340     330      30100
a     341     431        138
a     341     342      30100
a     341     351      30100
a     341     331      30100
a     342     474        130
a     342     343      30100
a     342     341      30100
a     342     352      30100
a     342     332      30100
a     343     425        217
a     343     344      30100
a     343     342      30100
a     343     353      30100
a     343     333      30100
a     344     440        134
a     344     345      30100
a     344     343      30100
a     344     354      30100
a     344     334      30100
a     345     418        199
a     345     346      30100
a     345     344      30100
a     345     355      30100
a     345     335      30100
a     346     407         52
a     346     347      30100
a     346     345      30100
a     346     356      30100
a     346     336      30100
a     347     475         92
a     347     348      30100
a     347     346      30100
a     347     357      30100
a     347     337      30100
a     348     485         98
a     348     349      30100
a     348     347      30100
a     348     358      30100
a     348     338      30100
a     349     444        198
a     349     350      30100
a     349     348      30100
a     349     359      30100
a     349     339      30100
a     350     468        135
a     350     349      30100
a     350     360      30100
a     350     340      30100
a     351     481        135
a     351     352      30100
a     351     361      30100
a     351     341      30100
a     352     471        129
a     352     353      30100
a     352     351      30100
a     352     362      30100
a     352     342      30100
a     353     482        265
a     353     354      30100
a     353     352      30100
a     353     363      30100
a     353     343      30100
a     354     439        244
a     354     355      30100
a     354     353      30100
a     354     364      30100
a     354     344      30100
a     355     478         71
a     355     356      30100
a     355     354      30100
a     355     365      30100
a     355     345      30100
a     356     403        129
a     356     357      30100
a     356     355      30100
a     356     366      30100
a     356     346      30100
a     357     441         69
a     357     358      30100
a     357     356      30100
a     357     367      30100
a     357     347      30100
a     358     497         54
a     358     359      30100
a     358     357      30100
a     358     368      30100
a     358     348      30100
a     359     500         98
a     359     360      30100
a     359     358      30100
a     359     369      30100
a     359     349      30100
a     360     463        160
a     360     359      30100
a     360     370      30100
a     360     350      30100
a     361     460        177
a     361     362      30100
a     361     371      30100
a     361     351      30100
a     362     437        108
a     362     363      30100
a     362     361      30100
a     362     372      30100
a     362     352      30100
a     363     442         57
a     363     364      30100
a     363     362      30100
a     363     373      30100
a     363     353      30100
a     364     426         87
a     364     365      30100
a     364     363      30100
a     364     374      30100
a     364     354      30100
a     365     458        170
a     365     366      30100
a     365     364      30100
a     365     375      30100
a     365     355      30100
a     366     488        139
a     366     367      30100
a     366     365      30100
a     366     376      30100
a     366     356      30100
a     367     436         56
a     367     368      30100
a     367     366      30100
a     367     377      30100
a     367     357      30100
a     368     483        180
a     368     369      30100
a     368     367      30100
a     368     378      30100
a     368     358      30100
a     369     405         60
a     369     370      30100
a     369     368      30100
a     369     379      30100
a     369     359      30100
a     370     456         62
a     370     369      30100
a     370     380      30100
a     370     360      30100
a     371     411        264
a     371     372      30100
a     371     381      30100
a     371     361      30100
a     372     428        224
a     372     373      30100
a     372     371      30100
a     372     382      30100
a     372     362      30100
a     373     451        250
a     373     374      30100
a     373     372      30100
a     373     383      30100
a     373     363      30100
a     374     419        154
a     374     375      30100
a     374     373      30100
a     374     384      30100
a     374     364      30100
a     375     424         89
a     375     376      30100
a     375     374      30100
a     375     385      30100
a     375     365      30100
a     376     484         70
a     376     377      30100
a     376     375      30100
a     376     386      30100
a     376     366      30100
a     377     443         94
a     377     378      30100
a     377     376      30100
a     377     387      30100
a     377     367      30100
a     378     420        164
a     378     379      30100
a     378     377      30100
a     378     388      30100
a     378     368      30100
a     379     435        230
a     379     380      30100
a     379     378      30100
a     379     389      30100
a     379     369      30100
a     380     454        188
a     380     379      30100
a     380     390      30100
a     380     370      30100
a     381     406        163
a     381     382      30100
a     381     391      30100
a     381     371      30100
a     382     470        247
a     382     383      30100
a     382     381      30100
a     382     392      30100
a     382     372      30100
a     383     410        152
a     383     384      30100
a     383     382      30100
a     383     393      30100
a     383     373      30100
a     384     408        155
a     384     385      30100
a     384     383      30100
a     384     394      30100
a     384     374      30100
a     385     446         53
a     385     386      30100
a     385     384      30100
a     385     395      30100
a     385     375      30100
a     386     430        198
a     386     387      30100
a     386     385      30100
a     386     396      30100
a     386     376      30100
a     387     493        254
a     387     388      30100
a     387     386      30100
a     387     397      30100
a     387     377      30100
a     388     462         84
a     388     389      30100
a     388     387      30100
a     388     398      30100
a     388     378      30100
a     389     453        268
a     389     390      30100
a     389     388      30100
a     389     399      30100
a     389     379      30100
a     390     433        148
a     390     389      30100
a     390     400      30100
a     390     380      30100
a     391     457        289
a     391     392      30100
a     391     381      30100
a     392     445        261
a     392     393      30100
a     392     391      30100
a     392     382      30100
a     393     480        123
a     393     394      30100
a     393     392      30100
a     393     383      30100
a     394     495         71
a     394     395      30100
a     394     393      30100
a     394     384      30100
a     395     479        122
a     395     396      30100
a     395     394      30100
a     395     385      30100
a     396     450        234
a     396     397      30100
a     396     395      30100
a     396     386      30100
a     397     449         59
a     397     398      30100
a     397     396      30100
a     397     387      30100
a     398     491        190
a     398     399      30100
a     398     397      30100
a     398     388      30100
a     399     461        287
a     399     400      30100
a     399     398      30100
a     399     389      30100
a     400     464        172
a     400     399      30100
a     400     390      30100
a     401     560        245
a     401     402      30100
a     401     411      30100
a     402     572         69
a     402     403      30100
a     402     401      30100
a     402     412      30100
a     403     546        235
a     403     404      30100
a     403     402      30100
a     403     413      30100
a     404     556        193
a     404     405      30100
a     404     403      30100
a     404     414      30100
a     405     599        220
a     405     406      30100
a     405     404      30100
a     405     415      30100
a     406     533        173
a     406     407      30100
a     406     405      30100
a     406     416      30100
a     407     513         70
a     407     408      30100
a     407     406      30100
a     407     417      30100
a     408     585         53
a     408     409      30100
a     408     407      30100
a     408     418      30100
a     409     562        245
a     409     410      30100
a     409     408      30100
a     409     419      30100
a     410     549        202
a     410     409      30100
a     410     420      30100
a     411     568        171
a     411     412      30100
a     411     421      30100
a     411     401      30100
a     412     508        166
a     412     413      30100
a     412     411      30100
a     412     422      30100
a     412     402      30100
a     413     577        202
a     413     414      30100
a     413     412      30100
a     413     423      30100
a     413     403      30100
a     414     544        190
a     414     415      30100
a     414     413      30100
a     414     424      30100
a     414     404      30100
a     415     600        101
a     415     416      30100
a     415     414      30100
a     415     425      30100
a     415     405      30100
a     416     538        276
a     416     417      30100
a     416     415      30100
a     416     426      30100
a     416     406      30100
a     417     534        153
a     417     418      30100
a     417     416      30100
a     417     427      30100
a     417     407      30100
a     418     520        186
a     418     419      30100
a     418     417      30100
a     418     428      30100
a     418     408      30100
a     419     589        173
a     419     420      30100
a     419     418      30100
a     419     429      30100
a     419     409      30100
a     420     524        245
a     420     419      30100
a     420     430      30100
a     420     410      30100
a     421     550        258
a     421     422      30100
a     421     431      30100
a     421     411      30100
a     422     526         97
a     422     423      30100
a     422     421      30100
a     422     432      30100
a     422     412      30100
a     423     565        157
a     423     424      30100
a     423     422      30100
a     423     433      30100
a     423     413      30100
a     424     567         89
a     424     425      30100
a     424     423      30100
a     424     434      30100
a     424     414      30100
a     425     547        278
a     425     426      30100
a     425     424      30100
a     425     435      30100
a     425     415      30100
a     426     582         91
a     426     427      30100
a     426     425      30100
a     426     436      30100
a     426     416      30100
a     427     540        118
a     427     428      30100
a     427     426      30100
a     427     437      30100
a     427     417      30100
a     428     509        115
a     428     429      30100
a     428     427      30100
a     428     438      30100
a     428     418      30100
a     429     519        216
a     429     430      30100
a     429     428      30100
a     429     439      30100
a     429     419      30100
a     430     532        268
a     430     429      30100
a     430     440      30100
a     430     420      30100
a     431     587        286
a     431     432      30100
a     431     441      30100
a     431     421      30100
a     432     580        151
a     432     433      30100
a     432     431      30100
a     432     442      30100
a     432     422      30100
a     433     576         74
a     433     434      30100
a     433     432      30100
a     433     443      30100
a     433     423      30100
a     434     514        102
a     434     435      30100
a     434     433      30100
a     434     444      30100
a     434     424      30100
a     435     579        186
a     435     436      30100
a     435     434      30100
a     435     445      30100
a     435     425      30100
a     436     553         54
a     436     437      30100
a     436     435      30100
a     436     446      30100
a     436     426      30100
a     437     521         91
a     437     438      30100
a     437     436      30100
a     437     447      30100
a     437     427      30100
a     438     537        231
a     438     439      30100
a     438     437      30100
a     438     448      30100
a     438     428      30100
a     439     501        178
a     439     440      30100
a     439     438      30100
a     439     449      30100
a     439     429      30100
a     440     528        176
a     440     439      30100
a     440     450      30100
a     440     430      30100
a     441     512         57
a     441     442      30100
a     441     451      30100
a     441     431      30100
a     442     527        104
a     442     443      30100
a     442     441      30100
a     442     452      30100
a     442     432      30100
a     443     516        271
a     443     444      30100
a     443     442      30100
a     443     453      30100
a     443     433      30100
a     444     594        102
a     444     445      30100
a     444     443      30100
a     444     454      30100
a     444     434      30100
a     445     536         84
a     445     446      30100
a     445     444      30100
a     445     455      30100
a     445     435      30100
a     446     542        111
a     446     447      30100
a     446     445      30100
a     446     456      30100
a     446     436      30100
a     447     592        143
a     447     448      30100
a     447     446      30100
a     447     457      30100
a     447     437      30100
a     448     518         57
a     448     449      30100
a     448     447      30100
a     448     458      30100
a     448     438      30100
a     449     598        213
a     449     450      30100
a     449     448      30100
a     449     459      30100
a     449     439      30100
a     450     597        129
a     450     449      30100
a     450     460      30100
a     450     440      30100
a     451     548        290
a     451     452      30100
a     451     461      30100
a     451     441      30100
a     452     569         54
a     452     453      30100
a     452     451      30100
a     452     462      30100
a     452     442      30100
a     453     503        194
a     453     454      30100
a     453     452      30100
a     453     463      30100
a     453     443      30100
a     454     504        209
a     454     455      30100
a     454     453      30100
a     454     464      30100
a     454     444      30100
a     455     593        227
a     455     456      30100
a     455     454      30100
a     455     465      30100
a     455     445      30100
a     456     595        179
a     456     457      30100
a     456     455      30100
a     456     466      30100
a     456     446      30100
a     457     502         71
a     457     458      30100
a     457     456      30100
a     457     467      30100
a     457     447      30100
a     458     535         66
a     458     459      30100
a     458     457      30100
a     458     468      30100
a     458     448      30100
a     459     586        279
a     459     460      30100
a     459     458      30100
a     459     469      30100
a     459     449      30100
a     460     571         83
a     460     459      30100
a     460     470      30100
a     460     450      30100
a     461     570        174
a     461     462      30100
a     461     471      30100
a     461     451      30100
a     462     505        100
a     462     463      30100
a     462     461      30100
a     462     472      30100
a     462     452      30100
a     463     563        261
a     463     464      30100
a     463     462      30100
a     463     473      30100
a     463     453      30100
a     464     591        292
a     464     465      30100
a     464     463      30100
a     464     474      30100
a     464     454      30100
a     465     590        111
a     465     466      30100
a     465     464      30100
a     465     475      30100
a     465     455      30100
a     466     539        193
a     466     467      30100
a     466     465      30100
a     466     476      30100
a     466     456      30100
a     467     545        212
a     467     468      30100
a     467     466      30100
a     467     477      30100
a     467     457      30100
a     468     551         74
a     468     469      30100
a     468     467      30100
a     468     478      30100
a     468     458      30100
a     469     574        123
a     469     470      30100
a     469     468      30100
a     469     479      30100
a     469     459      30100
a     470     554         74
a     470     469      30100
a     470     480      30100
a     470     460      30100
a     471     531         52
a     471     472      30100
a     471     481      30100
a     471     461      30100
a     472     566        251
a     472     473      30100
a     472     471      30100
a     472     482      30100
a     472     462      30100
a     473     596        278
a     473     474      30100
a     473     472      30100
a     473     483      30100
a     473     463      30100
a     474     555        263
a     474     475      30100
a     474     473      30100
a     474     484      30100
a     474     464      30100
a     475     558        157
a     475     476      30100
a     475     474      30100
a     475     485      30100
a     475     465      30100
a     476     584        209
a     476     477      30100
a     476     475      30100
a     476     486      30100
a     476     466      30100
a     477     525        171
a     477     478      30100
a     477     476      30100
a     477     487      30100
a     477     467      30100
a     478     552        263
a     478     479      30100
a     478     477      30100
a     478     488      30100
a     478     468      30100
a     479     541         57
a     479     480      30100
a     479     478      30100
a     479     489      30100
a     479     469      30100
a     480     559        208
a     480     479      30100
a     480     490      30100
a     480     470      30100
a     481     530        253
a     481     482      30100
a     481     491      30100
a     481     471      30100
a     482     543        293
a     482     483      30100
a     482     481      30100
a     482     492      30100
a     482     472      30100
a     483     583        263
a     483     484      30100
a     483     482      30100
a     483     493      30100
a     483     473      30100
a     484     510        212
a     484     485      30100
a     484     483      30100
a     484     494      30100
a     484     474      30100
a     485     506        298
a     485     486      30100
a     485     484      30100
a     485     495      30100
a     485     475      30100
a     486     588        262
a     486     487      30100
a     486     485      30100
a     486     496      30100
a     486     476      30100
a     487     529        202
a     487     488      30100
a     487     486      30100
a     487     497      30100
a     487     477      30100
a     488     581         51
a     488     489      30100
a     488     487      30100
a     488     498      30100
a     488     478      30100
a     489     511        211
a     489     490      30100
a     489     488      30100
a     489     499      30100
a     489     479      30100
a     490     575         57
a     490     489      30100
a     490     500      30100
a     490     480      30100
a     491     561        162
a     491     492      30100
a     491     481      30100
a     492     578        212
a     492     493      30100
a     492     491      30100
a     492     482      30100
a     493     507        288
a     493     494      30100
a     493     492      30100
a     493     483      30100
a     494     523         82
a     494     495      30100
a     494     493      30100
a     494     484      30100
a     495     522         59
a     495     496      30100
a     495     494      30100
a     495     485      30100
a     496     557        111
a     496     497      30100
a     496     495      30100
a     496     486      30100
a     497     515        147
a     497     498      30100
a     497     496      30100
a     497     487      30100
a     498     573        140
a     498     499      30100
a     498     497      30100
a     498     488      30100
a     499     564        163
a     499     500      30100
a     499     498      30100
a     499     489      30100
a     500     517         60
a     500     499      30100
a     500     490      30100
a     501     502      30100
a     501     511      30100
a     502     503      30100
a     502     501      30100
a     502     512      30100
a     503     504      30100
a     503     502      30100
a     503     513      30100
a     504     505      30100
a     504     503      30100
a     504     514      30100
a     505     506      30100
a     505     504      30100
a     505     515      30100
a     506     507      30100
a     506     505      30100
a     506     516      30100
a     507     508      30100
a     507     506      30100
a     507     517      30100
a     508     509      30100
a     508     507      30100
a     508     518      30100
a     509     510      30100
a     509     508      30100
a     509     519      30100
a     510     509      30100
a     510     520      30100
a     511     512      30100
a     511     521      30100
a     511     501      30100
a     512     513      30100
a     512     511      30100
a     512     522      30100
a     512     502      30100
a     513     514      30100
a     513     512      30100
a     513     523      30100
a     513     503      30100
a     514     515      30100
a     514     513      30100
a     514     524      30100
a     514     504      30100
a     515     516      30100
a     515     514      30100
a     515     525      30100
a     515     505      30100
a     516     517      30100
a     516     515      30100
a     516     526      30100
a     516     506      30100
a     517     518      30100
a     517     516      30100
a     517     527      30100
a     517     507      30100
a     518     519      30100
a     518     517      30100
a     518     528      30100
a     518     508      30100
a     519     520      30100
a     519     518      30100
a     519     529      30100
a     519     509      30100
a     520     519      30100
a     520     530      30100
a     520     510      30100
a     521     522      30100
a     521     531      30100
a     521     511      30100
a     522     523      30100
a     522     521      30100
a     522     532      30100
a     522     512      30100
a     523     524      30100
a     523     522      30100
a     523     533      30100
a     523     513      30100
a     524     525      30100
a     524     523      30100
a     524     534      30100
a     524     514      30100
a     525     526      30100
a     525     524      30100
a     525     535      30100
a     525     515      30100
a     526     527      30100
a     526     525      30100
a     526     536      30100
a     526     516      30100
a     527     528      30100
a     527     526      30100
a     527     537      30100
a     527     517      30100
a     528     529      30100
a     528     527      30100
a     528     538      30100
a     528     518      30100
a     529     530      30100
a     529     528      30100
a     529     539      30100
a     529     519      30100
a     530     529      30100
a     530     540      30100
a     530     520      30100
a     531     532      30100
a     531     541      30100
a     531     521      30100
a     532     533      30100
a     532     531      30100
a     532     542      30100
a     532     522      30100
a     533     534      30100
a     533     532      30100
a     533     543      30100
a     533     523      30100
a     534     535      30100
a     534     533      30100
a     534     544      30100
a     534     524      30100
a     535     536      30100
a     535     534      30100
a     535     545      30100
a     535     525      30100
a     536     537      30100
a     536     535      30100
a     536     546      30100
a     536     526      30100
a     537     538      30100
a     537     536      30100
a     537     547      30100
a     537     527      30100
a     538     539      30100
a     538     537      30100
a     538     548      30100
a     538     528      30100
a     539     540      30100
a     539     538      30100
a     539     549      30100
a     539     529      30100
a     540     539      30100
a     540     550      30100
a     540     530      30100
a     541     542      30100
a     541     551      30100
a     541     531      30100
a     542     543      30100
a     542     541      30100
a     542     552      30100
a     542     532      30100
a     543     544      30100
a     543     542      30100
a     543     553      30100
a     543     533      30100
a     544     545      30100
a     544     543      30100
a     544     554      30100
a     544     534      30100
a     545     546      30100
a     545     544      30100
a     545     555      30100
a     545     535      30100
a     546     547      30100
a     546     545      30100
a     546     556      30100
a     546     536      30100
a     547     548      30100
a     547     546      30100
a     547     557      30100
a     547     537      30100
a     548     549      30100
a     548     547      30100
a     548     558      30100
a     548     538      30100
a     549     550      30100
a     549     548      30100
a     549     559      30100
a     549     539      30100
a     550     549      30100
a     550     560      30100
a     550     540      30100
a     551     552      30100
a     551     561      30100
a     551     541      30100
a     552     553      30100
a     552     551      30100
a     552     562      30100
a     552     542      30100
a     553     554      30100
a     553     552      30100
a     553     563      30100
a     553     543      30100
a     554     555      30100
a     554     553      30100
a     554     564      30100
a     554     544      30100
a     555     556      30100
a     555     554      30100
a     555     565      30100
a     555     545      30100
a     556     557      30100
a     556     555      30100
a     556     566      30100
a     556     546      30100
a     557     558      30100
a     557     556      30100
a     557     567      30100
a     557     547      30100
a     558     559      30100
a     558     557      30100
a     558     568      30100
a     558     548      30100
a     559     560      30100
a     559     558      30100
a     559     569      30100
a     559     549      30100
a     560     559      30100
a     560     570      30100
a     560     550      30100
a     561     562      30100
a     561     571      30100
a     561     551      30100
a     562     563      30100
a     562     561      30100
a     562     572      30100
a     562     552      30100
a     563     564      30100
a     563     562      30100
a     563     573      30100
a     563     553      30100
a     564     565      30100
a     564     563      30100
a     564     574      30100
a     564     554      30100
a     565     566      30100
a     565     564      30100
a     565     575      30100
a     565     555      30100
a     566     567      30100
a     566     565      30100
a     566     576      30100
a     566     556      30100
a     567     568      30100
a     567     566      30100
a     567     577      30100
a     567     557      30100
a     568     569      30100
a     568     567      30100
a     568     578      30100
a     568     558      30100
a     569     570      30100
a     569     568      30100
a     569     579      30100
a     569     559      30100
a     570     569      30100
a     570     580      30100
a     570     560      30100
a     571     572      30100
a     571     581      30100
a     571     561      30100
a     572     573      30100
a     572     571      30100
a     572     582      30100
a     572     562      30100
a     573     574      30100
a     573     572      30100
a     573     583      30100
a     573     563      30100
a     574     575      30100
a     574     573      30100
a     574     584      30100
a     574     564      30100
a     575     576      30100
a     575     574      30100
a     575     585      30100
a     575     565      30100
a     576     577      30100
a     576     575      30100
a     576     586      30100
a     576     566      30100
a     577     578      30100
a     577     576      30100
a     577     587      30100
a     577     567      30100
a     578     579      30100
a     578     577      30100
a     578     588      30100
a     578     568      30100
a     579     580      30100
a     579     578      30100
a     579     589      30100
a     579     569      30100
a     580     579      30100
a     580     590      30100
a     580     570      30100
a     581     582      30100
a     581     591      30100
a     581     571      30100
a     582     583      30100
a     582     581      30100
a     582     592      30100
a     582     572      30100
a     583     584      30100
a     583     582      30100
a     583     593      30100
a     583     573      30100
a     584     585      30100
a     584     583      30100
a     584     594      30100
a     584     574      30100
a     585     586      30100
a     585     584      30100
a     585     595      30100
a     585     575      30100
a     586     587      30100
a     586     585      30100
a     586     596      30100
a     586     576      30100
a     587     588      30100
a     587     586      30100
a     587     597      30100
a     587     577      30100
a     588     589      30100
a     588     587      30100
a     588     598      30100
a     588     578      30100
a     589     590      30100
a     589     588      30100
a     589     599      30100
a     589     579      30100
a     590     589      30100
a     590     600      30100
a     590     580      30100
a     591     592      30100
a     591     581      30100
a     592     593      30100
a     592     591      30100
a     592     582      30100
a     593     594      30100
a     593     592      30100
a     593     583      30100
a     594     595      30100
a     594     593      30100
a     594     584      30100
a     595     596      30100
a     595     594      30100
a     595     585      30100
a     596     597      30100
a     596     595      30100
a     596     586      30100
a     597     598      30100
a     597     596      30100
a     597     587      30100
a     598     599      30100
a     598     597      30100
a     598     588      30100
a     599     600      30100
a     599     598      30100
a     599     589      30100
a     600     599      30100
a     600     590      30100
