c This file was generated by genrmf.
c The parameters are: a: 6 b: 17 c1: 108 c2: 433 seed: 1666103673
p max     612       2616
n       1 s
n     612 t
a       1      40        214
a       1       2      15588
a       1       7      15588
a       2      44        128
a       2       3      15588
a       2       1      15588
a       2       8      15588
a       3      38        391
a       3       4      15588
a       3       2      15588
a       3       9      15588
a       4      66        214
a       4       5      15588
a       4       3      15588
a       4      10      15588
a       5      37        283
a       5       6      15588
a       5       4      15588
a       5      11      15588
a       6      61        373
a       6       5      15588
a       6      12      15588
a       7      57        120
a       7       8      15588
a       7      13      15588
a       7       1      15588
a       8      39        345
a       8       9      15588
a       8       7      15588
a       8      14      15588
a       8       2      15588
a       9      67        312
a       9      10      15588
a       9       8      15588
a       9      15      15588
a       9       3      15588
a      10      54        139
a      10      11      15588
a      10       9      15588
a      10      16      15588
a      10       4      15588
a      11      45        347
a      11      12      15588
a      11      10      15588
a      11      17      15588
a      11       5      15588
a      12      43        225
a      12      11      15588
a      12      18      15588
a      12       6      15588
a      13      56        415
a      13      14      15588
a      13      19      15588
a      13       7      15588
a      14      68        228
a      14      15      15588
a      14      13      15588
a      14      20      15588
a      14       8      15588
a      15      70        252
a      15      16      15588
a      15      14      15588
a      15      21      15588
a      15       9      15588
a      16      52        179
a      16      17      15588
a      16      15      15588
a      16      22      15588
a      16      10      15588
a      17      59        165
a      17      18      15588
a      17      16      15588
a      17      23      15588
a      17      11      15588
a      18      71        217
a      18      17      15588
a      18      24      15588
a      18      12      15588
a      19      63        245
a      19      20      15588
a      19      25      15588
a      19      13      15588
a      20      53        418
a      20      21      15588
a      20      19      15588
a      20      26      15588
a      20      14      15588
a      21      49        352
a      21      22      15588
a      21      20      15588
a      21      27      15588
a      21      15      15588
a      22      41        285
a      22      23      15588
a      22      21      15588
a      22      28      15588
a      22      16      15588
a      23      65        126
a      23      24      15588
a      23      22      15588
a      23      29      15588
a      23      17      15588
a      24      42        342
a      24      23      15588
a      24      30      15588
a      24      18      15588
a      25      72        305
a      25      26      15588
a      25      31      15588
a      25      19      15588
a      26      69        251
a      26      27      15588
a      26      25      15588
a      26      32      15588
a      26      20      15588
a      27      47        121
a      27      28      15588
a      27      26      15588
a      27      33      15588
a      27      21      15588
a      28      48        251
a      28      29      15588
a      28      27      15588
a      28      34      15588
a      28      22      15588
a      29      51        139
a      29      30      15588
a      29      28      15588
a      29      35      15588
a      29      23      15588
a      30      55        237
a      30      29      15588
a      30      36      15588
a      30      24      15588
a      31      50        150
a      31      32      15588
a      31      25      15588
a      32      60        155
a      32      33      15588
a      32      31      15588
a      32      26      15588
a      33      46        398
a      33      34      15588
a      33      32      15588
a      33      27      15588
a      34      64        207
a      34      35      15588
a      34      33      15588
a      34      28      15588
a      35      62        210
a      35      36      15588
a      35      34      15588
a      35      29      15588
a      36      58        341
a      36      35      15588
a      36      30      15588
a      37      92        270
a      37      38      15588
a      37      43      15588
a      38     105        398
a      38      39      15588
a      38      37      15588
a      38      44      15588
a      39      98        301
a      39      40      15588
a      39      38      15588
a      39      45      15588
a      40      91        247
a      40      41      15588
a      40      39      15588
a      40      46      15588
a      41     101        179
a      41      42      15588
a      41      40      15588
a      41      47      15588
a      42      94        192
a      42      41      15588
a      42      48      15588
a      43      75        296
a      43      44      15588
a      43      49      15588
a      43      37      15588
a      44      97        416
a      44      45      15588
a      44      43      15588
a      44      50      15588
a      44      38      15588
a      45      90        225
a      45      46      15588
a      45      44      15588
a      45      51      15588
a      45      39      15588
a      46      87        257
a      46      47      15588
a      46      45      15588
a      46      52      15588
a      46      40      15588
a      47      80        420
a      47      48      15588
a      47      46      15588
a      47      53      15588
a      47      41      15588
a      48      93        270
a      48      47      15588
a      48      54      15588
a      48      42      15588
a      49     104        377
a      49      50      15588
a      49      55      15588
a      49      43      15588
a      50      84        361
a      50      51      15588
a      50      49      15588
a      50      56      15588
a      50      44      15588
a      51     103        304
a      51      52      15588
a      51      50      15588
a      51      57      15588
a      51      45      15588
a      52      74        429
a      52      53      15588
a      52      51      15588
a      52      58      15588
a      52      46      15588
a      53      88        235
a      53      54      15588
a      53      52      15588
a      53      59      15588
a      53      47      15588
a      54      82        413
a      54      53      15588
a      54      60      15588
a      54      48      15588
a      55     108        244
a      55      56      15588
a      55      61      15588
a      55      49      15588
a      56      85        354
a      56      57      15588
a      56      55      15588
a      56      62      15588
a      56      50      15588
a      57      77        320
a      57      58      15588
a      57      56      15588
a      57      63      15588
a      57      51      15588
a      58      86        140
a      58      59      15588
a      58      57      15588
a      58      64      15588
a      58      52      15588
a      59      83        161
a      59      60      15588
a      59      58      15588
a      59      65      15588
a      59      53      15588
a      60      73        176
a      60      59      15588
a      60      66      15588
a      60      54      15588
a      61      78        335
a      61      62      15588
a      61      67      15588
a      61      55      15588
a      62     106        274
a      62      63      15588
a      62      61      15588
a      62      68      15588
a      62      56      15588
a      63     100        398
a      63      64      15588
a      63      62      15588
a      63      69      15588
a      63      57      15588
a      64      99        360
a      64      65      15588
a      64      63      15588
a      64      70      15588
a      64      58      15588
a      65      79        126
a      65      66      15588
a      65      64      15588
a      65      71      15588
a      65      59      15588
a      66      76        225
a      66      65      15588
a      66      72      15588
a      66      60      15588
a      67     107        304
a      67      68      15588
a      67      61      15588
a      68      81        197
a      68      69      15588
a      68      67      15588
a      68      62      15588
a      69     102        329
a      69      70      15588
a      69      68      15588
a      69      63      15588
a      70      89        351
a      70      71      15588
a      70      69      15588
a      70      64      15588
a      71      95        310
a      71      72      15588
a      71      70      15588
a      71      65      15588
a      72      96        352
a      72      71      15588
a      72      66      15588
a      73     123        201
a      73      74      15588
a      73      79      15588
a      74     135        243
a      74      75      15588
a      74      73      15588
a      74      80      15588
a      75     133        381
a      75      76      15588
a      75      74      15588
a      75      81      15588
a      76     122        158
a      76      77      15588
a      76      75      15588
a      76      82      15588
a      77     109        204
a      77      78      15588
a      77      76      15588
a      77      83      15588
a      78     128        222
a      78      77      15588
a      78      84      15588
a      79     131        429
a      79      80      15588
a      79      85      15588
a      79      73      15588
a      80     144        303
a      80      81      15588
a      80      79      15588
a      80      86      15588
a      80      74      15588
a      81     139        240
a      81      82      15588
a      81      80      15588
a      81      87      15588
a      81      75      15588
a      82     132        313
a      82      83      15588
a      82      81      15588
a      82      88      15588
a      82      76      15588
a      83     118        111
a      83      84      15588
a      83      82      15588
a      83      89      15588
a      83      77      15588
a      84     134        230
a      84      83      15588
a      84      90      15588
a      84      78      15588
a      85     127        311
a      85      86      15588
a      85      91      15588
a      85      79      15588
a      86     140        268
a      86      87      15588
a      86      85      15588
a      86      92      15588
a      86      80      15588
a      87     117        343
a      87      88      15588
a      87      86      15588
a      87      93      15588
a      87      81      15588
a      88     124        176
a      88      89      15588
a      88      87      15588
a      88      94      15588
a      88      82      15588
a      89     143        393
a      89      90      15588
a      89      88      15588
a      89      95      15588
a      89      83      15588
a      90     121        118
a      90      89      15588
a      90      96      15588
a      90      84      15588
a      91     130        320
a      91      92      15588
a      91      97      15588
a      91      85      15588
a      92     136        156
a      92      93      15588
a      92      91      15588
a      92      98      15588
a      92      86      15588
a      93     119        344
a      93      94      15588
a      93      92      15588
a      93      99      15588
a      93      87      15588
a      94     138        119
a      94      95      15588
a      94      93      15588
a      94     100      15588
a      94      88      15588
a      95     116        156
a      95      96      15588
a      95      94      15588
a      95     101      15588
a      95      89      15588
a      96     125        165
a      96      95      15588
a      96     102      15588
a      96      90      15588
a      97     120        339
a      97      98      15588
a      97     103      15588
a      97      91      15588
a      98     137        118
a      98      99      15588
a      98      97      15588
a      98     104      15588
a      98      92      15588
a      99     114        306
a      99     100      15588
a      99      98      15588
a      99     105      15588
a      99      93      15588
a     100     129        183
a     100     101      15588
a     100      99      15588
a     100     106      15588
a     100      94      15588
a     101     141        358
a     101     102      15588
a     101     100      15588
a     101     107      15588
a     101      95      15588
a     102     126        168
a     102     101      15588
a     102     108      15588
a     102      96      15588
a     103     142        143
a     103     104      15588
a     103      97      15588
a     104     115        116
a     104     105      15588
a     104     103      15588
a     104      98      15588
a     105     111        302
a     105     106      15588
a     105     104      15588
a     105      99      15588
a     106     113        301
a     106     107      15588
a     106     105      15588
a     106     100      15588
a     107     110        177
a     107     108      15588
a     107     106      15588
a     107     101      15588
a     108     112        393
a     108     107      15588
a     108     102      15588
a     109     147        152
a     109     110      15588
a     109     115      15588
a     110     157        225
a     110     111      15588
a     110     109      15588
a     110     116      15588
a     111     164        360
a     111     112      15588
a     111     110      15588
a     111     117      15588
a     112     180        368
a     112     113      15588
a     112     111      15588
a     112     118      15588
a     113     162        254
a     113     114      15588
a     113     112      15588
a     113     119      15588
a     114     150        323
a     114     113      15588
a     114     120      15588
a     115     152        323
a     115     116      15588
a     115     121      15588
a     115     109      15588
a     116     179        379
a     116     117      15588
a     116     115      15588
a     116     122      15588
a     116     110      15588
a     117     178        309
a     117     118      15588
a     117     116      15588
a     117     123      15588
a     117     111      15588
a     118     160        217
a     118     119      15588
a     118     117      15588
a     118     124      15588
a     118     112      15588
a     119     155        231
a     119     120      15588
a     119     118      15588
a     119     125      15588
a     119     113      15588
a     120     158        399
a     120     119      15588
a     120     126      15588
a     120     114      15588
a     121     170        231
a     121     122      15588
a     121     127      15588
a     121     115      15588
a     122     146        429
a     122     123      15588
a     122     121      15588
a     122     128      15588
a     122     116      15588
a     123     168        336
a     123     124      15588
a     123     122      15588
a     123     129      15588
a     123     117      15588
a     124     151        124
a     124     125      15588
a     124     123      15588
a     124     130      15588
a     124     118      15588
a     125     175        345
a     125     126      15588
a     125     124      15588
a     125     131      15588
a     125     119      15588
a     126     169        173
a     126     125      15588
a     126     132      15588
a     126     120      15588
a     127     148        161
a     127     128      15588
a     127     133      15588
a     127     121      15588
a     128     161        211
a     128     129      15588
a     128     127      15588
a     128     134      15588
a     128     122      15588
a     129     165        161
a     129     130      15588
a     129     128      15588
a     129     135      15588
a     129     123      15588
a     130     167        232
a     130     131      15588
a     130     129      15588
a     130     136      15588
a     130     124      15588
a     131     163        427
a     131     132      15588
a     131     130      15588
a     131     137      15588
a     131     125      15588
a     132     154        235
a     132     131      15588
a     132     138      15588
a     132     126      15588
a     133     149        381
a     133     134      15588
a     133     139      15588
a     133     127      15588
a     134     176        183
a     134     135      15588
a     134     133      15588
a     134     140      15588
a     134     128      15588
a     135     153        287
a     135     136      15588
a     135     134      15588
a     135     141      15588
a     135     129      15588
a     136     174        194
a     136     137      15588
a     136     135      15588
a     136     142      15588
a     136     130      15588
a     137     156        275
a     137     138      15588
a     137     136      15588
a     137     143      15588
a     137     131      15588
a     138     171        319
a     138     137      15588
a     138     144      15588
a     138     132      15588
a     139     172        318
a     139     140      15588
a     139     133      15588
a     140     177        371
a     140     141      15588
a     140     139      15588
a     140     134      15588
a     141     159        361
a     141     142      15588
a     141     140      15588
a     141     135      15588
a     142     166        367
a     142     143      15588
a     142     141      15588
a     142     136      15588
a     143     173        410
a     143     144      15588
a     143     142      15588
a     143     137      15588
a     144     145        217
a     144     143      15588
a     144     138      15588
a     145     182        171
a     145     146      15588
a     145     151      15588
a     146     192        150
a     146     147      15588
a     146     145      15588
a     146     152      15588
a     147     212        303
a     147     148      15588
a     147     146      15588
a     147     153      15588
a     148     190        283
a     148     149      15588
a     148     147      15588
a     148     154      15588
a     149     197        350
a     149     150      15588
a     149     148      15588
a     149     155      15588
a     150     183        318
a     150     149      15588
a     150     156      15588
a     151     189        166
a     151     152      15588
a     151     157      15588
a     151     145      15588
a     152     198        431
a     152     153      15588
a     152     151      15588
a     152     158      15588
a     152     146      15588
a     153     216        193
a     153     154      15588
a     153     152      15588
a     153     159      15588
a     153     147      15588
a     154     203        204
a     154     155      15588
a     154     153      15588
a     154     160      15588
a     154     148      15588
a     155     215        353
a     155     156      15588
a     155     154      15588
a     155     161      15588
a     155     149      15588
a     156     208        295
a     156     155      15588
a     156     162      15588
a     156     150      15588
a     157     202        301
a     157     158      15588
a     157     163      15588
a     157     151      15588
a     158     204        226
a     158     159      15588
a     158     157      15588
a     158     164      15588
a     158     152      15588
a     159     214        130
a     159     160      15588
a     159     158      15588
a     159     165      15588
a     159     153      15588
a     160     209        292
a     160     161      15588
a     160     159      15588
a     160     166      15588
a     160     154      15588
a     161     207        137
a     161     162      15588
a     161     160      15588
a     161     167      15588
a     161     155      15588
a     162     185        355
a     162     161      15588
a     162     168      15588
a     162     156      15588
a     163     193        381
a     163     164      15588
a     163     169      15588
a     163     157      15588
a     164     196        368
a     164     165      15588
a     164     163      15588
a     164     170      15588
a     164     158      15588
a     165     188        247
a     165     166      15588
a     165     164      15588
a     165     171      15588
a     165     159      15588
a     166     206        275
a     166     167      15588
a     166     165      15588
a     166     172      15588
a     166     160      15588
a     167     213        180
a     167     168      15588
a     167     166      15588
a     167     173      15588
a     167     161      15588
a     168     181        382
a     168     167      15588
a     168     174      15588
a     168     162      15588
a     169     186        348
a     169     170      15588
a     169     175      15588
a     169     163      15588
a     170     201        395
a     170     171      15588
a     170     169      15588
a     170     176      15588
a     170     164      15588
a     171     184        256
a     171     172      15588
a     171     170      15588
a     171     177      15588
a     171     165      15588
a     172     211        387
a     172     173      15588
a     172     171      15588
a     172     178      15588
a     172     166      15588
a     173     191        137
a     173     174      15588
a     173     172      15588
a     173     179      15588
a     173     167      15588
a     174     187        269
a     174     173      15588
a     174     180      15588
a     174     168      15588
a     175     195        172
a     175     176      15588
a     175     169      15588
a     176     194        409
a     176     177      15588
a     176     175      15588
a     176     170      15588
a     177     200        359
a     177     178      15588
a     177     176      15588
a     177     171      15588
a     178     205        114
a     178     179      15588
a     178     177      15588
a     178     172      15588
a     179     210        215
a     179     180      15588
a     179     178      15588
a     179     173      15588
a     180     199        406
a     180     179      15588
a     180     174      15588
a     181     223        240
a     181     182      15588
a     181     187      15588
a     182     228        339
a     182     183      15588
a     182     181      15588
a     182     188      15588
a     183     232        407
a     183     184      15588
a     183     182      15588
a     183     189      15588
a     184     221        209
a     184     185      15588
a     184     183      15588
a     184     190      15588
a     185     248        326
a     185     186      15588
a     185     184      15588
a     185     191      15588
a     186     236        144
a     186     185      15588
a     186     192      15588
a     187     238        379
a     187     188      15588
a     187     193      15588
a     187     181      15588
a     188     240        258
a     188     189      15588
a     188     187      15588
a     188     194      15588
a     188     182      15588
a     189     227        290
a     189     190      15588
a     189     188      15588
a     189     195      15588
a     189     183      15588
a     190     229        114
a     190     191      15588
a     190     189      15588
a     190     196      15588
a     190     184      15588
a     191     219        294
a     191     192      15588
a     191     190      15588
a     191     197      15588
a     191     185      15588
a     192     242        119
a     192     191      15588
a     192     198      15588
a     192     186      15588
a     193     230        115
a     193     194      15588
a     193     199      15588
a     193     187      15588
a     194     241        139
a     194     195      15588
a     194     193      15588
a     194     200      15588
a     194     188      15588
a     195     252        364
a     195     196      15588
a     195     194      15588
a     195     201      15588
a     195     189      15588
a     196     231        240
a     196     197      15588
a     196     195      15588
a     196     202      15588
a     196     190      15588
a     197     243        361
a     197     198      15588
a     197     196      15588
a     197     203      15588
a     197     191      15588
a     198     220        395
a     198     197      15588
a     198     204      15588
a     198     192      15588
a     199     224        388
a     199     200      15588
a     199     205      15588
a     199     193      15588
a     200     249        154
a     200     201      15588
a     200     199      15588
a     200     206      15588
a     200     194      15588
a     201     233        296
a     201     202      15588
a     201     200      15588
a     201     207      15588
a     201     195      15588
a     202     247        379
a     202     203      15588
a     202     201      15588
a     202     208      15588
a     202     196      15588
a     203     244        259
a     203     204      15588
a     203     202      15588
a     203     209      15588
a     203     197      15588
a     204     239        432
a     204     203      15588
a     204     210      15588
a     204     198      15588
a     205     245        326
a     205     206      15588
a     205     211      15588
a     205     199      15588
a     206     250        110
a     206     207      15588
a     206     205      15588
a     206     212      15588
a     206     200      15588
a     207     225        123
a     207     208      15588
a     207     206      15588
a     207     213      15588
a     207     201      15588
a     208     222        381
a     208     209      15588
a     208     207      15588
a     208     214      15588
a     208     202      15588
a     209     237        349
a     209     210      15588
a     209     208      15588
a     209     215      15588
a     209     203      15588
a     210     246        206
a     210     209      15588
a     210     216      15588
a     210     204      15588
a     211     218        196
a     211     212      15588
a     211     205      15588
a     212     217        311
a     212     213      15588
a     212     211      15588
a     212     206      15588
a     213     251        372
a     213     214      15588
a     213     212      15588
a     213     207      15588
a     214     234        397
a     214     215      15588
a     214     213      15588
a     214     208      15588
a     215     235        305
a     215     216      15588
a     215     214      15588
a     215     209      15588
a     216     226        120
a     216     215      15588
a     216     210      15588
a     217     256        299
a     217     218      15588
a     217     223      15588
a     218     285        294
a     218     219      15588
a     218     217      15588
a     218     224      15588
a     219     259        341
a     219     220      15588
a     219     218      15588
a     219     225      15588
a     220     262        394
a     220     221      15588
a     220     219      15588
a     220     226      15588
a     221     271        199
a     221     222      15588
a     221     220      15588
a     221     227      15588
a     222     282        151
a     222     221      15588
a     222     228      15588
a     223     287        223
a     223     224      15588
a     223     229      15588
a     223     217      15588
a     224     267        229
a     224     225      15588
a     224     223      15588
a     224     230      15588
a     224     218      15588
a     225     281        226
a     225     226      15588
a     225     224      15588
a     225     231      15588
a     225     219      15588
a     226     265        252
a     226     227      15588
a     226     225      15588
a     226     232      15588
a     226     220      15588
a     227     270        215
a     227     228      15588
a     227     226      15588
a     227     233      15588
a     227     221      15588
a     228     274        346
a     228     227      15588
a     228     234      15588
a     228     222      15588
a     229     284        282
a     229     230      15588
a     229     235      15588
a     229     223      15588
a     230     261        213
a     230     231      15588
a     230     229      15588
a     230     236      15588
a     230     224      15588
a     231     273        238
a     231     232      15588
a     231     230      15588
a     231     237      15588
a     231     225      15588
a     232     263        240
a     232     233      15588
a     232     231      15588
a     232     238      15588
a     232     226      15588
a     233     254        184
a     233     234      15588
a     233     232      15588
a     233     239      15588
a     233     227      15588
a     234     276        297
a     234     233      15588
a     234     240      15588
a     234     228      15588
a     235     264        268
a     235     236      15588
a     235     241      15588
a     235     229      15588
a     236     288        236
a     236     237      15588
a     236     235      15588
a     236     242      15588
a     236     230      15588
a     237     255        389
a     237     238      15588
a     237     236      15588
a     237     243      15588
a     237     231      15588
a     238     269        258
a     238     239      15588
a     238     237      15588
a     238     244      15588
a     238     232      15588
a     239     279        142
a     239     240      15588
a     239     238      15588
a     239     245      15588
a     239     233      15588
a     240     278        215
a     240     239      15588
a     240     246      15588
a     240     234      15588
a     241     280        198
a     241     242      15588
a     241     247      15588
a     241     235      15588
a     242     283        190
a     242     243      15588
a     242     241      15588
a     242     248      15588
a     242     236      15588
a     243     253        279
a     243     244      15588
a     243     242      15588
a     243     249      15588
a     243     237      15588
a     244     286        352
a     244     245      15588
a     244     243      15588
a     244     250      15588
a     244     238      15588
a     245     266        169
a     245     246      15588
a     245     244      15588
a     245     251      15588
a     245     239      15588
a     246     268        146
a     246     245      15588
a     246     252      15588
a     246     240      15588
a     247     272        272
a     247     248      15588
a     247     241      15588
a     248     257        350
a     248     249      15588
a     248     247      15588
a     248     242      15588
a     249     277        290
a     249     250      15588
a     249     248      15588
a     249     243      15588
a     250     258        347
a     250     251      15588
a     250     249      15588
a     250     244      15588
a     251     260        304
a     251     252      15588
a     251     250      15588
a     251     245      15588
a     252     275        386
a     252     251      15588
a     252     246      15588
a     253     300        301
a     253     254      15588
a     253     259      15588
a     254     319        165
a     254     255      15588
a     254     253      15588
a     254     260      15588
a     255     324        139
a     255     256      15588
a     255     254      15588
a     255     261      15588
a     256     308        167
a     256     257      15588
a     256     255      15588
a     256     262      15588
a     257     289        178
a     257     258      15588
a     257     256      15588
a     257     263      15588
a     258     303        118
a     258     257      15588
a     258     264      15588
a     259     311        274
a     259     260      15588
a     259     265      15588
a     259     253      15588
a     260     309        404
a     260     261      15588
a     260     259      15588
a     260     266      15588
a     260     254      15588
a     261     292        114
a     261     262      15588
a     261     260      15588
a     261     267      15588
a     261     255      15588
a     262     312        313
a     262     263      15588
a     262     261      15588
a     262     268      15588
a     262     256      15588
a     263     296        318
a     263     264      15588
a     263     262      15588
a     263     269      15588
a     263     257      15588
a     264     304        318
a     264     263      15588
a     264     270      15588
a     264     258      15588
a     265     313        164
a     265     266      15588
a     265     271      15588
a     265     259      15588
a     266     310        411
a     266     267      15588
a     266     265      15588
a     266     272      15588
a     266     260      15588
a     267     316        284
a     267     268      15588
a     267     266      15588
a     267     273      15588
a     267     261      15588
a     268     295        376
a     268     269      15588
a     268     267      15588
a     268     274      15588
a     268     262      15588
a     269     298        299
a     269     270      15588
a     269     268      15588
a     269     275      15588
a     269     263      15588
a     270     307        140
a     270     269      15588
a     270     276      15588
a     270     264      15588
a     271     305        399
a     271     272      15588
a     271     277      15588
a     271     265      15588
a     272     301        162
a     272     273      15588
a     272     271      15588
a     272     278      15588
a     272     266      15588
a     273     314        317
a     273     274      15588
a     273     272      15588
a     273     279      15588
a     273     267      15588
a     274     306        259
a     274     275      15588
a     274     273      15588
a     274     280      15588
a     274     268      15588
a     275     297        140
a     275     276      15588
a     275     274      15588
a     275     281      15588
a     275     269      15588
a     276     317        313
a     276     275      15588
a     276     282      15588
a     276     270      15588
a     277     290        179
a     277     278      15588
a     277     283      15588
a     277     271      15588
a     278     322        184
a     278     279      15588
a     278     277      15588
a     278     284      15588
a     278     272      15588
a     279     315        192
a     279     280      15588
a     279     278      15588
a     279     285      15588
a     279     273      15588
a     280     320        360
a     280     281      15588
a     280     279      15588
a     280     286      15588
a     280     274      15588
a     281     318        339
a     281     282      15588
a     281     280      15588
a     281     287      15588
a     281     275      15588
a     282     291        413
a     282     281      15588
a     282     288      15588
a     282     276      15588
a     283     302        354
a     283     284      15588
a     283     277      15588
a     284     294        290
a     284     285      15588
a     284     283      15588
a     284     278      15588
a     285     323        382
a     285     286      15588
a     285     284      15588
a     285     279      15588
a     286     299        220
a     286     287      15588
a     286     285      15588
a     286     280      15588
a     287     321        192
a     287     288      15588
a     287     286      15588
a     287     281      15588
a     288     293        256
a     288     287      15588
a     288     282      15588
a     289     344        246
a     289     290      15588
a     289     295      15588
a     290     329        158
a     290     291      15588
a     290     289      15588
a     290     296      15588
a     291     341        218
a     291     292      15588
a     291     290      15588
a     291     297      15588
a     292     348        363
a     292     293      15588
a     292     291      15588
a     292     298      15588
a     293     331        302
a     293     294      15588
a     293     292      15588
a     293     299      15588
a     294     349        365
a     294     293      15588
a     294     300      15588
a     295     355        180
a     295     296      15588
a     295     301      15588
a     295     289      15588
a     296     326        364
a     296     297      15588
a     296     295      15588
a     296     302      15588
a     296     290      15588
a     297     333        393
a     297     298      15588
a     297     296      15588
a     297     303      15588
a     297     291      15588
a     298     345        276
a     298     299      15588
a     298     297      15588
a     298     304      15588
a     298     292      15588
a     299     360        352
a     299     300      15588
a     299     298      15588
a     299     305      15588
a     299     293      15588
a     300     343        194
a     300     299      15588
a     300     306      15588
a     300     294      15588
a     301     353        279
a     301     302      15588
a     301     307      15588
a     301     295      15588
a     302     354        414
a     302     303      15588
a     302     301      15588
a     302     308      15588
a     302     296      15588
a     303     347        266
a     303     304      15588
a     303     302      15588
a     303     309      15588
a     303     297      15588
a     304     346        235
a     304     305      15588
a     304     303      15588
a     304     310      15588
a     304     298      15588
a     305     328        378
a     305     306      15588
a     305     304      15588
a     305     311      15588
a     305     299      15588
a     306     330        417
a     306     305      15588
a     306     312      15588
a     306     300      15588
a     307     337        151
a     307     308      15588
a     307     313      15588
a     307     301      15588
a     308     357        283
a     308     309      15588
a     308     307      15588
a     308     314      15588
a     308     302      15588
a     309     342        395
a     309     310      15588
a     309     308      15588
a     309     315      15588
a     309     303      15588
a     310     336        130
a     310     311      15588
a     310     309      15588
a     310     316      15588
a     310     304      15588
a     311     340        137
a     311     312      15588
a     311     310      15588
a     311     317      15588
a     311     305      15588
a     312     351        289
a     312     311      15588
a     312     318      15588
a     312     306      15588
a     313     339        344
a     313     314      15588
a     313     319      15588
a     313     307      15588
a     314     338        184
a     314     315      15588
a     314     313      15588
a     314     320      15588
a     314     308      15588
a     315     332        316
a     315     316      15588
a     315     314      15588
a     315     321      15588
a     315     309      15588
a     316     334        408
a     316     317      15588
a     316     315      15588
a     316     322      15588
a     316     310      15588
a     317     356        196
a     317     318      15588
a     317     316      15588
a     317     323      15588
a     317     311      15588
a     318     335        241
a     318     317      15588
a     318     324      15588
a     318     312      15588
a     319     359        252
a     319     320      15588
a     319     313      15588
a     320     350        361
a     320     321      15588
a     320     319      15588
a     320     314      15588
a     321     358        377
a     321     322      15588
a     321     320      15588
a     321     315      15588
a     322     325        383
a     322     323      15588
a     322     321      15588
a     322     316      15588
a     323     327        335
a     323     324      15588
a     323     322      15588
a     323     317      15588
a     324     352        274
a     324     323      15588
a     324     318      15588
a     325     388        368
a     325     326      15588
a     325     331      15588
a     326     386        179
a     326     327      15588
a     326     325      15588
a     326     332      15588
a     327     365        306
a     327     328      15588
a     327     326      15588
a     327     333      15588
a     328     384        432
a     328     329      15588
a     328     327      15588
a     328     334      15588
a     329     363        290
a     329     330      15588
a     329     328      15588
a     329     335      15588
a     330     387        192
a     330     329      15588
a     330     336      15588
a     331     369        273
a     331     332      15588
a     331     337      15588
a     331     325      15588
a     332     382        318
a     332     333      15588
a     332     331      15588
a     332     338      15588
a     332     326      15588
a     333     377        223
a     333     334      15588
a     333     332      15588
a     333     339      15588
a     333     327      15588
a     334     362        274
a     334     335      15588
a     334     333      15588
a     334     340      15588
a     334     328      15588
a     335     372        178
a     335     336      15588
a     335     334      15588
a     335     341      15588
a     335     329      15588
a     336     374        122
a     336     335      15588
a     336     342      15588
a     336     330      15588
a     337     366        347
a     337     338      15588
a     337     343      15588
a     337     331      15588
a     338     361        376
a     338     339      15588
a     338     337      15588
a     338     344      15588
a     338     332      15588
a     339     393        384
a     339     340      15588
a     339     338      15588
a     339     345      15588
a     339     333      15588
a     340     373        117
a     340     341      15588
a     340     339      15588
a     340     346      15588
a     340     334      15588
a     341     390        214
a     341     342      15588
a     341     340      15588
a     341     347      15588
a     341     335      15588
a     342     371        247
a     342     341      15588
a     342     348      15588
a     342     336      15588
a     343     395        254
a     343     344      15588
a     343     349      15588
a     343     337      15588
a     344     380        329
a     344     345      15588
a     344     343      15588
a     344     350      15588
a     344     338      15588
a     345     385        222
a     345     346      15588
a     345     344      15588
a     345     351      15588
a     345     339      15588
a     346     376        229
a     346     347      15588
a     346     345      15588
a     346     352      15588
a     346     340      15588
a     347     396        346
a     347     348      15588
a     347     346      15588
a     347     353      15588
a     347     341      15588
a     348     379        179
a     348     347      15588
a     348     354      15588
a     348     342      15588
a     349     367        207
a     349     350      15588
a     349     355      15588
a     349     343      15588
a     350     394        154
a     350     351      15588
a     350     349      15588
a     350     356      15588
a     350     344      15588
a     351     378        223
a     351     352      15588
a     351     350      15588
a     351     357      15588
a     351     345      15588
a     352     364        151
a     352     353      15588
a     352     351      15588
a     352     358      15588
a     352     346      15588
a     353     383        310
a     353     354      15588
a     353     352      15588
a     353     359      15588
a     353     347      15588
a     354     370        315
a     354     353      15588
a     354     360      15588
a     354     348      15588
a     355     392        346
a     355     356      15588
a     355     349      15588
a     356     375        350
a     356     357      15588
a     356     355      15588
a     356     350      15588
a     357     381        340
a     357     358      15588
a     357     356      15588
a     357     351      15588
a     358     389        329
a     358     359      15588
a     358     357      15588
a     358     352      15588
a     359     391        422
a     359     360      15588
a     359     358      15588
a     359     353      15588
a     360     368        254
a     360     359      15588
a     360     354      15588
a     361     409        218
a     361     362      15588
a     361     367      15588
a     362     397        217
a     362     363      15588
a     362     361      15588
a     362     368      15588
a     363     403        211
a     363     364      15588
a     363     362      15588
a     363     369      15588
a     364     407        386
a     364     365      15588
a     364     363      15588
a     364     370      15588
a     365     429        359
a     365     366      15588
a     365     364      15588
a     365     371      15588
a     366     404        136
a     366     365      15588
a     366     372      15588
a     367     426        211
a     367     368      15588
a     367     373      15588
a     367     361      15588
a     368     405        132
a     368     369      15588
a     368     367      15588
a     368     374      15588
a     368     362      15588
a     369     425        113
a     369     370      15588
a     369     368      15588
a     369     375      15588
a     369     363      15588
a     370     424        170
a     370     371      15588
a     370     369      15588
a     370     376      15588
a     370     364      15588
a     371     415        250
a     371     372      15588
a     371     370      15588
a     371     377      15588
a     371     365      15588
a     372     412        272
a     372     371      15588
a     372     378      15588
a     372     366      15588
a     373     416        184
a     373     374      15588
a     373     379      15588
a     373     367      15588
a     374     430        118
a     374     375      15588
a     374     373      15588
a     374     380      15588
a     374     368      15588
a     375     420        156
a     375     376      15588
a     375     374      15588
a     375     381      15588
a     375     369      15588
a     376     423        263
a     376     377      15588
a     376     375      15588
a     376     382      15588
a     376     370      15588
a     377     422        223
a     377     378      15588
a     377     376      15588
a     377     383      15588
a     377     371      15588
a     378     428        116
a     378     377      15588
a     378     384      15588
a     378     372      15588
a     379     413        276
a     379     380      15588
a     379     385      15588
a     379     373      15588
a     380     401        121
a     380     381      15588
a     380     379      15588
a     380     386      15588
a     380     374      15588
a     381     432        124
a     381     382      15588
a     381     380      15588
a     381     387      15588
a     381     375      15588
a     382     400        384
a     382     383      15588
a     382     381      15588
a     382     388      15588
a     382     376      15588
a     383     421        333
a     383     384      15588
a     383     382      15588
a     383     389      15588
a     383     377      15588
a     384     408        366
a     384     383      15588
a     384     390      15588
a     384     378      15588
a     385     418        242
a     385     386      15588
a     385     391      15588
a     385     379      15588
a     386     406        158
a     386     387      15588
a     386     385      15588
a     386     392      15588
a     386     380      15588
a     387     402        134
a     387     388      15588
a     387     386      15588
a     387     393      15588
a     387     381      15588
a     388     414        165
a     388     389      15588
a     388     387      15588
a     388     394      15588
a     388     382      15588
a     389     431        256
a     389     390      15588
a     389     388      15588
a     389     395      15588
a     389     383      15588
a     390     411        341
a     390     389      15588
a     390     396      15588
a     390     384      15588
a     391     419        287
a     391     392      15588
a     391     385      15588
a     392     410        254
a     392     393      15588
a     392     391      15588
a     392     386      15588
a     393     417        363
a     393     394      15588
a     393     392      15588
a     393     387      15588
a     394     399        240
a     394     395      15588
a     394     393      15588
a     394     388      15588
a     395     398        243
a     395     396      15588
a     395     394      15588
a     395     389      15588
a     396     427        112
a     396     395      15588
a     396     390      15588
a     397     436        416
a     397     398      15588
a     397     403      15588
a     398     447        285
a     398     399      15588
a     398     397      15588
a     398     404      15588
a     399     462        420
a     399     400      15588
a     399     398      15588
a     399     405      15588
a     400     446        324
a     400     401      15588
a     400     399      15588
a     400     406      15588
a     401     458        362
a     401     402      15588
a     401     400      15588
a     401     407      15588
a     402     434        229
a     402     401      15588
a     402     408      15588
a     403     443        186
a     403     404      15588
a     403     409      15588
a     403     397      15588
a     404     459        270
a     404     405      15588
a     404     403      15588
a     404     410      15588
a     404     398      15588
a     405     451        316
a     405     406      15588
a     405     404      15588
a     405     411      15588
a     405     399      15588
a     406     465        108
a     406     407      15588
a     406     405      15588
a     406     412      15588
a     406     400      15588
a     407     433        261
a     407     408      15588
a     407     406      15588
a     407     413      15588
a     407     401      15588
a     408     448        398
a     408     407      15588
a     408     414      15588
a     408     402      15588
a     409     442        414
a     409     410      15588
a     409     415      15588
a     409     403      15588
a     410     440        140
a     410     411      15588
a     410     409      15588
a     410     416      15588
a     410     404      15588
a     411     454        405
a     411     412      15588
a     411     410      15588
a     411     417      15588
a     411     405      15588
a     412     450        374
a     412     413      15588
a     412     411      15588
a     412     418      15588
a     412     406      15588
a     413     449        233
a     413     414      15588
a     413     412      15588
a     413     419      15588
a     413     407      15588
a     414     435        234
a     414     413      15588
a     414     420      15588
a     414     408      15588
a     415     455        167
a     415     416      15588
a     415     421      15588
a     415     409      15588
a     416     437        280
a     416     417      15588
a     416     415      15588
a     416     422      15588
a     416     410      15588
a     417     466        155
a     417     418      15588
a     417     416      15588
a     417     423      15588
a     417     411      15588
a     418     468        173
a     418     419      15588
a     418     417      15588
a     418     424      15588
a     418     412      15588
a     419     467        286
a     419     420      15588
a     419     418      15588
a     419     425      15588
a     419     413      15588
a     420     445        257
a     420     419      15588
a     420     426      15588
a     420     414      15588
a     421     463        241
a     421     422      15588
a     421     427      15588
a     421     415      15588
a     422     461        211
a     422     423      15588
a     422     421      15588
a     422     428      15588
a     422     416      15588
a     423     444        389
a     423     424      15588
a     423     422      15588
a     423     429      15588
a     423     417      15588
a     424     457        228
a     424     425      15588
a     424     423      15588
a     424     430      15588
a     424     418      15588
a     425     439        364
a     425     426      15588
a     425     424      15588
a     425     431      15588
a     425     419      15588
a     426     453        163
a     426     425      15588
a     426     432      15588
a     426     420      15588
a     427     460        363
a     427     428      15588
a     427     421      15588
a     428     456        324
a     428     429      15588
a     428     427      15588
a     428     422      15588
a     429     438        132
a     429     430      15588
a     429     428      15588
a     429     423      15588
a     430     464        165
a     430     431      15588
a     430     429      15588
a     430     424      15588
a     431     441        337
a     431     432      15588
a     431     430      15588
a     431     425      15588
a     432     452        383
a     432     431      15588
a     432     426      15588
a     433     472        149
a     433     434      15588
a     433     439      15588
a     434     491        349
a     434     435      15588
a     434     433      15588
a     434     440      15588
a     435     501        174
a     435     436      15588
a     435     434      15588
a     435     441      15588
a     436     481        314
a     436     437      15588
a     436     435      15588
a     436     442      15588
a     437     504        308
a     437     438      15588
a     437     436      15588
a     437     443      15588
a     438     469        153
a     438     437      15588
a     438     444      15588
a     439     482        117
a     439     440      15588
a     439     445      15588
a     439     433      15588
a     440     500        412
a     440     441      15588
a     440     439      15588
a     440     446      15588
a     440     434      15588
a     441     498        360
a     441     442      15588
a     441     440      15588
a     441     447      15588
a     441     435      15588
a     442     484        133
a     442     443      15588
a     442     441      15588
a     442     448      15588
a     442     436      15588
a     443     489        348
a     443     444      15588
a     443     442      15588
a     443     449      15588
a     443     437      15588
a     444     486        294
a     444     443      15588
a     444     450      15588
a     444     438      15588
a     445     492        328
a     445     446      15588
a     445     451      15588
a     445     439      15588
a     446     502        267
a     446     447      15588
a     446     445      15588
a     446     452      15588
a     446     440      15588
a     447     493        134
a     447     448      15588
a     447     446      15588
a     447     453      15588
a     447     441      15588
a     448     477        111
a     448     449      15588
a     448     447      15588
a     448     454      15588
a     448     442      15588
a     449     476        361
a     449     450      15588
a     449     448      15588
a     449     455      15588
a     449     443      15588
a     450     495        305
a     450     449      15588
a     450     456      15588
a     450     444      15588
a     451     496        265
a     451     452      15588
a     451     457      15588
a     451     445      15588
a     452     473        258
a     452     453      15588
a     452     451      15588
a     452     458      15588
a     452     446      15588
a     453     471        305
a     453     454      15588
a     453     452      15588
a     453     459      15588
a     453     447      15588
a     454     487        290
a     454     455      15588
a     454     453      15588
a     454     460      15588
a     454     448      15588
a     455     503        174
a     455     456      15588
a     455     454      15588
a     455     461      15588
a     455     449      15588
a     456     480        400
a     456     455      15588
a     456     462      15588
a     456     450      15588
a     457     490        242
a     457     458      15588
a     457     463      15588
a     457     451      15588
a     458     485        284
a     458     459      15588
a     458     457      15588
a     458     464      15588
a     458     452      15588
a     459     494        267
a     459     460      15588
a     459     458      15588
a     459     465      15588
a     459     453      15588
a     460     479        361
a     460     461      15588
a     460     459      15588
a     460     466      15588
a     460     454      15588
a     461     475        377
a     461     462      15588
a     461     460      15588
a     461     467      15588
a     461     455      15588
a     462     474        168
a     462     461      15588
a     462     468      15588
a     462     456      15588
a     463     483        246
a     463     464      15588
a     463     457      15588
a     464     478        159
a     464     465      15588
a     464     463      15588
a     464     458      15588
a     465     470        403
a     465     466      15588
a     465     464      15588
a     465     459      15588
a     466     499        161
a     466     467      15588
a     466     465      15588
a     466     460      15588
a     467     488        196
a     467     468      15588
a     467     466      15588
a     467     461      15588
a     468     497        192
a     468     467      15588
a     468     462      15588
a     469     516        421
a     469     470      15588
a     469     475      15588
a     470     514        187
a     470     471      15588
a     470     469      15588
a     470     476      15588
a     471     535        293
a     471     472      15588
a     471     470      15588
a     471     477      15588
a     472     512        318
a     472     473      15588
a     472     471      15588
a     472     478      15588
a     473     536        140
a     473     474      15588
a     473     472      15588
a     473     479      15588
a     474     522        203
a     474     473      15588
a     474     480      15588
a     475     539        139
a     475     476      15588
a     475     481      15588
a     475     469      15588
a     476     540        110
a     476     477      15588
a     476     475      15588
a     476     482      15588
a     476     470      15588
a     477     528        369
a     477     478      15588
a     477     476      15588
a     477     483      15588
a     477     471      15588
a     478     511        404
a     478     479      15588
a     478     477      15588
a     478     484      15588
a     478     472      15588
a     479     508        384
a     479     480      15588
a     479     478      15588
a     479     485      15588
a     479     473      15588
a     480     525        246
a     480     479      15588
a     480     486      15588
a     480     474      15588
a     481     534        313
a     481     482      15588
a     481     487      15588
a     481     475      15588
a     482     531        265
a     482     483      15588
a     482     481      15588
a     482     488      15588
a     482     476      15588
a     483     537        383
a     483     484      15588
a     483     482      15588
a     483     489      15588
a     483     477      15588
a     484     509        117
a     484     485      15588
a     484     483      15588
a     484     490      15588
a     484     478      15588
a     485     532        313
a     485     486      15588
a     485     484      15588
a     485     491      15588
a     485     479      15588
a     486     523        371
a     486     485      15588
a     486     492      15588
a     486     480      15588
a     487     526        422
a     487     488      15588
a     487     493      15588
a     487     481      15588
a     488     513        384
a     488     489      15588
a     488     487      15588
a     488     494      15588
a     488     482      15588
a     489     519        318
a     489     490      15588
a     489     488      15588
a     489     495      15588
a     489     483      15588
a     490     521        429
a     490     491      15588
a     490     489      15588
a     490     496      15588
a     490     484      15588
a     491     533        382
a     491     492      15588
a     491     490      15588
a     491     497      15588
a     491     485      15588
a     492     505        304
a     492     491      15588
a     492     498      15588
a     492     486      15588
a     493     507        109
a     493     494      15588
a     493     499      15588
a     493     487      15588
a     494     527        317
a     494     495      15588
a     494     493      15588
a     494     500      15588
a     494     488      15588
a     495     529        117
a     495     496      15588
a     495     494      15588
a     495     501      15588
a     495     489      15588
a     496     538        254
a     496     497      15588
a     496     495      15588
a     496     502      15588
a     496     490      15588
a     497     520        318
a     497     498      15588
a     497     496      15588
a     497     503      15588
a     497     491      15588
a     498     510        416
a     498     497      15588
a     498     504      15588
a     498     492      15588
a     499     518        149
a     499     500      15588
a     499     493      15588
a     500     515        120
a     500     501      15588
a     500     499      15588
a     500     494      15588
a     501     530        187
a     501     502      15588
a     501     500      15588
a     501     495      15588
a     502     506        233
a     502     503      15588
a     502     501      15588
a     502     496      15588
a     503     517        225
a     503     504      15588
a     503     502      15588
a     503     497      15588
a     504     524        254
a     504     503      15588
a     504     498      15588
a     505     550        385
a     505     506      15588
a     505     511      15588
a     506     573        225
a     506     507      15588
a     506     505      15588
a     506     512      15588
a     507     548        215
a     507     508      15588
a     507     506      15588
a     507     513      15588
a     508     572        263
a     508     509      15588
a     508     507      15588
a     508     514      15588
a     509     561        217
a     509     510      15588
a     509     508      15588
a     509     515      15588
a     510     556        336
a     510     509      15588
a     510     516      15588
a     511     563        371
a     511     512      15588
a     511     517      15588
a     511     505      15588
a     512     542        368
a     512     513      15588
a     512     511      15588
a     512     518      15588
a     512     506      15588
a     513     562        326
a     513     514      15588
a     513     512      15588
a     513     519      15588
a     513     507      15588
a     514     554        244
a     514     515      15588
a     514     513      15588
a     514     520      15588
a     514     508      15588
a     515     555        364
a     515     516      15588
a     515     514      15588
a     515     521      15588
a     515     509      15588
a     516     566        354
a     516     515      15588
a     516     522      15588
a     516     510      15588
a     517     549        250
a     517     518      15588
a     517     523      15588
a     517     511      15588
a     518     570        172
a     518     519      15588
a     518     517      15588
a     518     524      15588
a     518     512      15588
a     519     545        149
a     519     520      15588
a     519     518      15588
a     519     525      15588
a     519     513      15588
a     520     569        248
a     520     521      15588
a     520     519      15588
a     520     526      15588
a     520     514      15588
a     521     574        348
a     521     522      15588
a     521     520      15588
a     521     527      15588
a     521     515      15588
a     522     541        282
a     522     521      15588
a     522     528      15588
a     522     516      15588
a     523     544        181
a     523     524      15588
a     523     529      15588
a     523     517      15588
a     524     551        335
a     524     525      15588
a     524     523      15588
a     524     530      15588
a     524     518      15588
a     525     571        187
a     525     526      15588
a     525     524      15588
a     525     531      15588
a     525     519      15588
a     526     546        377
a     526     527      15588
a     526     525      15588
a     526     532      15588
a     526     520      15588
a     527     559        378
a     527     528      15588
a     527     526      15588
a     527     533      15588
a     527     521      15588
a     528     565        397
a     528     527      15588
a     528     534      15588
a     528     522      15588
a     529     567        354
a     529     530      15588
a     529     535      15588
a     529     523      15588
a     530     552        416
a     530     531      15588
a     530     529      15588
a     530     536      15588
a     530     524      15588
a     531     553        376
a     531     532      15588
a     531     530      15588
a     531     537      15588
a     531     525      15588
a     532     558        310
a     532     533      15588
a     532     531      15588
a     532     538      15588
a     532     526      15588
a     533     576        393
a     533     534      15588
a     533     532      15588
a     533     539      15588
a     533     527      15588
a     534     560        215
a     534     533      15588
a     534     540      15588
a     534     528      15588
a     535     575        406
a     535     536      15588
a     535     529      15588
a     536     564        352
a     536     537      15588
a     536     535      15588
a     536     530      15588
a     537     557        189
a     537     538      15588
a     537     536      15588
a     537     531      15588
a     538     547        355
a     538     539      15588
a     538     537      15588
a     538     532      15588
a     539     543        171
a     539     540      15588
a     539     538      15588
a     539     533      15588
a     540     568        213
a     540     539      15588
a     540     534      15588
a     541     590        247
a     541     542      15588
a     541     547      15588
a     542     607        293
a     542     543      15588
a     542     541      15588
a     542     548      15588
a     543     584        261
a     543     544      15588
a     543     542      15588
a     543     549      15588
a     544     577        324
a     544     545      15588
a     544     543      15588
a     544     550      15588
a     545     578        345
a     545     546      15588
a     545     544      15588
a     545     551      15588
a     546     599        179
a     546     545      15588
a     546     552      15588
a     547     586        141
a     547     548      15588
a     547     553      15588
a     547     541      15588
a     548     611        290
a     548     549      15588
a     548     547      15588
a     548     554      15588
a     548     542      15588
a     549     598        159
a     549     550      15588
a     549     548      15588
a     549     555      15588
a     549     543      15588
a     550     612        197
a     550     551      15588
a     550     549      15588
a     550     556      15588
a     550     544      15588
a     551     596        324
a     551     552      15588
a     551     550      15588
a     551     557      15588
a     551     545      15588
a     552     604        313
a     552     551      15588
a     552     558      15588
a     552     546      15588
a     553     602        266
a     553     554      15588
a     553     559      15588
a     553     547      15588
a     554     585        353
a     554     555      15588
a     554     553      15588
a     554     560      15588
a     554     548      15588
a     555     581        317
a     555     556      15588
a     555     554      15588
a     555     561      15588
a     555     549      15588
a     556     595        372
a     556     557      15588
a     556     555      15588
a     556     562      15588
a     556     550      15588
a     557     608        331
a     557     558      15588
a     557     556      15588
a     557     563      15588
a     557     551      15588
a     558     589        179
a     558     557      15588
a     558     564      15588
a     558     552      15588
a     559     603        122
a     559     560      15588
a     559     565      15588
a     559     553      15588
a     560     593        286
a     560     561      15588
a     560     559      15588
a     560     566      15588
a     560     554      15588
a     561     582        315
a     561     562      15588
a     561     560      15588
a     561     567      15588
a     561     555      15588
a     562     594        349
a     562     563      15588
a     562     561      15588
a     562     568      15588
a     562     556      15588
a     563     583        238
a     563     564      15588
a     563     562      15588
a     563     569      15588
a     563     557      15588
a     564     609        339
a     564     563      15588
a     564     570      15588
a     564     558      15588
a     565     597        160
a     565     566      15588
a     565     571      15588
a     565     559      15588
a     566     579        306
a     566     567      15588
a     566     565      15588
a     566     572      15588
a     566     560      15588
a     567     600        285
a     567     568      15588
a     567     566      15588
a     567     573      15588
a     567     561      15588
a     568     592        150
a     568     569      15588
a     568     567      15588
a     568     574      15588
a     568     562      15588
a     569     591        405
a     569     570      15588
a     569     568      15588
a     569     575      15588
a     569     563      15588
a     570     580        343
a     570     569      15588
a     570     576      15588
a     570     564      15588
a     571     610        288
a     571     572      15588
a     571     565      15588
a     572     587        324
a     572     573      15588
a     572     571      15588
a     572     566      15588
a     573     601        132
a     573     574      15588
a     573     572      15588
a     573     567      15588
a     574     588        242
a     574     575      15588
a     574     573      15588
a     574     568      15588
a     575     606        211
a     575     576      15588
a     575     574      15588
a     575     569      15588
a     576     605        334
a     576     575      15588
a     576     570      15588
a     577     578      15588
a     577     583      15588
a     578     579      15588
a     578     577      15588
a     578     584      15588
a     579     580      15588
a     579     578      15588
a     579     585      15588
a     580     581      15588
a     580     579      15588
a     580     586      15588
a     581     582      15588
a     581     580      15588
a     581     587      15588
a     582     581      15588
a     582     588      15588
a     583     584      15588
a     583     589      15588
a     583     577      15588
a     584     585      15588
a     584     583      15588
a     584     590      15588
a     584     578      15588
a     585     586      15588
a     585     584      15588
a     585     591      15588
a     585     579      15588
a     586     587      15588
a     586     585      15588
a     586     592      15588
a     586     580      15588
a     587     588      15588
a     587     586      15588
a     587     593      15588
a     587     581      15588
a     588     587      15588
a     588     594      15588
a     588     582      15588
a     589     590      15588
a     589     595      15588
a     589     583      15588
a     590     591      15588
a     590     589      15588
a     590     596      15588
a     590     584      15588
a     591     592      15588
a     591     590      15588
a     591     597      15588
a     591     585      15588
a     592     593      15588
a     592     591      15588
a     592     598      15588
a     592     586      15588
a     593     594      15588
a     593     592      15588
a     593     599      15588
a     593     587      15588
a     594     593      15588
a     594     600      15588
a     594     588      15588
a     595     596      15588
a     595     601      15588
a     595     589      15588
a     596     597      15588
a     596     595      15588
a     596     602      15588
a     596     590      15588
a     597     598      15588
a     597     596      15588
a     597     603      15588
a     597     591      15588
a     598     599      15588
a     598     597      15588
a     598     604      15588
a     598     592      15588
a     599     600      15588
a     599     598      15588
a     599     605      15588
a     599     593      15588
a     600     599      15588
a     600     606      15588
a     600     594      15588
a     601     602      15588
a     601     607      15588
a     601     595      15588
a     602     603      15588
a     602     601      15588
a     602     608      15588
a     602     596      15588
a     603     604      15588
a     603     602      15588
a     603     609      15588
a     603     597      15588
a     604     605      15588
a     604     603      15588
a     604     610      15588
a     604     598      15588
a     605     606      15588
a     605     604      15588
a     605     611      15588
a     605     599      15588
a     606     605      15588
a     606     612      15588
a     606     600      15588
a     607     608      15588
a     607     601      15588
a     608     609      15588
a     608     607      15588
a     608     602      15588
a     609     610      15588
a     609     608      15588
a     609     603      15588
a     610     611      15588
a     610     609      15588
a     610     604      15588
a     611     612      15588
a     611     610      15588
a     611     605      15588
a     612     611      15588
a     612     606      15588
