c This file was generated by genrmf.
c The parameters are: a: 6 b: 10 c1: 356 c2: 1424 seed: 1666103673
p max     360       1524
n       1 s
n     360 t
a       1      40        704
a       1       2      51264
a       1       7      51264
a       2      44        423
a       2       3      51264
a       2       1      51264
a       2       8      51264
a       3      38       1286
a       3       4      51264
a       3       2      51264
a       3       9      51264
a       4      66        706
a       4       5      51264
a       4       3      51264
a       4      10      51264
a       5      37        931
a       5       6      51264
a       5       4      51264
a       5      11      51264
a       6      61       1225
a       6       5      51264
a       6      12      51264
a       7      57        396
a       7       8      51264
a       7      13      51264
a       7       1      51264
a       8      39       1134
a       8       9      51264
a       8       7      51264
a       8      14      51264
a       8       2      51264
a       9      67       1027
a       9      10      51264
a       9       8      51264
a       9      15      51264
a       9       3      51264
a      10      54        458
a      10      11      51264
a      10       9      51264
a      10      16      51264
a      10       4      51264
a      11      45       1142
a      11      12      51264
a      11      10      51264
a      11      17      51264
a      11       5      51264
a      12      43        740
a      12      11      51264
a      12      18      51264
a      12       6      51264
a      13      56       1365
a      13      14      51264
a      13      19      51264
a      13       7      51264
a      14      68        749
a      14      15      51264
a      14      13      51264
a      14      20      51264
a      14       8      51264
a      15      70        831
a      15      16      51264
a      15      14      51264
a      15      21      51264
a      15       9      51264
a      16      52        590
a      16      17      51264
a      16      15      51264
a      16      22      51264
a      16      10      51264
a      17      59        543
a      17      18      51264
a      17      16      51264
a      17      23      51264
a      17      11      51264
a      18      71        716
a      18      17      51264
a      18      24      51264
a      18      12      51264
a      19      63        808
a      19      20      51264
a      19      25      51264
a      19      13      51264
a      20      53       1373
a      20      21      51264
a      20      19      51264
a      20      26      51264
a      20      14      51264
a      21      49       1156
a      21      22      51264
a      21      20      51264
a      21      27      51264
a      21      15      51264
a      22      41        937
a      22      23      51264
a      22      21      51264
a      22      28      51264
a      22      16      51264
a      23      65        418
a      23      24      51264
a      23      22      51264
a      23      29      51264
a      23      17      51264
a      24      42       1124
a      24      23      51264
a      24      30      51264
a      24      18      51264
a      25      72       1003
a      25      26      51264
a      25      31      51264
a      25      19      51264
a      26      69        828
a      26      27      51264
a      26      25      51264
a      26      32      51264
a      26      20      51264
a      27      47        398
a      27      28      51264
a      27      26      51264
a      27      33      51264
a      27      21      51264
a      28      48        825
a      28      29      51264
a      28      27      51264
a      28      34      51264
a      28      22      51264
a      29      51        459
a      29      30      51264
a      29      28      51264
a      29      35      51264
a      29      23      51264
a      30      55        780
a      30      29      51264
a      30      36      51264
a      30      24      51264
a      31      50        495
a      31      32      51264
a      31      25      51264
a      32      60        511
a      32      33      51264
a      32      31      51264
a      32      26      51264
a      33      46       1308
a      33      34      51264
a      33      32      51264
a      33      27      51264
a      34      64        682
a      34      35      51264
a      34      33      51264
a      34      28      51264
a      35      62        691
a      35      36      51264
a      35      34      51264
a      35      29      51264
a      36      58       1123
a      36      35      51264
a      36      30      51264
a      37      92        889
a      37      38      51264
a      37      43      51264
a      38     105       1310
a      38      39      51264
a      38      37      51264
a      38      44      51264
a      39      98        988
a      39      40      51264
a      39      38      51264
a      39      45      51264
a      40      91        813
a      40      41      51264
a      40      39      51264
a      40      46      51264
a      41     101        589
a      41      42      51264
a      41      40      51264
a      41      47      51264
a      42      94        633
a      42      41      51264
a      42      48      51264
a      43      75        972
a      43      44      51264
a      43      49      51264
a      43      37      51264
a      44      97       1366
a      44      45      51264
a      44      43      51264
a      44      50      51264
a      44      38      51264
a      45      90        740
a      45      46      51264
a      45      44      51264
a      45      51      51264
a      45      39      51264
a      46      87        845
a      46      47      51264
a      46      45      51264
a      46      52      51264
a      46      40      51264
a      47      80       1380
a      47      48      51264
a      47      46      51264
a      47      53      51264
a      47      41      51264
a      48      93        889
a      48      47      51264
a      48      54      51264
a      48      42      51264
a      49     104       1240
a      49      50      51264
a      49      55      51264
a      49      43      51264
a      50      84       1187
a      50      51      51264
a      50      49      51264
a      50      56      51264
a      50      44      51264
a      51     103        998
a      51      52      51264
a      51      50      51264
a      51      57      51264
a      51      45      51264
a      52      74       1409
a      52      53      51264
a      52      51      51264
a      52      58      51264
a      52      46      51264
a      53      88        774
a      53      54      51264
a      53      52      51264
a      53      59      51264
a      53      47      51264
a      54      82       1356
a      54      53      51264
a      54      60      51264
a      54      48      51264
a      55     108        803
a      55      56      51264
a      55      61      51264
a      55      49      51264
a      56      85       1165
a      56      57      51264
a      56      55      51264
a      56      62      51264
a      56      50      51264
a      57      77       1053
a      57      58      51264
a      57      56      51264
a      57      63      51264
a      57      51      51264
a      58      86        464
a      58      59      51264
a      58      57      51264
a      58      64      51264
a      58      52      51264
a      59      83        532
a      59      60      51264
a      59      58      51264
a      59      65      51264
a      59      53      51264
a      60      73        581
a      60      59      51264
a      60      66      51264
a      60      54      51264
a      61      78       1101
a      61      62      51264
a      61      67      51264
a      61      55      51264
a      62     106        901
a      62      63      51264
a      62      61      51264
a      62      68      51264
a      62      56      51264
a      63     100       1307
a      63      64      51264
a      63      62      51264
a      63      69      51264
a      63      57      51264
a      64      99       1185
a      64      65      51264
a      64      63      51264
a      64      70      51264
a      64      58      51264
a      65      79        417
a      65      66      51264
a      65      64      51264
a      65      71      51264
a      65      59      51264
a      66      76        742
a      66      65      51264
a      66      72      51264
a      66      60      51264
a      67     107       1001
a      67      68      51264
a      67      61      51264
a      68      81        648
a      68      69      51264
a      68      67      51264
a      68      62      51264
a      69     102       1083
a      69      70      51264
a      69      68      51264
a      69      63      51264
a      70      89       1155
a      70      71      51264
a      70      69      51264
a      70      64      51264
a      71      95       1020
a      71      72      51264
a      71      70      51264
a      71      65      51264
a      72      96       1157
a      72      71      51264
a      72      66      51264
a      73     123        663
a      73      74      51264
a      73      79      51264
a      74     135        798
a      74      75      51264
a      74      73      51264
a      74      80      51264
a      75     133       1252
a      75      76      51264
a      75      74      51264
a      75      81      51264
a      76     122        520
a      76      77      51264
a      76      75      51264
a      76      82      51264
a      77     109        671
a      77      78      51264
a      77      76      51264
a      77      83      51264
a      78     128        731
a      78      77      51264
a      78      84      51264
a      79     131       1409
a      79      80      51264
a      79      85      51264
a      79      73      51264
a      80     144        997
a      80      81      51264
a      80      79      51264
a      80      86      51264
a      80      74      51264
a      81     139        789
a      81      82      51264
a      81      80      51264
a      81      87      51264
a      81      75      51264
a      82     132       1030
a      82      83      51264
a      82      81      51264
a      82      88      51264
a      82      76      51264
a      83     118        369
a      83      84      51264
a      83      82      51264
a      83      89      51264
a      83      77      51264
a      84     134        756
a      84      83      51264
a      84      90      51264
a      84      78      51264
a      85     127       1022
a      85      86      51264
a      85      91      51264
a      85      79      51264
a      86     140        882
a      86      87      51264
a      86      85      51264
a      86      92      51264
a      86      80      51264
a      87     117       1127
a      87      88      51264
a      87      86      51264
a      87      93      51264
a      87      81      51264
a      88     124        579
a      88      89      51264
a      88      87      51264
a      88      94      51264
a      88      82      51264
a      89     143       1293
a      89      90      51264
a      89      88      51264
a      89      95      51264
a      89      83      51264
a      90     121        390
a      90      89      51264
a      90      96      51264
a      90      84      51264
a      91     130       1054
a      91      92      51264
a      91      97      51264
a      91      85      51264
a      92     136        514
a      92      93      51264
a      92      91      51264
a      92      98      51264
a      92      86      51264
a      93     119       1131
a      93      94      51264
a      93      92      51264
a      93      99      51264
a      93      87      51264
a      94     138        395
a      94      95      51264
a      94      93      51264
a      94     100      51264
a      94      88      51264
a      95     116        515
a      95      96      51264
a      95      94      51264
a      95     101      51264
a      95      89      51264
a      96     125        546
a      96      95      51264
a      96     102      51264
a      96      90      51264
a      97     120       1116
a      97      98      51264
a      97     103      51264
a      97      91      51264
a      98     137        390
a      98      99      51264
a      98      97      51264
a      98     104      51264
a      98      92      51264
a      99     114       1008
a      99     100      51264
a      99      98      51264
a      99     105      51264
a      99      93      51264
a     100     129        603
a     100     101      51264
a     100      99      51264
a     100     106      51264
a     100      94      51264
a     101     141       1176
a     101     102      51264
a     101     100      51264
a     101     107      51264
a     101      95      51264
a     102     126        554
a     102     101      51264
a     102     108      51264
a     102      96      51264
a     103     142        473
a     103     104      51264
a     103      97      51264
a     104     115        384
a     104     105      51264
a     104     103      51264
a     104      98      51264
a     105     111        992
a     105     106      51264
a     105     104      51264
a     105      99      51264
a     106     113        989
a     106     107      51264
a     106     105      51264
a     106     100      51264
a     107     110        582
a     107     108      51264
a     107     106      51264
a     107     101      51264
a     108     112       1293
a     108     107      51264
a     108     102      51264
a     109     147        500
a     109     110      51264
a     109     115      51264
a     110     157        739
a     110     111      51264
a     110     109      51264
a     110     116      51264
a     111     164       1184
a     111     112      51264
a     111     110      51264
a     111     117      51264
a     112     180       1211
a     112     113      51264
a     112     111      51264
a     112     118      51264
a     113     162        835
a     113     114      51264
a     113     112      51264
a     113     119      51264
a     114     150       1063
a     114     113      51264
a     114     120      51264
a     115     152       1061
a     115     116      51264
a     115     121      51264
a     115     109      51264
a     116     179       1246
a     116     117      51264
a     116     115      51264
a     116     122      51264
a     116     110      51264
a     117     178       1016
a     117     118      51264
a     117     116      51264
a     117     123      51264
a     117     111      51264
a     118     160        714
a     118     119      51264
a     118     117      51264
a     118     124      51264
a     118     112      51264
a     119     155        760
a     119     120      51264
a     119     118      51264
a     119     125      51264
a     119     113      51264
a     120     158       1312
a     120     119      51264
a     120     126      51264
a     120     114      51264
a     121     170        760
a     121     122      51264
a     121     127      51264
a     121     115      51264
a     122     146       1409
a     122     123      51264
a     122     121      51264
a     122     128      51264
a     122     116      51264
a     123     168       1104
a     123     124      51264
a     123     122      51264
a     123     129      51264
a     123     117      51264
a     124     151        409
a     124     125      51264
a     124     123      51264
a     124     130      51264
a     124     118      51264
a     125     175       1135
a     125     126      51264
a     125     124      51264
a     125     131      51264
a     125     119      51264
a     126     169        569
a     126     125      51264
a     126     132      51264
a     126     120      51264
a     127     148        532
a     127     128      51264
a     127     133      51264
a     127     121      51264
a     128     161        693
a     128     129      51264
a     128     127      51264
a     128     134      51264
a     128     122      51264
a     129     165        531
a     129     130      51264
a     129     128      51264
a     129     135      51264
a     129     123      51264
a     130     167        765
a     130     131      51264
a     130     129      51264
a     130     136      51264
a     130     124      51264
a     131     163       1402
a     131     132      51264
a     131     130      51264
a     131     137      51264
a     131     125      51264
a     132     154        774
a     132     131      51264
a     132     138      51264
a     132     126      51264
a     133     149       1254
a     133     134      51264
a     133     139      51264
a     133     127      51264
a     134     176        603
a     134     135      51264
a     134     133      51264
a     134     140      51264
a     134     128      51264
a     135     153        943
a     135     136      51264
a     135     134      51264
a     135     141      51264
a     135     129      51264
a     136     174        638
a     136     137      51264
a     136     135      51264
a     136     142      51264
a     136     130      51264
a     137     156        906
a     137     138      51264
a     137     136      51264
a     137     143      51264
a     137     131      51264
a     138     171       1048
a     138     137      51264
a     138     144      51264
a     138     132      51264
a     139     172       1044
a     139     140      51264
a     139     133      51264
a     140     177       1221
a     140     141      51264
a     140     139      51264
a     140     134      51264
a     141     159       1187
a     141     142      51264
a     141     140      51264
a     141     135      51264
a     142     166       1205
a     142     143      51264
a     142     141      51264
a     142     136      51264
a     143     173       1348
a     143     144      51264
a     143     142      51264
a     143     137      51264
a     144     145        715
a     144     143      51264
a     144     138      51264
a     145     182        563
a     145     146      51264
a     145     151      51264
a     146     192        494
a     146     147      51264
a     146     145      51264
a     146     152      51264
a     147     212        997
a     147     148      51264
a     147     146      51264
a     147     153      51264
a     148     190        930
a     148     149      51264
a     148     147      51264
a     148     154      51264
a     149     197       1150
a     149     150      51264
a     149     148      51264
a     149     155      51264
a     150     183       1045
a     150     149      51264
a     150     156      51264
a     151     189        546
a     151     152      51264
a     151     157      51264
a     151     145      51264
a     152     198       1417
a     152     153      51264
a     152     151      51264
a     152     158      51264
a     152     146      51264
a     153     216        636
a     153     154      51264
a     153     152      51264
a     153     159      51264
a     153     147      51264
a     154     203        673
a     154     155      51264
a     154     153      51264
a     154     160      51264
a     154     148      51264
a     155     215       1162
a     155     156      51264
a     155     154      51264
a     155     161      51264
a     155     149      51264
a     156     208        970
a     156     155      51264
a     156     162      51264
a     156     150      51264
a     157     202        989
a     157     158      51264
a     157     163      51264
a     157     151      51264
a     158     204        743
a     158     159      51264
a     158     157      51264
a     158     164      51264
a     158     152      51264
a     159     214        429
a     159     160      51264
a     159     158      51264
a     159     165      51264
a     159     153      51264
a     160     209        961
a     160     161      51264
a     160     159      51264
a     160     166      51264
a     160     154      51264
a     161     207        451
a     161     162      51264
a     161     160      51264
a     161     167      51264
a     161     155      51264
a     162     185       1167
a     162     161      51264
a     162     168      51264
a     162     156      51264
a     163     193       1254
a     163     164      51264
a     163     169      51264
a     163     157      51264
a     164     196       1210
a     164     165      51264
a     164     163      51264
a     164     170      51264
a     164     158      51264
a     165     188        813
a     165     166      51264
a     165     164      51264
a     165     171      51264
a     165     159      51264
a     166     206        905
a     166     167      51264
a     166     165      51264
a     166     172      51264
a     166     160      51264
a     167     213        594
a     167     168      51264
a     167     166      51264
a     167     173      51264
a     167     161      51264
a     168     181       1257
a     168     167      51264
a     168     174      51264
a     168     162      51264
a     169     186       1146
a     169     170      51264
a     169     175      51264
a     169     163      51264
a     170     201       1298
a     170     171      51264
a     170     169      51264
a     170     176      51264
a     170     164      51264
a     171     184        843
a     171     172      51264
a     171     170      51264
a     171     177      51264
a     171     165      51264
a     172     211       1272
a     172     173      51264
a     172     171      51264
a     172     178      51264
a     172     166      51264
a     173     191        453
a     173     174      51264
a     173     172      51264
a     173     179      51264
a     173     167      51264
a     174     187        885
a     174     173      51264
a     174     180      51264
a     174     168      51264
a     175     195        566
a     175     176      51264
a     175     169      51264
a     176     194       1346
a     176     177      51264
a     176     175      51264
a     176     170      51264
a     177     200       1181
a     177     178      51264
a     177     176      51264
a     177     171      51264
a     178     205        378
a     178     179      51264
a     178     177      51264
a     178     172      51264
a     179     210        707
a     179     180      51264
a     179     178      51264
a     179     173      51264
a     180     199       1334
a     180     179      51264
a     180     174      51264
a     181     223        789
a     181     182      51264
a     181     187      51264
a     182     228       1115
a     182     183      51264
a     182     181      51264
a     182     188      51264
a     183     232       1336
a     183     184      51264
a     183     182      51264
a     183     189      51264
a     184     221        688
a     184     185      51264
a     184     183      51264
a     184     190      51264
a     185     248       1074
a     185     186      51264
a     185     184      51264
a     185     191      51264
a     186     236        476
a     186     185      51264
a     186     192      51264
a     187     238       1247
a     187     188      51264
a     187     193      51264
a     187     181      51264
a     188     240        849
a     188     189      51264
a     188     187      51264
a     188     194      51264
a     188     182      51264
a     189     227        955
a     189     190      51264
a     189     188      51264
a     189     195      51264
a     189     183      51264
a     190     229        375
a     190     191      51264
a     190     189      51264
a     190     196      51264
a     190     184      51264
a     191     219        968
a     191     192      51264
a     191     190      51264
a     191     197      51264
a     191     185      51264
a     192     242        393
a     192     191      51264
a     192     198      51264
a     192     186      51264
a     193     230        379
a     193     194      51264
a     193     199      51264
a     193     187      51264
a     194     241        460
a     194     195      51264
a     194     193      51264
a     194     200      51264
a     194     188      51264
a     195     252       1195
a     195     196      51264
a     195     194      51264
a     195     201      51264
a     195     189      51264
a     196     231        789
a     196     197      51264
a     196     195      51264
a     196     202      51264
a     196     190      51264
a     197     243       1185
a     197     198      51264
a     197     196      51264
a     197     203      51264
a     197     191      51264
a     198     220       1298
a     198     197      51264
a     198     204      51264
a     198     192      51264
a     199     224       1274
a     199     200      51264
a     199     205      51264
a     199     193      51264
a     200     249        509
a     200     201      51264
a     200     199      51264
a     200     206      51264
a     200     194      51264
a     201     233        972
a     201     202      51264
a     201     200      51264
a     201     207      51264
a     201     195      51264
a     202     247       1245
a     202     203      51264
a     202     201      51264
a     202     208      51264
a     202     196      51264
a     203     244        853
a     203     204      51264
a     203     202      51264
a     203     209      51264
a     203     197      51264
a     204     239       1418
a     204     203      51264
a     204     210      51264
a     204     198      51264
a     205     245       1073
a     205     206      51264
a     205     211      51264
a     205     199      51264
a     206     250        364
a     206     207      51264
a     206     205      51264
a     206     212      51264
a     206     200      51264
a     207     225        406
a     207     208      51264
a     207     206      51264
a     207     213      51264
a     207     201      51264
a     208     222       1251
a     208     209      51264
a     208     207      51264
a     208     214      51264
a     208     202      51264
a     209     237       1148
a     209     210      51264
a     209     208      51264
a     209     215      51264
a     209     203      51264
a     210     246        679
a     210     209      51264
a     210     216      51264
a     210     204      51264
a     211     218        644
a     211     212      51264
a     211     205      51264
a     212     217       1023
a     212     213      51264
a     212     211      51264
a     212     206      51264
a     213     251       1224
a     213     214      51264
a     213     212      51264
a     213     207      51264
a     214     234       1306
a     214     215      51264
a     214     213      51264
a     214     208      51264
a     215     235       1003
a     215     216      51264
a     215     214      51264
a     215     209      51264
a     216     226        397
a     216     215      51264
a     216     210      51264
a     217     256        982
a     217     218      51264
a     217     223      51264
a     218     285        968
a     218     219      51264
a     218     217      51264
a     218     224      51264
a     219     259       1122
a     219     220      51264
a     219     218      51264
a     219     225      51264
a     220     262       1294
a     220     221      51264
a     220     219      51264
a     220     226      51264
a     221     271        655
a     221     222      51264
a     221     220      51264
a     221     227      51264
a     222     282        498
a     222     221      51264
a     222     228      51264
a     223     287        735
a     223     224      51264
a     223     229      51264
a     223     217      51264
a     224     267        754
a     224     225      51264
a     224     223      51264
a     224     230      51264
a     224     218      51264
a     225     281        744
a     225     226      51264
a     225     224      51264
a     225     231      51264
a     225     219      51264
a     226     265        829
a     226     227      51264
a     226     225      51264
a     226     232      51264
a     226     220      51264
a     227     270        707
a     227     228      51264
a     227     226      51264
a     227     233      51264
a     227     221      51264
a     228     274       1138
a     228     227      51264
a     228     234      51264
a     228     222      51264
a     229     284        928
a     229     230      51264
a     229     235      51264
a     229     223      51264
a     230     261        703
a     230     231      51264
a     230     229      51264
a     230     236      51264
a     230     224      51264
a     231     273        785
a     231     232      51264
a     231     230      51264
a     231     237      51264
a     231     225      51264
a     232     263        789
a     232     233      51264
a     232     231      51264
a     232     238      51264
a     232     226      51264
a     233     254        605
a     233     234      51264
a     233     232      51264
a     233     239      51264
a     233     227      51264
a     234     276        978
a     234     233      51264
a     234     240      51264
a     234     228      51264
a     235     264        881
a     235     236      51264
a     235     241      51264
a     235     229      51264
a     236     288        776
a     236     237      51264
a     236     235      51264
a     236     242      51264
a     236     230      51264
a     237     255       1277
a     237     238      51264
a     237     236      51264
a     237     243      51264
a     237     231      51264
a     238     269        850
a     238     239      51264
a     238     237      51264
a     238     244      51264
a     238     232      51264
a     239     279        468
a     239     240      51264
a     239     238      51264
a     239     245      51264
a     239     233      51264
a     240     278        708
a     240     239      51264
a     240     246      51264
a     240     234      51264
a     241     280        654
a     241     242      51264
a     241     247      51264
a     241     235      51264
a     242     283        627
a     242     243      51264
a     242     241      51264
a     242     248      51264
a     242     236      51264
a     243     253        919
a     243     244      51264
a     243     242      51264
a     243     249      51264
a     243     237      51264
a     244     286       1157
a     244     245      51264
a     244     243      51264
a     244     250      51264
a     244     238      51264
a     245     266        557
a     245     246      51264
a     245     244      51264
a     245     251      51264
a     245     239      51264
a     246     268        483
a     246     245      51264
a     246     252      51264
a     246     240      51264
a     247     272        896
a     247     248      51264
a     247     241      51264
a     248     257       1152
a     248     249      51264
a     248     247      51264
a     248     242      51264
a     249     277        955
a     249     250      51264
a     249     248      51264
a     249     243      51264
a     250     258       1142
a     250     251      51264
a     250     249      51264
a     250     244      51264
a     251     260        999
a     251     252      51264
a     251     250      51264
a     251     245      51264
a     252     275       1270
a     252     251      51264
a     252     246      51264
a     253     300        989
a     253     254      51264
a     253     259      51264
a     254     319        544
a     254     255      51264
a     254     253      51264
a     254     260      51264
a     255     324        460
a     255     256      51264
a     255     254      51264
a     255     261      51264
a     256     308        549
a     256     257      51264
a     256     255      51264
a     256     262      51264
a     257     289        586
a     257     258      51264
a     257     256      51264
a     257     263      51264
a     258     303        389
a     258     257      51264
a     258     264      51264
a     259     311        903
a     259     260      51264
a     259     265      51264
a     259     253      51264
a     260     309       1328
a     260     261      51264
a     260     259      51264
a     260     266      51264
a     260     254      51264
a     261     292        378
a     261     262      51264
a     261     260      51264
a     261     267      51264
a     261     255      51264
a     262     312       1028
a     262     263      51264
a     262     261      51264
a     262     268      51264
a     262     256      51264
a     263     296       1046
a     263     264      51264
a     263     262      51264
a     263     269      51264
a     263     257      51264
a     264     304       1044
a     264     263      51264
a     264     270      51264
a     264     258      51264
a     265     313        540
a     265     266      51264
a     265     271      51264
a     265     259      51264
a     266     310       1350
a     266     267      51264
a     266     265      51264
a     266     272      51264
a     266     260      51264
a     267     316        934
a     267     268      51264
a     267     266      51264
a     267     273      51264
a     267     261      51264
a     268     295       1237
a     268     269      51264
a     268     267      51264
a     268     274      51264
a     268     262      51264
a     269     298        984
a     269     270      51264
a     269     268      51264
a     269     275      51264
a     269     263      51264
a     270     307        462
a     270     269      51264
a     270     276      51264
a     270     264      51264
a     271     305       1313
a     271     272      51264
a     271     277      51264
a     271     265      51264
a     272     301        535
a     272     273      51264
a     272     271      51264
a     272     278      51264
a     272     266      51264
a     273     314       1044
a     273     274      51264
a     273     272      51264
a     273     279      51264
a     273     267      51264
a     274     306        853
a     274     275      51264
a     274     273      51264
a     274     280      51264
a     274     268      51264
a     275     297        462
a     275     276      51264
a     275     274      51264
a     275     281      51264
a     275     269      51264
a     276     317       1031
a     276     275      51264
a     276     282      51264
a     276     270      51264
a     277     290        590
a     277     278      51264
a     277     283      51264
a     277     271      51264
a     278     322        608
a     278     279      51264
a     278     277      51264
a     278     284      51264
a     278     272      51264
a     279     315        631
a     279     280      51264
a     279     278      51264
a     279     285      51264
a     279     273      51264
a     280     320       1182
a     280     281      51264
a     280     279      51264
a     280     286      51264
a     280     274      51264
a     281     318       1116
a     281     282      51264
a     281     280      51264
a     281     287      51264
a     281     275      51264
a     282     291       1359
a     282     281      51264
a     282     288      51264
a     282     276      51264
a     283     302       1163
a     283     284      51264
a     283     277      51264
a     284     294        953
a     284     285      51264
a     284     283      51264
a     284     278      51264
a     285     323       1255
a     285     286      51264
a     285     284      51264
a     285     279      51264
a     286     299        724
a     286     287      51264
a     286     285      51264
a     286     280      51264
a     287     321        631
a     287     288      51264
a     287     286      51264
a     287     281      51264
a     288     293        841
a     288     287      51264
a     288     282      51264
a     289     344        809
a     289     290      51264
a     289     295      51264
a     290     329        521
a     290     291      51264
a     290     289      51264
a     290     296      51264
a     291     341        716
a     291     292      51264
a     291     290      51264
a     291     297      51264
a     292     348       1195
a     292     293      51264
a     292     291      51264
a     292     298      51264
a     293     331        993
a     293     294      51264
a     293     292      51264
a     293     299      51264
a     294     349       1200
a     294     293      51264
a     294     300      51264
a     295     355        593
a     295     296      51264
a     295     301      51264
a     295     289      51264
a     296     326       1195
a     296     297      51264
a     296     295      51264
a     296     302      51264
a     296     290      51264
a     297     333       1292
a     297     298      51264
a     297     296      51264
a     297     303      51264
a     297     291      51264
a     298     345        907
a     298     299      51264
a     298     297      51264
a     298     304      51264
a     298     292      51264
a     299     360       1159
a     299     300      51264
a     299     298      51264
a     299     305      51264
a     299     293      51264
a     300     343        639
a     300     299      51264
a     300     306      51264
a     300     294      51264
a     301     353        919
a     301     302      51264
a     301     307      51264
a     301     295      51264
a     302     354       1360
a     302     303      51264
a     302     301      51264
a     302     308      51264
a     302     296      51264
a     303     347        875
a     303     304      51264
a     303     302      51264
a     303     309      51264
a     303     297      51264
a     304     346        774
a     304     305      51264
a     304     303      51264
a     304     310      51264
a     304     298      51264
a     305     328       1244
a     305     306      51264
a     305     304      51264
a     305     311      51264
a     305     299      51264
a     306     330       1371
a     306     305      51264
a     306     312      51264
a     306     300      51264
a     307     337        498
a     307     308      51264
a     307     313      51264
a     307     301      51264
a     308     357        931
a     308     309      51264
a     308     307      51264
a     308     314      51264
a     308     302      51264
a     309     342       1300
a     309     310      51264
a     309     308      51264
a     309     315      51264
a     309     303      51264
a     310     336        429
a     310     311      51264
a     310     309      51264
a     310     316      51264
a     310     304      51264
a     311     340        454
a     311     312      51264
a     311     310      51264
a     311     317      51264
a     311     305      51264
a     312     351        952
a     312     311      51264
a     312     318      51264
a     312     306      51264
a     313     339       1132
a     313     314      51264
a     313     319      51264
a     313     307      51264
a     314     338        608
a     314     315      51264
a     314     313      51264
a     314     320      51264
a     314     308      51264
a     315     332       1039
a     315     316      51264
a     315     314      51264
a     315     321      51264
a     315     309      51264
a     316     334       1342
a     316     317      51264
a     316     315      51264
a     316     322      51264
a     316     310      51264
a     317     356        646
a     317     318      51264
a     317     316      51264
a     317     323      51264
a     317     311      51264
a     318     335        795
a     318     317      51264
a     318     324      51264
a     318     312      51264
a     319     359        829
a     319     320      51264
a     319     313      51264
a     320     350       1188
a     320     321      51264
a     320     319      51264
a     320     314      51264
a     321     358       1239
a     321     322      51264
a     321     320      51264
a     321     315      51264
a     322     325       1258
a     322     323      51264
a     322     321      51264
a     322     316      51264
a     323     327       1101
a     323     324      51264
a     323     322      51264
a     323     317      51264
a     324     352        902
a     324     323      51264
a     324     318      51264
a     325     326      51264
a     325     331      51264
a     326     327      51264
a     326     325      51264
a     326     332      51264
a     327     328      51264
a     327     326      51264
a     327     333      51264
a     328     329      51264
a     328     327      51264
a     328     334      51264
a     329     330      51264
a     329     328      51264
a     329     335      51264
a     330     329      51264
a     330     336      51264
a     331     332      51264
a     331     337      51264
a     331     325      51264
a     332     333      51264
a     332     331      51264
a     332     338      51264
a     332     326      51264
a     333     334      51264
a     333     332      51264
a     333     339      51264
a     333     327      51264
a     334     335      51264
a     334     333      51264
a     334     340      51264
a     334     328      51264
a     335     336      51264
a     335     334      51264
a     335     341      51264
a     335     329      51264
a     336     335      51264
a     336     342      51264
a     336     330      51264
a     337     338      51264
a     337     343      51264
a     337     331      51264
a     338     339      51264
a     338     337      51264
a     338     344      51264
a     338     332      51264
a     339     340      51264
a     339     338      51264
a     339     345      51264
a     339     333      51264
a     340     341      51264
a     340     339      51264
a     340     346      51264
a     340     334      51264
a     341     342      51264
a     341     340      51264
a     341     347      51264
a     341     335      51264
a     342     341      51264
a     342     348      51264
a     342     336      51264
a     343     344      51264
a     343     349      51264
a     343     337      51264
a     344     345      51264
a     344     343      51264
a     344     350      51264
a     344     338      51264
a     345     346      51264
a     345     344      51264
a     345     351      51264
a     345     339      51264
a     346     347      51264
a     346     345      51264
a     346     352      51264
a     346     340      51264
a     347     348      51264
a     347     346      51264
a     347     353      51264
a     347     341      51264
a     348     347      51264
a     348     354      51264
a     348     342      51264
a     349     350      51264
a     349     355      51264
a     349     343      51264
a     350     351      51264
a     350     349      51264
a     350     356      51264
a     350     344      51264
a     351     352      51264
a     351     350      51264
a     351     357      51264
a     351     345      51264
a     352     353      51264
a     352     351      51264
a     352     358      51264
a     352     346      51264
a     353     354      51264
a     353     352      51264
a     353     359      51264
a     353     347      51264
a     354     353      51264
a     354     360      51264
a     354     348      51264
a     355     356      51264
a     355     349      51264
a     356     357      51264
a     356     355      51264
a     356     350      51264
a     357     358      51264
a     357     356      51264
a     357     351      51264
a     358     359      51264
a     358     357      51264
a     358     352      51264
a     359     360      51264
a     359     358      51264
a     359     353      51264
a     360     359      51264
a     360     354      51264
