c This file was generated by genrmf.
c The parameters are: a: 4 b: 20 c1: 51 c2: 465 seed: 1666103673
p max     320       1264
n       1 s
n     320 t
a       1      18         60
a       1       2       7440
a       1       5       7440
a       2      20        176
a       2       3       7440
a       2       1       7440
a       2       6       7440
a       3      21        427
a       3       4       7440
a       3       2       7440
a       3       7       7440
a       4      30        258
a       4       3       7440
a       4       8       7440
a       5      17        133
a       5       6       7440
a       5       9       7440
a       5       1       7440
a       6      28        103
a       6       7       7440
a       6       5       7440
a       6      10       7440
a       6       2       7440
a       7      27        278
a       7       8       7440
a       7       6       7440
a       7      11       7440
a       7       3       7440
a       8      24        255
a       8       7       7440
a       8      12       7440
a       8       4       7440
a       9      31         97
a       9      10       7440
a       9      13       7440
a       9       5       7440
a      10      22        458
a      10      11       7440
a      10       9       7440
a      10      14       7440
a      10       6       7440
a      11      25        320
a      11      12       7440
a      11      10       7440
a      11      15       7440
a      11       7       7440
a      12      29        224
a      12      11       7440
a      12      16       7440
a      12       8       7440
a      13      19        112
a      13      14       7440
a      13       9       7440
a      14      32        355
a      14      15       7440
a      14      13       7440
a      14      10       7440
a      15      26        123
a      15      16       7440
a      15      14       7440
a      15      11       7440
a      16      23        184
a      16      15       7440
a      16      12       7440
a      17      35        200
a      17      18       7440
a      17      21       7440
a      18      41        442
a      18      19       7440
a      18      17       7440
a      18      22       7440
a      19      33        203
a      19      20       7440
a      19      18       7440
a      19      23       7440
a      20      44        235
a      20      19       7440
a      20      24       7440
a      21      40        141
a      21      22       7440
a      21      25       7440
a      21      17       7440
a      22      46        123
a      22      23       7440
a      22      21       7440
a      22      26       7440
a      22      18       7440
a      23      42        190
a      23      24       7440
a      23      22       7440
a      23      27       7440
a      23      19       7440
a      24      38        226
a      24      23       7440
a      24      28       7440
a      24      20       7440
a      25      34        446
a      25      26       7440
a      25      29       7440
a      25      21       7440
a      26      43        361
a      26      27       7440
a      26      25       7440
a      26      30       7440
a      26      22       7440
a      27      36        276
a      27      28       7440
a      27      26       7440
a      27      31       7440
a      27      23       7440
a      28      37         75
a      28      27       7440
a      28      32       7440
a      28      24       7440
a      29      45        349
a      29      30       7440
a      29      25       7440
a      30      48        302
a      30      31       7440
a      30      29       7440
a      30      26       7440
a      31      39        234
a      31      32       7440
a      31      30       7440
a      31      27       7440
a      32      47         67
a      32      31       7440
a      32      28       7440
a      33      54         68
a      33      34       7440
a      33      37       7440
a      34      49        457
a      34      35       7440
a      34      33       7440
a      34      38       7440
a      35      51         78
a      35      36       7440
a      35      34       7440
a      35      39       7440
a      36      56        356
a      36      35       7440
a      36      40       7440
a      37      62        290
a      37      38       7440
a      37      41       7440
a      37      33       7440
a      38      55        462
a      38      39       7440
a      38      37       7440
a      38      42       7440
a      38      34       7440
a      39      59         82
a      39      40       7440
a      39      38       7440
a      39      43       7440
a      39      35       7440
a      40      58        312
a      40      39       7440
a      40      44       7440
a      40      36       7440
a      41      64        323
a      41      42       7440
a      41      45       7440
a      41      37       7440
a      42      53        433
a      42      43       7440
a      42      41       7440
a      42      46       7440
a      42      38       7440
a      43      60        436
a      43      44       7440
a      43      42       7440
a      43      47       7440
a      43      39       7440
a      44      63        381
a      44      43       7440
a      44      48       7440
a      44      40       7440
a      45      57        189
a      45      46       7440
a      45      41       7440
a      46      52         94
a      46      47       7440
a      46      45       7440
a      46      42       7440
a      47      61        101
a      47      48       7440
a      47      46       7440
a      47      43       7440
a      48      50        314
a      48      47       7440
a      48      44       7440
a      49      71        296
a      49      50       7440
a      49      53       7440
a      50      78        228
a      50      51       7440
a      50      49       7440
a      50      54       7440
a      51      65        141
a      51      52       7440
a      51      50       7440
a      51      55       7440
a      52      75        158
a      52      51       7440
a      52      56       7440
a      53      73        290
a      53      54       7440
a      53      57       7440
a      53      49       7440
a      54      68        443
a      54      55       7440
a      54      53       7440
a      54      58       7440
a      54      50       7440
a      55      66        200
a      55      56       7440
a      55      54       7440
a      55      59       7440
a      55      51       7440
a      56      67        241
a      56      55       7440
a      56      60       7440
a      56      52       7440
a      57      79        448
a      57      58       7440
a      57      61       7440
a      57      53       7440
a      58      77        258
a      58      59       7440
a      58      57       7440
a      58      62       7440
a      58      54       7440
a      59      80        394
a      59      60       7440
a      59      58       7440
a      59      63       7440
a      59      55       7440
a      60      76        373
a      60      59       7440
a      60      64       7440
a      60      56       7440
a      61      74        300
a      61      62       7440
a      61      57       7440
a      62      69        460
a      62      63       7440
a      62      61       7440
a      62      58       7440
a      63      72        213
a      63      64       7440
a      63      62       7440
a      63      59       7440
a      64      70        439
a      64      63       7440
a      64      60       7440
a      65      82        361
a      65      66       7440
a      65      69       7440
a      66      90        308
a      66      67       7440
a      66      65       7440
a      66      70       7440
a      67      92        362
a      67      68       7440
a      67      66       7440
a      67      71       7440
a      68      89        165
a      68      67       7440
a      68      72       7440
a      69      84        368
a      69      70       7440
a      69      73       7440
a      69      65       7440
a      70      83        113
a      70      71       7440
a      70      69       7440
a      70      74       7440
a      70      66       7440
a      71      94        279
a      71      72       7440
a      71      70       7440
a      71      75       7440
a      71      67       7440
a      72      81        302
a      72      71       7440
a      72      76       7440
a      72      68       7440
a      73      86        113
a      73      74       7440
a      73      77       7440
a      73      69       7440
a      74      88        438
a      74      75       7440
a      74      73       7440
a      74      78       7440
a      74      70       7440
a      75      96        221
a      75      76       7440
a      75      74       7440
a      75      79       7440
a      75      71       7440
a      76      87        146
a      76      75       7440
a      76      80       7440
a      76      72       7440
a      77      93        464
a      77      78       7440
a      77      73       7440
a      78      85        175
a      78      79       7440
a      78      77       7440
a      78      74       7440
a      79      95        169
a      79      80       7440
a      79      78       7440
a      79      75       7440
a      80      91        214
a      80      79       7440
a      80      76       7440
a      81      99        417
a      81      82       7440
a      81      85       7440
a      82     109        170
a      82      83       7440
a      82      81       7440
a      82      86       7440
a      83     105        287
a      83      84       7440
a      83      82       7440
a      83      87       7440
a      84     106        424
a      84      83       7440
a      84      88       7440
a      85      98        265
a      85      86       7440
a      85      89       7440
a      85      81       7440
a      86     107        310
a      86      87       7440
a      86      85       7440
a      86      90       7440
a      86      82       7440
a      87     112        180
a      87      88       7440
a      87      86       7440
a      87      91       7440
a      87      83       7440
a      88     102        170
a      88      87       7440
a      88      92       7440
a      88      84       7440
a      89     101        222
a      89      90       7440
a      89      93       7440
a      89      85       7440
a      90     103        399
a      90      91       7440
a      90      89       7440
a      90      94       7440
a      90      86       7440
a      91     111        114
a      91      92       7440
a      91      90       7440
a      91      95       7440
a      91      87       7440
a      92     110        173
a      92      91       7440
a      92      96       7440
a      92      88       7440
a      93     104        196
a      93      94       7440
a      93      89       7440
a      94     100        460
a      94      95       7440
a      94      93       7440
a      94      90       7440
a      95      97        300
a      95      96       7440
a      95      94       7440
a      95      91       7440
a      96     108        219
a      96      95       7440
a      96      92       7440
a      97     127        346
a      97      98       7440
a      97     101       7440
a      98     125         64
a      98      99       7440
a      98      97       7440
a      98     102       7440
a      99     118        304
a      99     100       7440
a      99      98       7440
a      99     103       7440
a     100     126        146
a     100      99       7440
a     100     104       7440
a     101     119        369
a     101     102       7440
a     101     105       7440
a     101      97       7440
a     102     120        128
a     102     103       7440
a     102     101       7440
a     102     106       7440
a     102      98       7440
a     103     117         96
a     103     104       7440
a     103     102       7440
a     103     107       7440
a     103      99       7440
a     104     113         62
a     104     103       7440
a     104     108       7440
a     104     100       7440
a     105     128        298
a     105     106       7440
a     105     109       7440
a     105     101       7440
a     106     116        296
a     106     107       7440
a     106     105       7440
a     106     110       7440
a     106     102       7440
a     107     115        138
a     107     108       7440
a     107     106       7440
a     107     111       7440
a     107     103       7440
a     108     121        414
a     108     107       7440
a     108     112       7440
a     108     104       7440
a     109     123        431
a     109     110       7440
a     109     105       7440
a     110     114        249
a     110     111       7440
a     110     109       7440
a     110     106       7440
a     111     122         88
a     111     112       7440
a     111     110       7440
a     111     107       7440
a     112     124        106
a     112     111       7440
a     112     108       7440
a     113     139        165
a     113     114       7440
a     113     117       7440
a     114     137        254
a     114     115       7440
a     114     113       7440
a     114     118       7440
a     115     132         92
a     115     116       7440
a     115     114       7440
a     115     119       7440
a     116     129        309
a     116     115       7440
a     116     120       7440
a     117     130        209
a     117     118       7440
a     117     121       7440
a     117     113       7440
a     118     142        365
a     118     119       7440
a     118     117       7440
a     118     122       7440
a     118     114       7440
a     119     131        395
a     119     120       7440
a     119     118       7440
a     119     123       7440
a     119     115       7440
a     120     144        294
a     120     119       7440
a     120     124       7440
a     120     116       7440
a     121     134        225
a     121     122       7440
a     121     125       7440
a     121     117       7440
a     122     140        358
a     122     123       7440
a     122     121       7440
a     122     126       7440
a     122     118       7440
a     123     133        190
a     123     124       7440
a     123     122       7440
a     123     127       7440
a     123     119       7440
a     124     138         99
a     124     123       7440
a     124     128       7440
a     124     120       7440
a     125     141        268
a     125     126       7440
a     125     121       7440
a     126     143         59
a     126     127       7440
a     126     125       7440
a     126     122       7440
a     127     136        350
a     127     128       7440
a     127     126       7440
a     127     123       7440
a     128     135        228
a     128     127       7440
a     128     124       7440
a     129     148         71
a     129     130       7440
a     129     133       7440
a     130     147        353
a     130     131       7440
a     130     129       7440
a     130     134       7440
a     131     157        134
a     131     132       7440
a     131     130       7440
a     131     135       7440
a     132     159        119
a     132     131       7440
a     132     136       7440
a     133     156        182
a     133     134       7440
a     133     137       7440
a     133     129       7440
a     134     155        119
a     134     135       7440
a     134     133       7440
a     134     138       7440
a     134     130       7440
a     135     158        209
a     135     136       7440
a     135     134       7440
a     135     139       7440
a     135     131       7440
a     136     152        457
a     136     135       7440
a     136     140       7440
a     136     132       7440
a     137     153        213
a     137     138       7440
a     137     141       7440
a     137     133       7440
a     138     154        399
a     138     139       7440
a     138     137       7440
a     138     142       7440
a     138     134       7440
a     139     150        147
a     139     140       7440
a     139     138       7440
a     139     143       7440
a     139     135       7440
a     140     151        279
a     140     139       7440
a     140     144       7440
a     140     136       7440
a     141     145        160
a     141     142       7440
a     141     137       7440
a     142     146        264
a     142     143       7440
a     142     141       7440
a     142     138       7440
a     143     149        319
a     143     144       7440
a     143     142       7440
a     143     139       7440
a     144     160        318
a     144     143       7440
a     144     140       7440
a     145     161        209
a     145     146       7440
a     145     149       7440
a     146     164        380
a     146     147       7440
a     146     145       7440
a     146     150       7440
a     147     162        427
a     147     148       7440
a     147     146       7440
a     147     151       7440
a     148     176         72
a     148     147       7440
a     148     152       7440
a     149     169        223
a     149     150       7440
a     149     153       7440
a     149     145       7440
a     150     170        440
a     150     151       7440
a     150     149       7440
a     150     154       7440
a     150     146       7440
a     151     173        339
a     151     152       7440
a     151     150       7440
a     151     155       7440
a     151     147       7440
a     152     174        219
a     152     151       7440
a     152     156       7440
a     152     148       7440
a     153     163        285
a     153     154       7440
a     153     157       7440
a     153     149       7440
a     154     172        113
a     154     155       7440
a     154     153       7440
a     154     158       7440
a     154     150       7440
a     155     167        231
a     155     156       7440
a     155     154       7440
a     155     159       7440
a     155     151       7440
a     156     165        404
a     156     155       7440
a     156     160       7440
a     156     152       7440
a     157     168        346
a     157     158       7440
a     157     153       7440
a     158     166        454
a     158     159       7440
a     158     157       7440
a     158     154       7440
a     159     171        437
a     159     160       7440
a     159     158       7440
a     159     155       7440
a     160     175         98
a     160     159       7440
a     160     156       7440
a     161     185        125
a     161     162       7440
a     161     165       7440
a     162     186        463
a     162     163       7440
a     162     161       7440
a     162     166       7440
a     163     181        159
a     163     164       7440
a     163     162       7440
a     163     167       7440
a     164     182        174
a     164     163       7440
a     164     168       7440
a     165     188        364
a     165     166       7440
a     165     169       7440
a     165     161       7440
a     166     179        289
a     166     167       7440
a     166     165       7440
a     166     170       7440
a     166     162       7440
a     167     177        296
a     167     168       7440
a     167     166       7440
a     167     171       7440
a     167     163       7440
a     168     192        201
a     168     167       7440
a     168     172       7440
a     168     164       7440
a     169     180         79
a     169     170       7440
a     169     173       7440
a     169     165       7440
a     170     183        286
a     170     171       7440
a     170     169       7440
a     170     174       7440
a     170     166       7440
a     171     189         88
a     171     172       7440
a     171     170       7440
a     171     175       7440
a     171     167       7440
a     172     187        366
a     172     171       7440
a     172     176       7440
a     172     168       7440
a     173     178        399
a     173     174       7440
a     173     169       7440
a     174     191        382
a     174     175       7440
a     174     173       7440
a     174     170       7440
a     175     190        228
a     175     176       7440
a     175     174       7440
a     175     171       7440
a     176     184        264
a     176     175       7440
a     176     172       7440
a     177     198         57
a     177     178       7440
a     177     181       7440
a     178     207        258
a     178     179       7440
a     178     177       7440
a     178     182       7440
a     179     194        233
a     179     180       7440
a     179     178       7440
a     179     183       7440
a     180     206        255
a     180     179       7440
a     180     184       7440
a     181     199        416
a     181     182       7440
a     181     185       7440
a     181     177       7440
a     182     201        143
a     182     183       7440
a     182     181       7440
a     182     186       7440
a     182     178       7440
a     183     193        151
a     183     184       7440
a     183     182       7440
a     183     187       7440
a     183     179       7440
a     184     203        358
a     184     183       7440
a     184     188       7440
a     184     180       7440
a     185     204        194
a     185     186       7440
a     185     189       7440
a     185     181       7440
a     186     200        416
a     186     187       7440
a     186     185       7440
a     186     190       7440
a     186     182       7440
a     187     195        218
a     187     188       7440
a     187     186       7440
a     187     191       7440
a     187     183       7440
a     188     208        385
a     188     187       7440
a     188     192       7440
a     188     184       7440
a     189     202        420
a     189     190       7440
a     189     185       7440
a     190     196        333
a     190     191       7440
a     190     189       7440
a     190     186       7440
a     191     197        365
a     191     192       7440
a     191     190       7440
a     191     187       7440
a     192     205         52
a     192     191       7440
a     192     188       7440
a     193     220        147
a     193     194       7440
a     193     197       7440
a     194     210         95
a     194     195       7440
a     194     193       7440
a     194     198       7440
a     195     217        330
a     195     196       7440
a     195     194       7440
a     195     199       7440
a     196     215        219
a     196     195       7440
a     196     200       7440
a     197     214        345
a     197     198       7440
a     197     201       7440
a     197     193       7440
a     198     216        431
a     198     199       7440
a     198     197       7440
a     198     202       7440
a     198     194       7440
a     199     223        180
a     199     200       7440
a     199     198       7440
a     199     203       7440
a     199     195       7440
a     200     218        329
a     200     199       7440
a     200     204       7440
a     200     196       7440
a     201     211         97
a     201     202       7440
a     201     205       7440
a     201     197       7440
a     202     219        397
a     202     203       7440
a     202     201       7440
a     202     206       7440
a     202     198       7440
a     203     209        242
a     203     204       7440
a     203     202       7440
a     203     207       7440
a     203     199       7440
a     204     224        283
a     204     203       7440
a     204     208       7440
a     204     200       7440
a     205     221         58
a     205     206       7440
a     205     201       7440
a     206     222        288
a     206     207       7440
a     206     205       7440
a     206     202       7440
a     207     212         65
a     207     208       7440
a     207     206       7440
a     207     203       7440
a     208     213         60
a     208     207       7440
a     208     204       7440
a     209     226        358
a     209     210       7440
a     209     213       7440
a     210     237        176
a     210     211       7440
a     210     209       7440
a     210     214       7440
a     211     234        163
a     211     212       7440
a     211     210       7440
a     211     215       7440
a     212     238        310
a     212     211       7440
a     212     216       7440
a     213     228        387
a     213     214       7440
a     213     217       7440
a     213     209       7440
a     214     230        420
a     214     215       7440
a     214     213       7440
a     214     218       7440
a     214     210       7440
a     215     233        302
a     215     216       7440
a     215     214       7440
a     215     219       7440
a     215     211       7440
a     216     236         67
a     216     215       7440
a     216     220       7440
a     216     212       7440
a     217     232        249
a     217     218       7440
a     217     221       7440
a     217     213       7440
a     218     239        268
a     218     219       7440
a     218     217       7440
a     218     222       7440
a     218     214       7440
a     219     229        237
a     219     220       7440
a     219     218       7440
a     219     223       7440
a     219     215       7440
a     220     227        453
a     220     219       7440
a     220     224       7440
a     220     216       7440
a     221     235        450
a     221     222       7440
a     221     217       7440
a     222     231        378
a     222     223       7440
a     222     221       7440
a     222     218       7440
a     223     225        415
a     223     224       7440
a     223     222       7440
a     223     219       7440
a     224     240        174
a     224     223       7440
a     224     220       7440
a     225     255        365
a     225     226       7440
a     225     229       7440
a     226     253        278
a     226     227       7440
a     226     225       7440
a     226     230       7440
a     227     241        368
a     227     228       7440
a     227     226       7440
a     227     231       7440
a     228     247        296
a     228     227       7440
a     228     232       7440
a     229     256        373
a     229     230       7440
a     229     233       7440
a     229     225       7440
a     230     243        411
a     230     231       7440
a     230     229       7440
a     230     234       7440
a     230     226       7440
a     231     251        114
a     231     232       7440
a     231     230       7440
a     231     235       7440
a     231     227       7440
a     232     246        116
a     232     231       7440
a     232     236       7440
a     232     228       7440
a     233     254        390
a     233     234       7440
a     233     237       7440
a     233     229       7440
a     234     252        362
a     234     235       7440
a     234     233       7440
a     234     238       7440
a     234     230       7440
a     235     245        100
a     235     236       7440
a     235     234       7440
a     235     239       7440
a     235     231       7440
a     236     248        210
a     236     235       7440
a     236     240       7440
a     236     232       7440
a     237     244        294
a     237     238       7440
a     237     233       7440
a     238     249        288
a     238     239       7440
a     238     237       7440
a     238     234       7440
a     239     242        348
a     239     240       7440
a     239     238       7440
a     239     235       7440
a     240     250        415
a     240     239       7440
a     240     236       7440
a     241     272        214
a     241     242       7440
a     241     245       7440
a     242     263        408
a     242     243       7440
a     242     241       7440
a     242     246       7440
a     243     267        243
a     243     244       7440
a     243     242       7440
a     243     247       7440
a     244     262         94
a     244     243       7440
a     244     248       7440
a     245     270        187
a     245     246       7440
a     245     249       7440
a     245     241       7440
a     246     268        166
a     246     247       7440
a     246     245       7440
a     246     250       7440
a     246     242       7440
a     247     259        156
a     247     248       7440
a     247     246       7440
a     247     251       7440
a     247     243       7440
a     248     265        269
a     248     247       7440
a     248     252       7440
a     248     244       7440
a     249     260        361
a     249     250       7440
a     249     253       7440
a     249     245       7440
a     250     264        129
a     250     251       7440
a     250     249       7440
a     250     254       7440
a     250     246       7440
a     251     271        100
a     251     252       7440
a     251     250       7440
a     251     255       7440
a     251     247       7440
a     252     269        260
a     252     251       7440
a     252     256       7440
a     252     248       7440
a     253     261        360
a     253     254       7440
a     253     249       7440
a     254     258        283
a     254     255       7440
a     254     253       7440
a     254     250       7440
a     255     257        356
a     255     256       7440
a     255     254       7440
a     255     251       7440
a     256     266        300
a     256     255       7440
a     256     252       7440
a     257     274        255
a     257     258       7440
a     257     261       7440
a     258     276        136
a     258     259       7440
a     258     257       7440
a     258     262       7440
a     259     285        355
a     259     260       7440
a     259     258       7440
a     259     263       7440
a     260     280        257
a     260     259       7440
a     260     264       7440
a     261     273        139
a     261     262       7440
a     261     265       7440
a     261     257       7440
a     262     277        226
a     262     263       7440
a     262     261       7440
a     262     266       7440
a     262     258       7440
a     263     275        129
a     263     264       7440
a     263     262       7440
a     263     267       7440
a     263     259       7440
a     264     282        424
a     264     263       7440
a     264     268       7440
a     264     260       7440
a     265     278        275
a     265     266       7440
a     265     269       7440
a     265     261       7440
a     266     283        418
a     266     267       7440
a     266     265       7440
a     266     270       7440
a     266     262       7440
a     267     279        284
a     267     268       7440
a     267     266       7440
a     267     271       7440
a     267     263       7440
a     268     281        141
a     268     267       7440
a     268     272       7440
a     268     264       7440
a     269     286        178
a     269     270       7440
a     269     265       7440
a     270     287        298
a     270     271       7440
a     270     269       7440
a     270     266       7440
a     271     288        191
a     271     272       7440
a     271     270       7440
a     271     267       7440
a     272     284        368
a     272     271       7440
a     272     268       7440
a     273     292        318
a     273     274       7440
a     273     277       7440
a     274     294        318
a     274     275       7440
a     274     273       7440
a     274     278       7440
a     275     302        122
a     275     276       7440
a     275     274       7440
a     275     279       7440
a     276     290        436
a     276     275       7440
a     276     280       7440
a     277     297        275
a     277     278       7440
a     277     281       7440
a     277     273       7440
a     278     289        393
a     278     279       7440
a     278     277       7440
a     278     282       7440
a     278     274       7440
a     279     298        295
a     279     280       7440
a     279     278       7440
a     279     283       7440
a     279     275       7440
a     280     291         92
a     280     279       7440
a     280     284       7440
a     280     276       7440
a     281     299        422
a     281     282       7440
a     281     285       7440
a     281     277       7440
a     282     295        120
a     282     283       7440
a     282     281       7440
a     282     286       7440
a     282     278       7440
a     283     296        318
a     283     284       7440
a     283     282       7440
a     283     287       7440
a     283     279       7440
a     284     303        244
a     284     283       7440
a     284     288       7440
a     284     280       7440
a     285     300         92
a     285     286       7440
a     285     281       7440
a     286     293        313
a     286     287       7440
a     286     285       7440
a     286     282       7440
a     287     301        142
a     287     288       7440
a     287     286       7440
a     287     283       7440
a     288     304        148
a     288     287       7440
a     288     284       7440
a     289     313        157
a     289     290       7440
a     289     293       7440
a     290     316        463
a     290     291       7440
a     290     289       7440
a     290     294       7440
a     291     319        297
a     291     292       7440
a     291     290       7440
a     291     295       7440
a     292     320        264
a     292     291       7440
a     292     296       7440
a     293     309        281
a     293     294       7440
a     293     297       7440
a     293     289       7440
a     294     318        191
a     294     295       7440
a     294     293       7440
a     294     298       7440
a     294     290       7440
a     295     317        154
a     295     296       7440
a     295     294       7440
a     295     299       7440
a     295     291       7440
a     296     312        255
a     296     295       7440
a     296     300       7440
a     296     292       7440
a     297     307        338
a     297     298       7440
a     297     301       7440
a     297     293       7440
a     298     310        465
a     298     299       7440
a     298     297       7440
a     298     302       7440
a     298     294       7440
a     299     315        311
a     299     300       7440
a     299     298       7440
a     299     303       7440
a     299     295       7440
a     300     306        180
a     300     299       7440
a     300     304       7440
a     300     296       7440
a     301     308        373
a     301     302       7440
a     301     297       7440
a     302     311         75
a     302     303       7440
a     302     301       7440
a     302     298       7440
a     303     314        441
a     303     304       7440
a     303     302       7440
a     303     299       7440
a     304     305         79
a     304     303       7440
a     304     300       7440
a     305     306       7440
a     305     309       7440
a     306     307       7440
a     306     305       7440
a     306     310       7440
a     307     308       7440
a     307     306       7440
a     307     311       7440
a     308     307       7440
a     308     312       7440
a     309     310       7440
a     309     313       7440
a     309     305       7440
a     310     311       7440
a     310     309       7440
a     310     314       7440
a     310     306       7440
a     311     312       7440
a     311     310       7440
a     311     315       7440
a     311     307       7440
a     312     311       7440
a     312     316       7440
a     312     308       7440
a     313     314       7440
a     313     317       7440
a     313     309       7440
a     314     315       7440
a     314     313       7440
a     314     318       7440
a     314     310       7440
a     315     316       7440
a     315     314       7440
a     315     319       7440
a     315     311       7440
a     316     315       7440
a     316     320       7440
a     316     312       7440
a     317     318       7440
a     317     313       7440
a     318     319       7440
a     318     317       7440
a     318     314       7440
a     319     320       7440
a     319     318       7440
a     319     315       7440
a     320     319       7440
a     320     316       7440
