c This file was generated by genrmf.
c The parameters are: a: 6 b: 14 c1: 278 c2: 1669 seed: 1666103673
p max     504       2148
n       1 s
n     504 t
a       1      40        731
a       1       2      60084
a       1       7      60084
a       2      44        365
a       2       3      60084
a       2       1      60084
a       2       8      60084
a       3      38       1489
a       3       4      60084
a       3       2      60084
a       3       9      60084
a       4      66        734
a       4       5      60084
a       4       3      60084
a       4      10      60084
a       5      37       1027
a       5       6      60084
a       5       4      60084
a       5      11      60084
a       6      61       1409
a       6       5      60084
a       6      12      60084
a       7      57        330
a       7       8      60084
a       7      13      60084
a       7       1      60084
a       8      39       1291
a       8       9      60084
a       8       7      60084
a       8      14      60084
a       8       2      60084
a       9      67       1153
a       9      10      60084
a       9       8      60084
a       9      15      60084
a       9       3      60084
a      10      54        410
a      10      11      60084
a      10       9      60084
a      10      16      60084
a      10       4      60084
a      11      45       1301
a      11      12      60084
a      11      10      60084
a      11      17      60084
a      11       5      60084
a      12      43        778
a      12      11      60084
a      12      18      60084
a      12       6      60084
a      13      56       1592
a      13      14      60084
a      13      19      60084
a      13       7      60084
a      14      68        791
a      14      15      60084
a      14      13      60084
a      14      20      60084
a      14       8      60084
a      15      70        896
a      15      16      60084
a      15      14      60084
a      15      21      60084
a      15       9      60084
a      16      52        583
a      16      17      60084
a      16      15      60084
a      16      22      60084
a      16      10      60084
a      17      59        522
a      17      18      60084
a      17      16      60084
a      17      23      60084
a      17      11      60084
a      18      71        747
a      18      17      60084
a      18      24      60084
a      18      12      60084
a      19      63        867
a      19      20      60084
a      19      25      60084
a      19      13      60084
a      20      53       1603
a      20      21      60084
a      20      19      60084
a      20      26      60084
a      20      14      60084
a      21      49       1319
a      21      22      60084
a      21      20      60084
a      21      27      60084
a      21      15      60084
a      22      41       1034
a      22      23      60084
a      22      21      60084
a      22      28      60084
a      22      16      60084
a      23      65        358
a      23      24      60084
a      23      22      60084
a      23      29      60084
a      23      17      60084
a      24      42       1278
a      24      23      60084
a      24      30      60084
a      24      18      60084
a      25      72       1121
a      25      26      60084
a      25      31      60084
a      25      19      60084
a      26      69        892
a      26      27      60084
a      26      25      60084
a      26      32      60084
a      26      20      60084
a      27      47        333
a      27      28      60084
a      27      26      60084
a      27      33      60084
a      27      21      60084
a      28      48        889
a      28      29      60084
a      28      27      60084
a      28      34      60084
a      28      22      60084
a      29      51        413
a      29      30      60084
a      29      28      60084
a      29      35      60084
a      29      23      60084
a      30      55        831
a      30      29      60084
a      30      36      60084
a      30      24      60084
a      31      50        459
a      31      32      60084
a      31      25      60084
a      32      60        480
a      32      33      60084
a      32      31      60084
a      32      26      60084
a      33      46       1518
a      33      34      60084
a      33      32      60084
a      33      27      60084
a      34      64        703
a      34      35      60084
a      34      33      60084
a      34      28      60084
a      35      62        714
a      35      36      60084
a      35      34      60084
a      35      29      60084
a      36      58       1276
a      36      35      60084
a      36      30      60084
a      37      92        972
a      37      38      60084
a      37      43      60084
a      38     105       1520
a      38      39      60084
a      38      37      60084
a      38      44      60084
a      39      98       1102
a      39      40      60084
a      39      38      60084
a      39      45      60084
a      40      91        873
a      40      41      60084
a      40      39      60084
a      40      46      60084
a      41     101        582
a      41      42      60084
a      41      40      60084
a      41      47      60084
a      42      94        639
a      42      41      60084
a      42      48      60084
a      43      75       1081
a      43      44      60084
a      43      49      60084
a      43      37      60084
a      44      97       1594
a      44      45      60084
a      44      43      60084
a      44      50      60084
a      44      38      60084
a      45      90        779
a      45      46      60084
a      45      44      60084
a      45      51      60084
a      45      39      60084
a      46      87        915
a      46      47      60084
a      46      45      60084
a      46      52      60084
a      46      40      60084
a      47      80       1612
a      47      48      60084
a      47      46      60084
a      47      53      60084
a      47      41      60084
a      48      93        973
a      48      47      60084
a      48      54      60084
a      48      42      60084
a      49     104       1429
a      49      50      60084
a      49      55      60084
a      49      43      60084
a      50      84       1360
a      50      51      60084
a      50      49      60084
a      50      56      60084
a      50      44      60084
a      51     103       1115
a      51      52      60084
a      51      50      60084
a      51      57      60084
a      51      45      60084
a      52      74       1649
a      52      53      60084
a      52      51      60084
a      52      58      60084
a      52      46      60084
a      53      88        823
a      53      54      60084
a      53      52      60084
a      53      59      60084
a      53      47      60084
a      54      82       1581
a      54      53      60084
a      54      60      60084
a      54      48      60084
a      55     108        860
a      55      56      60084
a      55      61      60084
a      55      49      60084
a      56      85       1331
a      56      57      60084
a      56      55      60084
a      56      62      60084
a      56      50      60084
a      57      77       1186
a      57      58      60084
a      57      56      60084
a      57      63      60084
a      57      51      60084
a      58      86        418
a      58      59      60084
a      58      57      60084
a      58      64      60084
a      58      52      60084
a      59      83        507
a      59      60      60084
a      59      58      60084
a      59      65      60084
a      59      53      60084
a      60      73        571
a      60      59      60084
a      60      66      60084
a      60      54      60084
a      61      78       1248
a      61      62      60084
a      61      67      60084
a      61      55      60084
a      62     106        988
a      62      63      60084
a      62      61      60084
a      62      68      60084
a      62      56      60084
a      63     100       1516
a      63      64      60084
a      63      62      60084
a      63      69      60084
a      63      57      60084
a      64      99       1358
a      64      65      60084
a      64      63      60084
a      64      70      60084
a      64      58      60084
a      65      79        358
a      65      66      60084
a      65      64      60084
a      65      71      60084
a      65      59      60084
a      66      76        780
a      66      65      60084
a      66      72      60084
a      66      60      60084
a      67     107       1118
a      67      68      60084
a      67      61      60084
a      68      81        658
a      68      69      60084
a      68      67      60084
a      68      62      60084
a      69     102       1225
a      69      70      60084
a      69      68      60084
a      69      63      60084
a      70      89       1318
a      70      71      60084
a      70      69      60084
a      70      64      60084
a      71      95       1143
a      71      72      60084
a      71      70      60084
a      71      65      60084
a      72      96       1321
a      72      71      60084
a      72      66      60084
a      73     123        678
a      73      74      60084
a      73      79      60084
a      74     135        854
a      74      75      60084
a      74      73      60084
a      74      80      60084
a      75     133       1445
a      75      76      60084
a      75      74      60084
a      75      81      60084
a      76     122        492
a      76      77      60084
a      76      75      60084
a      76      82      60084
a      77     109        688
a      77      78      60084
a      77      76      60084
a      77      83      60084
a      78     128        767
a      78      77      60084
a      78      84      60084
a      79     131       1650
a      79      80      60084
a      79      85      60084
a      79      73      60084
a      80     144       1113
a      80      81      60084
a      80      79      60084
a      80      86      60084
a      80      74      60084
a      81     139        842
a      81      82      60084
a      81      80      60084
a      81      87      60084
a      81      75      60084
a      82     132       1156
a      82      83      60084
a      82      81      60084
a      82      88      60084
a      82      76      60084
a      83     118        295
a      83      84      60084
a      83      82      60084
a      83      89      60084
a      83      77      60084
a      84     134        798
a      84      83      60084
a      84      90      60084
a      84      78      60084
a      85     127       1145
a      85      86      60084
a      85      91      60084
a      85      79      60084
a      86     140        963
a      86      87      60084
a      86      85      60084
a      86      92      60084
a      86      80      60084
a      87     117       1282
a      87      88      60084
a      87      86      60084
a      87      93      60084
a      87      81      60084
a      88     124        568
a      88      89      60084
a      88      87      60084
a      88      94      60084
a      88      82      60084
a      89     143       1498
a      89      90      60084
a      89      88      60084
a      89      95      60084
a      89      83      60084
a      90     121        323
a      90      89      60084
a      90      96      60084
a      90      84      60084
a      91     130       1186
a      91      92      60084
a      91      97      60084
a      91      85      60084
a      92     136        484
a      92      93      60084
a      92      91      60084
a      92      98      60084
a      92      86      60084
a      93     119       1287
a      93      94      60084
a      93      92      60084
a      93      99      60084
a      93      87      60084
a      94     138        328
a      94      95      60084
a      94      93      60084
a      94     100      60084
a      94      88      60084
a      95     116        486
a      95      96      60084
a      95      94      60084
a      95     101      60084
a      95      89      60084
a      96     125        525
a      96      95      60084
a      96     102      60084
a      96      90      60084
a      97     120       1267
a      97      98      60084
a      97     103      60084
a      97      91      60084
a      98     137        323
a      98      99      60084
a      98      97      60084
a      98     104      60084
a      98      92      60084
a      99     114       1127
a      99     100      60084
a      99      98      60084
a      99     105      60084
a      99      93      60084
a     100     129        599
a     100     101      60084
a     100      99      60084
a     100     106      60084
a     100      94      60084
a     101     141       1346
a     101     102      60084
a     101     100      60084
a     101     107      60084
a     101      95      60084
a     102     126        536
a     102     101      60084
a     102     108      60084
a     102      96      60084
a     103     142        430
a     103     104      60084
a     103      97      60084
a     104     115        315
a     104     105      60084
a     104     103      60084
a     104      98      60084
a     105     111       1107
a     105     106      60084
a     105     104      60084
a     105      99      60084
a     106     113       1102
a     106     107      60084
a     106     105      60084
a     106     100      60084
a     107     110        572
a     107     108      60084
a     107     106      60084
a     107     101      60084
a     108     112       1498
a     108     107      60084
a     108     102      60084
a     109     147        466
a     109     110      60084
a     109     115      60084
a     110     157        777
a     110     111      60084
a     110     109      60084
a     110     116      60084
a     111     164       1357
a     111     112      60084
a     111     110      60084
a     111     117      60084
a     112     180       1391
a     112     113      60084
a     112     111      60084
a     112     118      60084
a     113     162        902
a     113     114      60084
a     113     112      60084
a     113     119      60084
a     114     150       1199
a     114     113      60084
a     114     120      60084
a     115     152       1197
a     115     116      60084
a     115     121      60084
a     115     109      60084
a     116     179       1437
a     116     117      60084
a     116     115      60084
a     116     122      60084
a     116     110      60084
a     117     178       1138
a     117     118      60084
a     117     116      60084
a     117     123      60084
a     117     111      60084
a     118     160        744
a     118     119      60084
a     118     117      60084
a     118     124      60084
a     118     112      60084
a     119     155        804
a     119     120      60084
a     119     118      60084
a     119     125      60084
a     119     113      60084
a     120     158       1523
a     120     119      60084
a     120     126      60084
a     120     114      60084
a     121     170        805
a     121     122      60084
a     121     127      60084
a     121     115      60084
a     122     146       1649
a     122     123      60084
a     122     121      60084
a     122     128      60084
a     122     116      60084
a     123     168       1252
a     123     124      60084
a     123     122      60084
a     123     129      60084
a     123     117      60084
a     124     151        347
a     124     125      60084
a     124     123      60084
a     124     130      60084
a     124     118      60084
a     125     175       1293
a     125     126      60084
a     125     124      60084
a     125     131      60084
a     125     119      60084
a     126     169        556
a     126     125      60084
a     126     132      60084
a     126     120      60084
a     127     148        507
a     127     128      60084
a     127     133      60084
a     127     121      60084
a     128     161        717
a     128     129      60084
a     128     127      60084
a     128     134      60084
a     128     122      60084
a     129     165        506
a     129     130      60084
a     129     128      60084
a     129     135      60084
a     129     123      60084
a     130     167        810
a     130     131      60084
a     130     129      60084
a     130     136      60084
a     130     124      60084
a     131     163       1640
a     131     132      60084
a     131     130      60084
a     131     137      60084
a     131     125      60084
a     132     154        822
a     132     131      60084
a     132     138      60084
a     132     126      60084
a     133     149       1447
a     133     134      60084
a     133     139      60084
a     133     127      60084
a     134     176        600
a     134     135      60084
a     134     133      60084
a     134     140      60084
a     134     128      60084
a     135     153       1042
a     135     136      60084
a     135     134      60084
a     135     141      60084
a     135     129      60084
a     136     174        645
a     136     137      60084
a     136     135      60084
a     136     142      60084
a     136     130      60084
a     137     156        994
a     137     138      60084
a     137     136      60084
a     137     143      60084
a     137     131      60084
a     138     171       1179
a     138     137      60084
a     138     144      60084
a     138     132      60084
a     139     172       1175
a     139     140      60084
a     139     133      60084
a     140     177       1405
a     140     141      60084
a     140     139      60084
a     140     134      60084
a     141     159       1361
a     141     142      60084
a     141     140      60084
a     141     135      60084
a     142     166       1384
a     142     143      60084
a     142     141      60084
a     142     136      60084
a     143     173       1570
a     143     144      60084
a     143     142      60084
a     143     137      60084
a     144     145        745
a     144     143      60084
a     144     138      60084
a     145     182        547
a     145     146      60084
a     145     151      60084
a     146     192        458
a     146     147      60084
a     146     145      60084
a     146     152      60084
a     147     212       1113
a     147     148      60084
a     147     146      60084
a     147     153      60084
a     148     190       1026
a     148     149      60084
a     148     147      60084
a     148     154      60084
a     149     197       1312
a     149     150      60084
a     149     148      60084
a     149     155      60084
a     150     183       1176
a     150     149      60084
a     150     156      60084
a     151     189        526
a     151     152      60084
a     151     157      60084
a     151     145      60084
a     152     198       1660
a     152     153      60084
a     152     151      60084
a     152     158      60084
a     152     146      60084
a     153     216        642
a     153     154      60084
a     153     152      60084
a     153     159      60084
a     153     147      60084
a     154     203        691
a     154     155      60084
a     154     153      60084
a     154     160      60084
a     154     148      60084
a     155     215       1328
a     155     156      60084
a     155     154      60084
a     155     161      60084
a     155     149      60084
a     156     208       1077
a     156     155      60084
a     156     162      60084
a     156     150      60084
a     157     202       1102
a     157     158      60084
a     157     163      60084
a     157     151      60084
a     158     204        782
a     158     159      60084
a     158     157      60084
a     158     164      60084
a     158     152      60084
a     159     214        373
a     159     160      60084
a     159     158      60084
a     159     165      60084
a     159     153      60084
a     160     209       1066
a     160     161      60084
a     160     159      60084
a     160     166      60084
a     160     154      60084
a     161     207        402
a     161     162      60084
a     161     160      60084
a     161     167      60084
a     161     155      60084
a     162     185       1335
a     162     161      60084
a     162     168      60084
a     162     156      60084
a     163     193       1447
a     163     164      60084
a     163     169      60084
a     163     157      60084
a     164     196       1390
a     164     165      60084
a     164     163      60084
a     164     170      60084
a     164     158      60084
a     165     188        873
a     165     166      60084
a     165     164      60084
a     165     171      60084
a     165     159      60084
a     166     206        993
a     166     167      60084
a     166     165      60084
a     166     172      60084
a     166     160      60084
a     167     213        588
a     167     168      60084
a     167     166      60084
a     167     173      60084
a     167     161      60084
a     168     181       1451
a     168     167      60084
a     168     174      60084
a     168     162      60084
a     169     186       1306
a     169     170      60084
a     169     175      60084
a     169     163      60084
a     170     201       1505
a     170     171      60084
a     170     169      60084
a     170     176      60084
a     170     164      60084
a     171     184        912
a     171     172      60084
a     171     170      60084
a     171     177      60084
a     171     165      60084
a     172     211       1470
a     172     173      60084
a     172     171      60084
a     172     178      60084
a     172     166      60084
a     173     191        405
a     173     174      60084
a     173     172      60084
a     173     179      60084
a     173     167      60084
a     174     187        968
a     174     173      60084
a     174     180      60084
a     174     168      60084
a     175     195        552
a     175     176      60084
a     175     169      60084
a     176     194       1567
a     176     177      60084
a     176     175      60084
a     176     170      60084
a     177     200       1353
a     177     178      60084
a     177     176      60084
a     177     171      60084
a     178     205        307
a     178     179      60084
a     178     177      60084
a     178     172      60084
a     179     210        736
a     179     180      60084
a     179     178      60084
a     179     173      60084
a     180     199       1551
a     180     179      60084
a     180     174      60084
a     181     223        842
a     181     182      60084
a     181     187      60084
a     182     228       1267
a     182     183      60084
a     182     181      60084
a     182     188      60084
a     183     232       1555
a     183     184      60084
a     183     182      60084
a     183     189      60084
a     184     221        711
a     184     185      60084
a     184     183      60084
a     184     190      60084
a     185     248       1213
a     185     186      60084
a     185     184      60084
a     185     191      60084
a     186     236        434
a     186     185      60084
a     186     192      60084
a     187     238       1438
a     187     188      60084
a     187     193      60084
a     187     181      60084
a     188     240        920
a     188     189      60084
a     188     187      60084
a     188     194      60084
a     188     182      60084
a     189     227       1058
a     189     190      60084
a     189     188      60084
a     189     195      60084
a     189     183      60084
a     190     229        303
a     190     191      60084
a     190     189      60084
a     190     196      60084
a     190     184      60084
a     191     219       1076
a     191     192      60084
a     191     190      60084
a     191     197      60084
a     191     185      60084
a     192     242        327
a     192     191      60084
a     192     198      60084
a     192     186      60084
a     193     230        308
a     193     194      60084
a     193     199      60084
a     193     187      60084
a     194     241        414
a     194     195      60084
a     194     193      60084
a     194     200      60084
a     194     188      60084
a     195     252       1371
a     195     196      60084
a     195     194      60084
a     195     201      60084
a     195     189      60084
a     196     231        842
a     196     197      60084
a     196     195      60084
a     196     202      60084
a     196     190      60084
a     197     243       1358
a     197     198      60084
a     197     196      60084
a     197     203      60084
a     197     191      60084
a     198     220       1505
a     198     197      60084
a     198     204      60084
a     198     192      60084
a     199     224       1474
a     199     200      60084
a     199     205      60084
a     199     193      60084
a     200     249        477
a     200     201      60084
a     200     199      60084
a     200     206      60084
a     200     194      60084
a     201     233       1081
a     201     202      60084
a     201     200      60084
a     201     207      60084
a     201     195      60084
a     202     247       1436
a     202     203      60084
a     202     201      60084
a     202     208      60084
a     202     196      60084
a     203     244        925
a     203     204      60084
a     203     202      60084
a     203     209      60084
a     203     197      60084
a     204     239       1661
a     204     203      60084
a     204     210      60084
a     204     198      60084
a     205     245       1212
a     205     206      60084
a     205     211      60084
a     205     199      60084
a     206     250        289
a     206     207      60084
a     206     205      60084
a     206     212      60084
a     206     200      60084
a     207     225        343
a     207     208      60084
a     207     206      60084
a     207     213      60084
a     207     201      60084
a     208     222       1443
a     208     209      60084
a     208     207      60084
a     208     214      60084
a     208     202      60084
a     209     237       1310
a     209     210      60084
a     209     208      60084
a     209     215      60084
a     209     203      60084
a     210     246        699
a     210     209      60084
a     210     216      60084
a     210     204      60084
a     211     218        654
a     211     212      60084
a     211     205      60084
a     212     217       1147
a     212     213      60084
a     212     211      60084
a     212     206      60084
a     213     251       1408
a     213     214      60084
a     213     212      60084
a     213     207      60084
a     214     234       1516
a     214     215      60084
a     214     213      60084
a     214     208      60084
a     215     235       1121
a     215     216      60084
a     215     214      60084
a     215     209      60084
a     216     226        331
a     216     215      60084
a     216     210      60084
a     217     256       1094
a     217     218      60084
a     217     223      60084
a     218     285       1075
a     218     219      60084
a     218     217      60084
a     218     224      60084
a     219     259       1275
a     219     220      60084
a     219     218      60084
a     219     225      60084
a     220     262       1500
a     220     221      60084
a     220     219      60084
a     220     226      60084
a     221     271        667
a     221     222      60084
a     221     220      60084
a     221     227      60084
a     222     282        463
a     222     221      60084
a     222     228      60084
a     223     287        771
a     223     224      60084
a     223     229      60084
a     223     217      60084
a     224     267        797
a     224     225      60084
a     224     223      60084
a     224     230      60084
a     224     218      60084
a     225     281        783
a     225     226      60084
a     225     224      60084
a     225     231      60084
a     225     219      60084
a     226     265        894
a     226     227      60084
a     226     225      60084
a     226     232      60084
a     226     220      60084
a     227     270        735
a     227     228      60084
a     227     226      60084
a     227     233      60084
a     227     221      60084
a     228     274       1296
a     228     227      60084
a     228     234      60084
a     228     222      60084
a     229     284       1023
a     229     230      60084
a     229     235      60084
a     229     223      60084
a     230     261        730
a     230     231      60084
a     230     229      60084
a     230     236      60084
a     230     224      60084
a     231     273        836
a     231     232      60084
a     231     230      60084
a     231     237      60084
a     231     225      60084
a     232     263        842
a     232     233      60084
a     232     231      60084
a     232     238      60084
a     232     226      60084
a     233     254        602
a     233     234      60084
a     233     232      60084
a     233     239      60084
a     233     227      60084
a     234     276       1088
a     234     233      60084
a     234     240      60084
a     234     228      60084
a     235     264        961
a     235     236      60084
a     235     241      60084
a     235     229      60084
a     236     288        825
a     236     237      60084
a     236     235      60084
a     236     242      60084
a     236     230      60084
a     237     255       1478
a     237     238      60084
a     237     236      60084
a     237     243      60084
a     237     231      60084
a     238     269        922
a     238     239      60084
a     238     237      60084
a     238     244      60084
a     238     232      60084
a     239     279        424
a     239     240      60084
a     239     238      60084
a     239     245      60084
a     239     233      60084
a     240     278        737
a     240     239      60084
a     240     246      60084
a     240     234      60084
a     241     280        666
a     241     242      60084
a     241     247      60084
a     241     235      60084
a     242     283        631
a     242     243      60084
a     242     241      60084
a     242     248      60084
a     242     236      60084
a     243     253       1011
a     243     244      60084
a     243     242      60084
a     243     249      60084
a     243     237      60084
a     244     286       1321
a     244     245      60084
a     244     243      60084
a     244     250      60084
a     244     238      60084
a     245     266        539
a     245     246      60084
a     245     244      60084
a     245     251      60084
a     245     239      60084
a     246     268        443
a     246     245      60084
a     246     252      60084
a     246     240      60084
a     247     272        981
a     247     248      60084
a     247     241      60084
a     248     257       1315
a     248     249      60084
a     248     247      60084
a     248     242      60084
a     249     277       1058
a     249     250      60084
a     249     248      60084
a     249     243      60084
a     250     258       1302
a     250     251      60084
a     250     249      60084
a     250     244      60084
a     251     260       1115
a     251     252      60084
a     251     250      60084
a     251     245      60084
a     252     275       1468
a     252     251      60084
a     252     246      60084
a     253     300       1102
a     253     254      60084
a     253     259      60084
a     254     319        523
a     254     255      60084
a     254     253      60084
a     254     260      60084
a     255     324        413
a     255     256      60084
a     255     254      60084
a     255     261      60084
a     256     308        529
a     256     257      60084
a     256     255      60084
a     256     262      60084
a     257     289        577
a     257     258      60084
a     257     256      60084
a     257     263      60084
a     258     303        321
a     258     257      60084
a     258     264      60084
a     259     311        990
a     259     260      60084
a     259     265      60084
a     259     253      60084
a     260     309       1544
a     260     261      60084
a     260     259      60084
a     260     266      60084
a     260     254      60084
a     261     292        307
a     261     262      60084
a     261     260      60084
a     261     267      60084
a     261     255      60084
a     262     312       1153
a     262     263      60084
a     262     261      60084
a     262     268      60084
a     262     256      60084
a     263     296       1176
a     263     264      60084
a     263     262      60084
a     263     269      60084
a     263     257      60084
a     264     304       1174
a     264     263      60084
a     264     270      60084
a     264     258      60084
a     265     313        518
a     265     266      60084
a     265     271      60084
a     265     259      60084
a     266     310       1572
a     266     267      60084
a     266     265      60084
a     266     272      60084
a     266     260      60084
a     267     316       1030
a     267     268      60084
a     267     266      60084
a     267     273      60084
a     267     261      60084
a     268     295       1425
a     268     269      60084
a     268     267      60084
a     268     274      60084
a     268     262      60084
a     269     298       1096
a     269     270      60084
a     269     268      60084
a     269     275      60084
a     269     263      60084
a     270     307        417
a     270     269      60084
a     270     276      60084
a     270     264      60084
a     271     305       1524
a     271     272      60084
a     271     277      60084
a     271     265      60084
a     272     301        511
a     272     273      60084
a     272     271      60084
a     272     278      60084
a     272     266      60084
a     273     314       1174
a     273     274      60084
a     273     272      60084
a     273     279      60084
a     273     267      60084
a     274     306        926
a     274     275      60084
a     274     273      60084
a     274     280      60084
a     274     268      60084
a     275     297        416
a     275     276      60084
a     275     274      60084
a     275     281      60084
a     275     269      60084
a     276     317       1157
a     276     275      60084
a     276     282      60084
a     276     270      60084
a     277     290        583
a     277     278      60084
a     277     283      60084
a     277     271      60084
a     278     322        606
a     278     279      60084
a     278     277      60084
a     278     284      60084
a     278     272      60084
a     279     315        637
a     279     280      60084
a     279     278      60084
a     279     285      60084
a     279     273      60084
a     280     320       1354
a     280     281      60084
a     280     279      60084
a     280     286      60084
a     280     274      60084
a     281     318       1267
a     281     282      60084
a     281     280      60084
a     281     287      60084
a     281     275      60084
a     282     291       1584
a     282     281      60084
a     282     288      60084
a     282     276      60084
a     283     302       1329
a     283     284      60084
a     283     277      60084
a     284     294       1055
a     284     285      60084
a     284     283      60084
a     284     278      60084
a     285     323       1449
a     285     286      60084
a     285     284      60084
a     285     279      60084
a     286     299        758
a     286     287      60084
a     286     285      60084
a     286     280      60084
a     287     321        636
a     287     288      60084
a     287     286      60084
a     287     281      60084
a     288     293        910
a     288     287      60084
a     288     282      60084
a     289     344        868
a     289     290      60084
a     289     295      60084
a     290     329        493
a     290     291      60084
a     290     289      60084
a     290     296      60084
a     291     341        747
a     291     292      60084
a     291     290      60084
a     291     297      60084
a     292     348       1370
a     292     293      60084
a     292     291      60084
a     292     298      60084
a     293     331       1108
a     293     294      60084
a     293     292      60084
a     293     299      60084
a     294     349       1377
a     294     293      60084
a     294     300      60084
a     295     355        587
a     295     296      60084
a     295     301      60084
a     295     289      60084
a     296     326       1371
a     296     297      60084
a     296     295      60084
a     296     302      60084
a     296     290      60084
a     297     333       1497
a     297     298      60084
a     297     296      60084
a     297     303      60084
a     297     291      60084
a     298     345        996
a     298     299      60084
a     298     297      60084
a     298     304      60084
a     298     292      60084
a     299     360       1324
a     299     300      60084
a     299     298      60084
a     299     305      60084
a     299     293      60084
a     300     343        646
a     300     299      60084
a     300     306      60084
a     300     294      60084
a     301     353       1011
a     301     302      60084
a     301     307      60084
a     301     295      60084
a     302     354       1585
a     302     303      60084
a     302     301      60084
a     302     308      60084
a     302     296      60084
a     303     347        954
a     303     304      60084
a     303     302      60084
a     303     309      60084
a     303     297      60084
a     304     346        823
a     304     305      60084
a     304     303      60084
a     304     310      60084
a     304     298      60084
a     305     328       1434
a     305     306      60084
a     305     304      60084
a     305     311      60084
a     305     299      60084
a     306     330       1600
a     306     305      60084
a     306     312      60084
a     306     300      60084
a     307     337        463
a     307     308      60084
a     307     313      60084
a     307     301      60084
a     308     357       1027
a     308     309      60084
a     308     307      60084
a     308     314      60084
a     308     302      60084
a     309     342       1507
a     309     310      60084
a     309     308      60084
a     309     315      60084
a     309     303      60084
a     310     336        373
a     310     311      60084
a     310     309      60084
a     310     316      60084
a     310     304      60084
a     311     340        405
a     311     312      60084
a     311     310      60084
a     311     317      60084
a     311     305      60084
a     312     351       1054
a     312     311      60084
a     312     318      60084
a     312     306      60084
a     313     339       1289
a     313     314      60084
a     313     319      60084
a     313     307      60084
a     314     338        606
a     314     315      60084
a     314     313      60084
a     314     320      60084
a     314     308      60084
a     315     332       1168
a     315     316      60084
a     315     314      60084
a     315     321      60084
a     315     309      60084
a     316     334       1563
a     316     317      60084
a     316     315      60084
a     316     322      60084
a     316     310      60084
a     317     356        656
a     317     318      60084
a     317     316      60084
a     317     323      60084
a     317     311      60084
a     318     335        849
a     318     317      60084
a     318     324      60084
a     318     312      60084
a     319     359        895
a     319     320      60084
a     319     313      60084
a     320     350       1362
a     320     321      60084
a     320     319      60084
a     320     314      60084
a     321     358       1428
a     321     322      60084
a     321     320      60084
a     321     315      60084
a     322     325       1452
a     322     323      60084
a     322     321      60084
a     322     316      60084
a     323     327       1248
a     323     324      60084
a     323     322      60084
a     323     317      60084
a     324     352        989
a     324     323      60084
a     324     318      60084
a     325     388       1389
a     325     326      60084
a     325     331      60084
a     326     386        585
a     326     327      60084
a     326     325      60084
a     326     332      60084
a     327     365       1127
a     327     328      60084
a     327     326      60084
a     327     333      60084
a     328     384       1662
a     328     329      60084
a     328     327      60084
a     328     334      60084
a     329     363       1057
a     329     330      60084
a     329     328      60084
a     329     335      60084
a     330     387        637
a     330     329      60084
a     330     336      60084
a     331     369        983
a     331     332      60084
a     331     337      60084
a     331     325      60084
a     332     382       1177
a     332     333      60084
a     332     331      60084
a     332     338      60084
a     332     326      60084
a     333     377        773
a     333     334      60084
a     333     332      60084
a     333     339      60084
a     333     327      60084
a     334     362        990
a     334     335      60084
a     334     333      60084
a     334     340      60084
a     334     328      60084
a     335     372        578
a     335     336      60084
a     335     334      60084
a     335     341      60084
a     335     329      60084
a     336     374        341
a     336     335      60084
a     336     342      60084
a     336     330      60084
a     337     366       1302
a     337     338      60084
a     337     343      60084
a     337     331      60084
a     338     361       1424
a     338     339      60084
a     338     337      60084
a     338     344      60084
a     338     332      60084
a     339     393       1458
a     339     340      60084
a     339     338      60084
a     339     345      60084
a     339     333      60084
a     340     373        318
a     340     341      60084
a     340     339      60084
a     340     346      60084
a     340     334      60084
a     341     390        731
a     341     342      60084
a     341     340      60084
a     341     347      60084
a     341     335      60084
a     342     371        875
a     342     341      60084
a     342     348      60084
a     342     336      60084
a     343     395        905
a     343     344      60084
a     343     349      60084
a     343     337      60084
a     344     380       1223
a     344     345      60084
a     344     343      60084
a     344     350      60084
a     344     338      60084
a     345     385        766
a     345     346      60084
a     345     344      60084
a     345     351      60084
a     345     339      60084
a     346     376        797
a     346     347      60084
a     346     345      60084
a     346     352      60084
a     346     340      60084
a     347     396       1296
a     347     348      60084
a     347     346      60084
a     347     353      60084
a     347     341      60084
a     348     379        584
a     348     347      60084
a     348     354      60084
a     348     342      60084
a     349     367        701
a     349     350      60084
a     349     355      60084
a     349     343      60084
a     350     394        477
a     350     351      60084
a     350     349      60084
a     350     356      60084
a     350     344      60084
a     351     378        771
a     351     352      60084
a     351     350      60084
a     351     357      60084
a     351     345      60084
a     352     364        465
a     352     353      60084
a     352     351      60084
a     352     358      60084
a     352     346      60084
a     353     383       1141
a     353     354      60084
a     353     352      60084
a     353     359      60084
a     353     347      60084
a     354     370       1164
a     354     353      60084
a     354     360      60084
a     354     348      60084
a     355     392       1297
a     355     356      60084
a     355     349      60084
a     356     375       1314
a     356     357      60084
a     356     355      60084
a     356     350      60084
a     357     381       1272
a     357     358      60084
a     357     356      60084
a     357     351      60084
a     358     389       1225
a     358     359      60084
a     358     357      60084
a     358     352      60084
a     359     391       1620
a     359     360      60084
a     359     358      60084
a     359     353      60084
a     360     368        904
a     360     359      60084
a     360     354      60084
a     361     409        749
a     361     362      60084
a     361     367      60084
a     362     397        747
a     362     363      60084
a     362     361      60084
a     362     368      60084
a     363     403        718
a     363     364      60084
a     363     362      60084
a     363     369      60084
a     364     407       1468
a     364     365      60084
a     364     363      60084
a     364     370      60084
a     365     429       1353
a     365     366      60084
a     365     364      60084
a     365     371      60084
a     366     404        399
a     366     365      60084
a     366     372      60084
a     367     426        719
a     367     368      60084
a     367     373      60084
a     367     361      60084
a     368     405        384
a     368     369      60084
a     368     367      60084
a     368     374      60084
a     368     362      60084
a     369     425        302
a     369     370      60084
a     369     368      60084
a     369     375      60084
a     369     363      60084
a     370     424        544
a     370     371      60084
a     370     369      60084
a     370     376      60084
a     370     364      60084
a     371     415        887
a     371     372      60084
a     371     370      60084
a     371     377      60084
a     371     365      60084
a     372     412        981
a     372     371      60084
a     372     378      60084
a     372     366      60084
a     373     416        603
a     373     374      60084
a     373     379      60084
a     373     367      60084
a     374     430        321
a     374     375      60084
a     374     373      60084
a     374     380      60084
a     374     368      60084
a     375     420        486
a     375     376      60084
a     375     374      60084
a     375     381      60084
a     375     369      60084
a     376     423        943
a     376     377      60084
a     376     375      60084
a     376     382      60084
a     376     370      60084
a     377     422        771
a     377     378      60084
a     377     376      60084
a     377     383      60084
a     377     371      60084
a     378     428        314
a     378     377      60084
a     378     384      60084
a     378     372      60084
a     379     413        996
a     379     380      60084
a     379     385      60084
a     379     373      60084
a     380     401        335
a     380     381      60084
a     380     379      60084
a     380     386      60084
a     380     374      60084
a     381     432        348
a     381     382      60084
a     381     380      60084
a     381     387      60084
a     381     375      60084
a     382     400       1460
a     382     383      60084
a     382     381      60084
a     382     388      60084
a     382     376      60084
a     383     421       1241
a     383     384      60084
a     383     382      60084
a     383     389      60084
a     383     377      60084
a     384     408       1383
a     384     383      60084
a     384     390      60084
a     384     378      60084
a     385     418        852
a     385     386      60084
a     385     391      60084
a     385     379      60084
a     386     406        493
a     386     387      60084
a     386     385      60084
a     386     392      60084
a     386     380      60084
a     387     402        391
a     387     388      60084
a     387     386      60084
a     387     393      60084
a     387     381      60084
a     388     414        523
a     388     389      60084
a     388     387      60084
a     388     394      60084
a     388     382      60084
a     389     431        912
a     389     390      60084
a     389     388      60084
a     389     395      60084
a     389     383      60084
a     390     411       1274
a     390     389      60084
a     390     396      60084
a     390     384      60084
a     391     419       1043
a     391     392      60084
a     391     385      60084
a     392     410        903
a     392     393      60084
a     392     391      60084
a     392     386      60084
a     393     417       1370
a     393     394      60084
a     393     392      60084
a     393     387      60084
a     394     399        842
a     394     395      60084
a     394     393      60084
a     394     388      60084
a     395     398        858
a     395     396      60084
a     395     394      60084
a     395     389      60084
a     396     427        295
a     396     395      60084
a     396     390      60084
a     397     436       1595
a     397     398      60084
a     397     403      60084
a     398     447       1034
a     398     399      60084
a     398     397      60084
a     398     404      60084
a     399     462       1610
a     399     400      60084
a     399     398      60084
a     399     405      60084
a     400     446       1203
a     400     401      60084
a     400     399      60084
a     400     406      60084
a     401     458       1364
a     401     402      60084
a     401     400      60084
a     401     407      60084
a     402     434        796
a     402     401      60084
a     402     408      60084
a     403     443        611
a     403     404      60084
a     403     409      60084
a     403     397      60084
a     404     459        973
a     404     405      60084
a     404     403      60084
a     404     410      60084
a     404     398      60084
a     405     451       1166
a     405     406      60084
a     405     404      60084
a     405     411      60084
a     405     399      60084
a     406     465        279
a     406     407      60084
a     406     405      60084
a     406     412      60084
a     406     400      60084
a     407     433        934
a     407     408      60084
a     407     406      60084
a     407     413      60084
a     407     401      60084
a     408     448       1518
a     408     407      60084
a     408     414      60084
a     408     402      60084
a     409     442       1585
a     409     410      60084
a     409     415      60084
a     409     403      60084
a     410     440        417
a     410     411      60084
a     410     409      60084
a     410     416      60084
a     410     404      60084
a     411     454       1546
a     411     412      60084
a     411     410      60084
a     411     417      60084
a     411     405      60084
a     412     450       1416
a     412     413      60084
a     412     411      60084
a     412     418      60084
a     412     406      60084
a     413     449        812
a     413     414      60084
a     413     412      60084
a     413     419      60084
a     413     407      60084
a     414     435        816
a     414     413      60084
a     414     420      60084
a     414     408      60084
a     415     455        531
a     415     416      60084
a     415     421      60084
a     415     409      60084
a     416     437       1016
a     416     417      60084
a     416     415      60084
a     416     422      60084
a     416     410      60084
a     417     466        480
a     417     418      60084
a     417     416      60084
a     417     423      60084
a     417     411      60084
a     418     468        556
a     418     419      60084
a     418     417      60084
a     418     424      60084
a     418     412      60084
a     419     467       1041
a     419     420      60084
a     419     418      60084
a     419     425      60084
a     419     413      60084
a     420     445        914
a     420     419      60084
a     420     426      60084
a     420     414      60084
a     421     463        845
a     421     422      60084
a     421     427      60084
a     421     415      60084
a     422     461        721
a     422     423      60084
a     422     421      60084
a     422     428      60084
a     422     416      60084
a     423     444       1481
a     423     424      60084
a     423     422      60084
a     423     429      60084
a     423     417      60084
a     424     457        790
a     424     425      60084
a     424     423      60084
a     424     430      60084
a     424     418      60084
a     425     439       1374
a     425     426      60084
a     425     424      60084
a     425     431      60084
a     425     419      60084
a     426     453        515
a     426     425      60084
a     426     432      60084
a     426     420      60084
a     427     460       1367
a     427     428      60084
a     427     421      60084
a     428     456       1204
a     428     429      60084
a     428     427      60084
a     428     422      60084
a     429     438        381
a     429     430      60084
a     429     428      60084
a     429     423      60084
a     430     464        523
a     430     431      60084
a     430     429      60084
a     430     424      60084
a     431     441       1259
a     431     432      60084
a     431     430      60084
a     431     425      60084
a     432     452       1453
a     432     431      60084
a     432     426      60084
a     433     472        453
a     433     434      60084
a     433     439      60084
a     434     491       1308
a     434     435      60084
a     434     433      60084
a     434     440      60084
a     435     501        560
a     435     436      60084
a     435     434      60084
a     435     441      60084
a     436     481       1161
a     436     437      60084
a     436     435      60084
a     436     442      60084
a     437     504       1133
a     437     438      60084
a     437     436      60084
a     437     443      60084
a     438     469        470
a     438     437      60084
a     438     444      60084
a     439     482        318
a     439     440      60084
a     439     445      60084
a     439     433      60084
a     440     500       1580
a     440     441      60084
a     440     439      60084
a     440     446      60084
a     440     434      60084
a     441     498       1356
a     441     442      60084
a     441     440      60084
a     441     447      60084
a     441     435      60084
a     442     484        386
a     442     443      60084
a     442     441      60084
a     442     448      60084
a     442     436      60084
a     443     489       1302
a     443     444      60084
a     443     442      60084
a     443     449      60084
a     443     437      60084
a     444     486       1073
a     444     443      60084
a     444     450      60084
a     444     438      60084
a     445     492       1218
a     445     446      60084
a     445     451      60084
a     445     439      60084
a     446     502        959
a     446     447      60084
a     446     445      60084
a     446     452      60084
a     446     440      60084
a     447     493        390
a     447     448      60084
a     447     446      60084
a     447     453      60084
a     447     441      60084
a     448     477        295
a     448     449      60084
a     448     447      60084
a     448     454      60084
a     448     442      60084
a     449     476       1359
a     449     450      60084
a     449     448      60084
a     449     455      60084
a     449     443      60084
a     450     495       1119
a     450     449      60084
a     450     456      60084
a     450     444      60084
a     451     496        948
a     451     452      60084
a     451     457      60084
a     451     445      60084
a     452     473        921
a     452     453      60084
a     452     451      60084
a     452     458      60084
a     452     446      60084
a     453     471       1122
a     453     454      60084
a     453     452      60084
a     453     459      60084
a     453     447      60084
a     454     487       1055
a     454     455      60084
a     454     453      60084
a     454     460      60084
a     454     448      60084
a     455     503        563
a     455     456      60084
a     455     454      60084
a     455     461      60084
a     455     449      60084
a     456     480       1528
a     456     455      60084
a     456     462      60084
a     456     450      60084
a     457     490        851
a     457     458      60084
a     457     463      60084
a     457     451      60084
a     458     485       1032
a     458     459      60084
a     458     457      60084
a     458     464      60084
a     458     452      60084
a     459     494        958
a     459     460      60084
a     459     458      60084
a     459     465      60084
a     459     453      60084
a     460     479       1359
a     460     461      60084
a     460     459      60084
a     460     466      60084
a     460     454      60084
a     461     475       1426
a     461     462      60084
a     461     460      60084
a     461     467      60084
a     461     455      60084
a     462     474        538
a     462     461      60084
a     462     468      60084
a     462     456      60084
a     463     483        870
a     463     464      60084
a     463     457      60084
a     464     478        496
a     464     465      60084
a     464     463      60084
a     464     458      60084
a     465     470       1541
a     465     466      60084
a     465     464      60084
a     465     459      60084
a     466     499        506
a     466     467      60084
a     466     465      60084
a     466     460      60084
a     467     488        655
a     467     468      60084
a     467     466      60084
a     467     461      60084
a     468     497        638
a     468     467      60084
a     468     462      60084
a     469     470      60084
a     469     475      60084
a     470     471      60084
a     470     469      60084
a     470     476      60084
a     471     472      60084
a     471     470      60084
a     471     477      60084
a     472     473      60084
a     472     471      60084
a     472     478      60084
a     473     474      60084
a     473     472      60084
a     473     479      60084
a     474     473      60084
a     474     480      60084
a     475     476      60084
a     475     481      60084
a     475     469      60084
a     476     477      60084
a     476     475      60084
a     476     482      60084
a     476     470      60084
a     477     478      60084
a     477     476      60084
a     477     483      60084
a     477     471      60084
a     478     479      60084
a     478     477      60084
a     478     484      60084
a     478     472      60084
a     479     480      60084
a     479     478      60084
a     479     485      60084
a     479     473      60084
a     480     479      60084
a     480     486      60084
a     480     474      60084
a     481     482      60084
a     481     487      60084
a     481     475      60084
a     482     483      60084
a     482     481      60084
a     482     488      60084
a     482     476      60084
a     483     484      60084
a     483     482      60084
a     483     489      60084
a     483     477      60084
a     484     485      60084
a     484     483      60084
a     484     490      60084
a     484     478      60084
a     485     486      60084
a     485     484      60084
a     485     491      60084
a     485     479      60084
a     486     485      60084
a     486     492      60084
a     486     480      60084
a     487     488      60084
a     487     493      60084
a     487     481      60084
a     488     489      60084
a     488     487      60084
a     488     494      60084
a     488     482      60084
a     489     490      60084
a     489     488      60084
a     489     495      60084
a     489     483      60084
a     490     491      60084
a     490     489      60084
a     490     496      60084
a     490     484      60084
a     491     492      60084
a     491     490      60084
a     491     497      60084
a     491     485      60084
a     492     491      60084
a     492     498      60084
a     492     486      60084
a     493     494      60084
a     493     499      60084
a     493     487      60084
a     494     495      60084
a     494     493      60084
a     494     500      60084
a     494     488      60084
a     495     496      60084
a     495     494      60084
a     495     501      60084
a     495     489      60084
a     496     497      60084
a     496     495      60084
a     496     502      60084
a     496     490      60084
a     497     498      60084
a     497     496      60084
a     497     503      60084
a     497     491      60084
a     498     497      60084
a     498     504      60084
a     498     492      60084
a     499     500      60084
a     499     493      60084
a     500     501      60084
a     500     499      60084
a     500     494      60084
a     501     502      60084
a     501     500      60084
a     501     495      60084
a     502     503      60084
a     502     501      60084
a     502     496      60084
a     503     504      60084
a     503     502      60084
a     503     497      60084
a     504     503      60084
a     504     498      60084
