c This file was generated by genrmf.
c The parameters are: a: 9 b: 7 c1: 318 c2: 1909 seed: 1666103673
p max     567       2502
n       1 s
n     567 t
a       1      89       1489
a       1       2     154629
a       1      10     154629
a       2      97       1238
a       2       3     154629
a       2       1     154629
a       2      11     154629
a       3      96       1896
a       3       4     154629
a       3       2     154629
a       3      12     154629
a       4     147        438
a       4       5     154629
a       4       3     154629
a       4      13     154629
a       5      85       1320
a       5       6     154629
a       5       4     154629
a       5      14     154629
a       6     133       1363
a       6       7     154629
a       6       5     154629
a       6      15     154629
a       7     123       1784
a       7       8     154629
a       7       6     154629
a       7      16     154629
a       8      90       1795
a       8       9     154629
a       8       7     154629
a       8      17     154629
a       9     149       1584
a       9       8     154629
a       9      18     154629
a      10     114        849
a      10      11     154629
a      10      19     154629
a      10       1     154629
a      11     148        486
a      11      12     154629
a      11      10     154629
a      11      20     154629
a      11       2     154629
a      12     118        511
a      12      13     154629
a      12      11     154629
a      12      21     154629
a      12       3     154629
a      13      91       1327
a      13      14     154629
a      13      12     154629
a      13      22     154629
a      13       4     154629
a      14     150        859
a      14      15     154629
a      14      13     154629
a      14      23     154629
a      14       5     154629
a      15     154        721
a      15      16     154629
a      15      14     154629
a      15      24     154629
a      15       6     154629
a      16      98        604
a      16      17     154629
a      16      15     154629
a      16      25     154629
a      16       7     154629
a      17     117        764
a      17      18     154629
a      17      16     154629
a      17      26     154629
a      17       8     154629
a      18     157       1486
a      18      17     154629
a      18      27     154629
a      18       9     154629
a      19     131       1514
a      19      20     154629
a      19      28     154629
a      19      10     154629
a      20     113       1897
a      20      21     154629
a      20      19     154629
a      20      29     154629
a      20      11     154629
a      21     109       1239
a      21      22     154629
a      21      20     154629
a      21      30     154629
a      21      12     154629
a      22     135       1078
a      22      23     154629
a      22      21     154629
a      22      31     154629
a      22      13     154629
a      23      87       1611
a      23      24     154629
a      23      22     154629
a      23      32     154629
a      23      14     154629
a      24     111        740
a      24      25     154629
a      24      23     154629
a      24      33     154629
a      24      15     154629
a      25     161        397
a      25      26     154629
a      25      24     154629
a      25      34     154629
a      25      16     154629
a      26     143        692
a      26      27     154629
a      26      25     154629
a      26      35     154629
a      26      17     154629
a      27     100       1111
a      27      26     154629
a      27      36     154629
a      27      18     154629
a      28      83       1738
a      28      29     154629
a      28      37     154629
a      28      19     154629
a      29      92       1260
a      29      30     154629
a      29      28     154629
a      29      38     154629
a      29      20     154629
a      30     120        999
a      30      31     154629
a      30      29     154629
a      30      39     154629
a      30      21     154629
a      31     128        665
a      31      32     154629
a      31      30     154629
a      31      40     154629
a      31      22     154629
a      32     153        731
a      32      33     154629
a      32      31     154629
a      32      41     154629
a      32      23     154629
a      33     144       1236
a      33      34     154629
a      33      32     154629
a      33      42     154629
a      33      24     154629
a      34     124       1823
a      34      35     154629
a      34      33     154629
a      34      43     154629
a      34      25     154629
a      35     125        891
a      35      36     154629
a      35      34     154629
a      35      44     154629
a      35      26     154629
a      36     108       1047
a      36      35     154629
a      36      45     154629
a      36      27     154629
a      37     105       1844
a      37      38     154629
a      37      46     154629
a      37      28     154629
a      38      99       1113
a      38      39     154629
a      38      37     154629
a      38      47     154629
a      38      29     154629
a      39     134       1635
a      39      40     154629
a      39      38     154629
a      39      48     154629
a      39      30     154629
a      40     107       1556
a      40      41     154629
a      40      39     154629
a      40      49     154629
a      40      31     154629
a      41     155       1275
a      41      42     154629
a      41      40     154629
a      41      50     154629
a      41      32     154629
a      42     115       1887
a      42      43     154629
a      42      41     154629
a      42      51     154629
a      42      33     154629
a      43     152        941
a      43      44     154629
a      43      42     154629
a      43      52     154629
a      43      34     154629
a      44     110       1808
a      44      45     154629
a      44      43     154629
a      44      53     154629
a      44      35     154629
a      45     129        984
a      45      44     154629
a      45      54     154629
a      45      36     154629
a      46     101       1522
a      46      47     154629
a      46      55     154629
a      46      37     154629
a      47     140       1357
a      47      48     154629
a      47      46     154629
a      47      56     154629
a      47      38     154629
a      48     106        479
a      48      49     154629
a      48      47     154629
a      48      57     154629
a      48      39     154629
a      49     142        580
a      49      50     154629
a      49      48     154629
a      49      58     154629
a      49      40     154629
a      50     145        653
a      50      51     154629
a      50      49     154629
a      50      59     154629
a      50      41     154629
a      51     138       1428
a      51      52     154629
a      51      50     154629
a      51      60     154629
a      51      42     154629
a      52     132       1131
a      52      53     154629
a      52      51     154629
a      52      61     154629
a      52      43     154629
a      53     121       1734
a      53      54     154629
a      53      52     154629
a      53      62     154629
a      53      44     154629
a      54     146       1553
a      54      53     154629
a      54      63     154629
a      54      45     154629
a      55     126        409
a      55      56     154629
a      55      64     154629
a      55      46     154629
a      56     156        893
a      56      57     154629
a      56      55     154629
a      56      65     154629
a      56      47     154629
a      57     151       1279
a      57      58     154629
a      57      56     154629
a      57      66     154629
a      57      48     154629
a      58     112        753
a      58      59     154629
a      58      57     154629
a      58      67     154629
a      58      49     154629
a      59     137       1401
a      59      60     154629
a      59      58     154629
a      59      68     154629
a      59      50     154629
a      60      84       1508
a      60      61     154629
a      60      59     154629
a      60      69     154629
a      60      51     154629
a      61     104       1307
a      61      62     154629
a      61      60     154629
a      61      70     154629
a      61      52     154629
a      62      93       1511
a      62      63     154629
a      62      61     154629
a      62      71     154629
a      62      53     154629
a      63      88        755
a      63      62     154629
a      63      72     154629
a      63      54     154629
a      64     103       1534
a      64      65     154629
a      64      73     154629
a      64      55     154629
a      65      94        559
a      65      66     154629
a      65      64     154629
a      65      74     154629
a      65      56     154629
a      66      82       1194
a      66      67     154629
a      66      65     154629
a      66      75     154629
a      66      57     154629
a      67      95       1282
a      67      68     154629
a      67      66     154629
a      67      76     154629
a      67      58     154629
a      68     136        556
a      68      69     154629
a      68      67     154629
a      68      77     154629
a      68      59     154629
a      69     127       1805
a      69      70     154629
a      69      68     154629
a      69      78     154629
a      69      60     154629
a      70     141        973
a      70      71     154629
a      70      69     154629
a      70      79     154629
a      70      61     154629
a      71     159        684
a      71      72     154629
a      71      70     154629
a      71      80     154629
a      71      62     154629
a      72     139       1903
a      72      71     154629
a      72      81     154629
a      72      63     154629
a      73     160        793
a      73      74     154629
a      73      64     154629
a      74     162        773
a      74      75     154629
a      74      73     154629
a      74      65     154629
a      75      86        945
a      75      76     154629
a      75      74     154629
a      75      66     154629
a      76     130        909
a      76      77     154629
a      76      75     154629
a      76      67     154629
a      77     122       1554
a      77      78     154629
a      77      76     154629
a      77      68     154629
a      78     102        463
a      78      79     154629
a      78      77     154629
a      78      69     154629
a      79     158       1461
a      79      80     154629
a      79      78     154629
a      79      70     154629
a      80     116        554
a      80      81     154629
a      80      79     154629
a      80      71     154629
a      81     119       1821
a      81      80     154629
a      81      72     154629
a      82     205       1498
a      82      83     154629
a      82      91     154629
a      83     199        853
a      83      84     154629
a      83      82     154629
a      83      92     154629
a      84     165        502
a      84      85     154629
a      84      83     154629
a      84      93     154629
a      85     181       1152
a      85      86     154629
a      85      84     154629
a      85      94     154629
a      86     217        352
a      86      87     154629
a      86      85     154629
a      86      95     154629
a      87     177       1465
a      87      88     154629
a      87      86     154629
a      87      96     154629
a      88     174        998
a      88      89     154629
a      88      87     154629
a      88      97     154629
a      89     218        533
a      89      90     154629
a      89      88     154629
a      89      98     154629
a      90     211        889
a      90      89     154629
a      90      99     154629
a      91     241       1552
a      91      92     154629
a      91     100     154629
a      91      82     154629
a      92     209       1591
a      92      93     154629
a      92      91     154629
a      92     101     154629
a      92      83     154629
a      93     219       1031
a      93      94     154629
a      93      92     154629
a      93     102     154629
a      93      84     154629
a      94     167       1371
a      94      95     154629
a      94      93     154629
a      94     103     154629
a      94      85     154629
a      95     223       1369
a      95      96     154629
a      95      94     154629
a      95     104     154629
a      95      86     154629
a      96     237       1644
a      96      97     154629
a      96      95     154629
a      96     105     154629
a      96      87     154629
a      97     189       1301
a      97      98     154629
a      97      96     154629
a      97     106     154629
a      97      88     154629
a      98     206        851
a      98      99     154629
a      98      97     154629
a      98     107     154629
a      98      89     154629
a      99     191        920
a      99      98     154629
a      99     108     154629
a      99      90     154629
a     100     240       1742
a     100     101     154629
a     100     109     154629
a     100      91     154629
a     101     173        921
a     101     102     154629
a     101     100     154629
a     101     110     154629
a     101      92     154629
a     102     215       1886
a     102     103     154629
a     102     101     154629
a     102     111     154629
a     102      93     154629
a     103     233       1432
a     103     104     154629
a     103     102     154629
a     103     112     154629
a     103      94     154629
a     104     200        397
a     104     105     154629
a     104     103     154629
a     104     113     154629
a     104      95     154629
a     105     193       1479
a     105     106     154629
a     105     104     154629
a     105     114     154629
a     105      96     154629
a     106     187        636
a     106     107     154629
a     106     105     154629
a     106     115     154629
a     106      97     154629
a     107     185        580
a     107     108     154629
a     107     106     154629
a     107     116     154629
a     107      98     154629
a     108     228        821
a     108     107     154629
a     108     117     154629
a     108      99     154629
a     109     242        579
a     109     110     154629
a     109     118     154629
a     109     100     154629
a     110     204        927
a     110     111     154629
a     110     109     154629
a     110     119     154629
a     110     101     154629
a     111     207       1876
a     111     112     154629
a     111     110     154629
a     111     120     154629
a     111     102     154629
a     112     176        940
a     112     113     154629
a     112     111     154629
a     112     121     154629
a     112     103     154629
a     113     196       1655
a     113     114     154629
a     113     112     154629
a     113     122     154629
a     113     104     154629
a     114     172        687
a     114     115     154629
a     114     113     154629
a     114     123     154629
a     114     105     154629
a     115     198       1192
a     115     116     154629
a     115     114     154629
a     115     124     154629
a     115     106     154629
a     116     175        738
a     116     117     154629
a     116     115     154629
a     116     125     154629
a     116     107     154629
a     117     234       1137
a     117     116     154629
a     117     126     154629
a     117     108     154629
a     118     208       1348
a     118     119     154629
a     118     127     154629
a     118     109     154629
a     119     190       1344
a     119     120     154629
a     119     118     154629
a     119     128     154629
a     119     110     154629
a     120     210       1607
a     120     121     154629
a     120     119     154629
a     120     129     154629
a     120     111     154629
a     121     221       1556
a     121     122     154629
a     121     120     154629
a     121     130     154629
a     121     112     154629
a     122     222       1583
a     122     123     154629
a     122     121     154629
a     122     131     154629
a     122     113     154629
a     123     216       1795
a     123     124     154629
a     123     122     154629
a     123     132     154629
a     123     114     154629
a     124     163        852
a     124     125     154629
a     124     123     154629
a     124     133     154629
a     124     115     154629
a     125     213        934
a     125     126     154629
a     125     124     154629
a     125     134     154629
a     125     116     154629
a     126     195       1558
a     126     125     154629
a     126     135     154629
a     126     117     154629
a     127     238       1404
a     127     128     154629
a     127     136     154629
a     127     118     154629
a     128     226       1296
a     128     129     154629
a     128     127     154629
a     128     137     154629
a     128     119     154629
a     129     164       1113
a     129     130     154629
a     129     128     154629
a     129     138     154629
a     129     120     154629
a     130     166        770
a     130     131     154629
a     130     129     154629
a     130     139     154629
a     130     121     154629
a     131     231       1397
a     131     132     154629
a     131     130     154629
a     131     140     154629
a     131     122     154629
a     132     232       1024
a     132     133     154629
a     132     131     154629
a     132     141     154629
a     132     123     154629
a     133     183       1183
a     133     134     154629
a     133     132     154629
a     133     142     154629
a     133     124     154629
a     134     239       1070
a     134     135     154629
a     134     133     154629
a     134     143     154629
a     134     125     154629
a     135     229        925
a     135     134     154629
a     135     144     154629
a     135     126     154629
a     136     178       1580
a     136     137     154629
a     136     145     154629
a     136     127     154629
a     137     171       1762
a     137     138     154629
a     137     136     154629
a     137     146     154629
a     137     128     154629
a     138     203        402
a     138     139     154629
a     138     137     154629
a     138     147     154629
a     138     129     154629
a     139     243        980
a     139     140     154629
a     139     138     154629
a     139     148     154629
a     139     130     154629
a     140     212       1810
a     140     141     154629
a     140     139     154629
a     140     149     154629
a     140     131     154629
a     141     227       1424
a     141     142     154629
a     141     140     154629
a     141     150     154629
a     141     132     154629
a     142     201        962
a     142     143     154629
a     142     141     154629
a     142     151     154629
a     142     133     154629
a     143     179       1217
a     143     144     154629
a     143     142     154629
a     143     152     154629
a     143     134     154629
a     144     236        557
a     144     143     154629
a     144     153     154629
a     144     135     154629
a     145     214       1011
a     145     146     154629
a     145     154     154629
a     145     136     154629
a     146     188       1675
a     146     147     154629
a     146     145     154629
a     146     155     154629
a     146     137     154629
a     147     168       1450
a     147     148     154629
a     147     146     154629
a     147     156     154629
a     147     138     154629
a     148     184       1864
a     148     149     154629
a     148     147     154629
a     148     157     154629
a     148     139     154629
a     149     182       1799
a     149     150     154629
a     149     148     154629
a     149     158     154629
a     149     140     154629
a     150     170        501
a     150     151     154629
a     150     149     154629
a     150     159     154629
a     150     141     154629
a     151     225        720
a     151     152     154629
a     151     150     154629
a     151     160     154629
a     151     142     154629
a     152     194        766
a     152     153     154629
a     152     151     154629
a     152     161     154629
a     152     143     154629
a     153     192       1354
a     153     152     154629
a     153     162     154629
a     153     144     154629
a     154     224       1593
a     154     155     154629
a     154     145     154629
a     155     220        997
a     155     156     154629
a     155     154     154629
a     155     146     154629
a     156     202        865
a     156     157     154629
a     156     155     154629
a     156     147     154629
a     157     186        818
a     157     158     154629
a     157     156     154629
a     157     148     154629
a     158     197       1509
a     158     159     154629
a     158     157     154629
a     158     149     154629
a     159     235        513
a     159     160     154629
a     159     158     154629
a     159     150     154629
a     160     180        626
a     160     161     154629
a     160     159     154629
a     160     151     154629
a     161     169        523
a     161     162     154629
a     161     160     154629
a     161     152     154629
a     162     230       1274
a     162     161     154629
a     162     153     154629
a     163     294        353
a     163     164     154629
a     163     172     154629
a     164     282        473
a     164     165     154629
a     164     163     154629
a     164     173     154629
a     165     320       1568
a     165     166     154629
a     165     164     154629
a     165     174     154629
a     166     287        964
a     166     167     154629
a     166     165     154629
a     166     175     154629
a     167     311       1553
a     167     168     154629
a     167     166     154629
a     167     176     154629
a     168     268       1721
a     168     169     154629
a     168     167     154629
a     168     177     154629
a     169     285       1686
a     169     170     154629
a     169     168     154629
a     169     178     154629
a     170     317        546
a     170     171     154629
a     170     169     154629
a     170     179     154629
a     171     312       1236
a     171     170     154629
a     171     180     154629
a     172     264       1643
a     172     173     154629
a     172     181     154629
a     172     163     154629
a     173     315       1058
a     173     174     154629
a     173     172     154629
a     173     182     154629
a     173     164     154629
a     174     270       1900
a     174     175     154629
a     174     173     154629
a     174     183     154629
a     174     165     154629
a     175     322       1386
a     175     176     154629
a     175     174     154629
a     175     184     154629
a     175     166     154629
a     176     254        330
a     176     177     154629
a     176     175     154629
a     176     185     154629
a     176     167     154629
a     177     269        392
a     177     178     154629
a     177     176     154629
a     177     186     154629
a     177     168     154629
a     178     275       1651
a     178     179     154629
a     178     177     154629
a     178     187     154629
a     178     169     154629
a     179     263       1498
a     179     180     154629
a     179     178     154629
a     179     188     154629
a     179     170     154629
a     180     276        800
a     180     179     154629
a     180     189     154629
a     180     171     154629
a     181     313        748
a     181     182     154629
a     181     190     154629
a     181     172     154629
a     182     253       1312
a     182     183     154629
a     182     181     154629
a     182     191     154629
a     182     173     154629
a     183     273       1610
a     183     184     154629
a     183     182     154629
a     183     192     154629
a     183     174     154629
a     184     249       1733
a     184     185     154629
a     184     183     154629
a     184     193     154629
a     184     175     154629
a     185     283       1282
a     185     186     154629
a     185     184     154629
a     185     194     154629
a     185     176     154629
a     186     292        379
a     186     187     154629
a     186     185     154629
a     186     195     154629
a     186     177     154629
a     187     305       1078
a     187     188     154629
a     187     186     154629
a     187     196     154629
a     187     178     154629
a     188     257       1153
a     188     189     154629
a     188     187     154629
a     188     197     154629
a     188     179     154629
a     189     310       1032
a     189     188     154629
a     189     198     154629
a     189     180     154629
a     190     271       1863
a     190     191     154629
a     190     199     154629
a     190     181     154629
a     191     316       1851
a     191     192     154629
a     191     190     154629
a     191     200     154629
a     191     182     154629
a     192     306       1574
a     192     193     154629
a     192     191     154629
a     192     201     154629
a     192     183     154629
a     193     277       1714
a     193     194     154629
a     193     192     154629
a     193     202     154629
a     193     184     154629
a     194     245        791
a     194     195     154629
a     194     193     154629
a     194     203     154629
a     194     185     154629
a     195     278       1252
a     195     196     154629
a     195     194     154629
a     195     204     154629
a     195     186     154629
a     196     258        332
a     196     197     154629
a     196     195     154629
a     196     205     154629
a     196     187     154629
a     197     256       1756
a     197     198     154629
a     197     196     154629
a     197     206     154629
a     197     188     154629
a     198     293       1659
a     198     197     154629
a     198     207     154629
a     198     189     154629
a     199     252       1801
a     199     200     154629
a     199     208     154629
a     199     190     154629
a     200     290       1284
a     200     201     154629
a     200     199     154629
a     200     209     154629
a     200     191     154629
a     201     267       1389
a     201     202     154629
a     201     200     154629
a     201     210     154629
a     201     192     154629
a     202     247       1032
a     202     203     154629
a     202     201     154629
a     202     211     154629
a     202     193     154629
a     203     274       1442
a     203     204     154629
a     203     202     154629
a     203     212     154629
a     203     194     154629
a     204     300        936
a     204     205     154629
a     204     203     154629
a     204     213     154629
a     204     195     154629
a     205     289        409
a     205     206     154629
a     205     204     154629
a     205     214     154629
a     205     196     154629
a     206     304       1247
a     206     207     154629
a     206     205     154629
a     206     215     154629
a     206     197     154629
a     207     323       1624
a     207     206     154629
a     207     216     154629
a     207     198     154629
a     208     281       1638
a     208     209     154629
a     208     217     154629
a     208     199     154629
a     209     255       1334
a     209     210     154629
a     209     208     154629
a     209     218     154629
a     209     200     154629
a     210     297       1522
a     210     211     154629
a     210     209     154629
a     210     219     154629
a     210     201     154629
a     211     301       1192
a     211     212     154629
a     211     210     154629
a     211     220     154629
a     211     202     154629
a     212     303       1537
a     212     213     154629
a     212     211     154629
a     212     221     154629
a     212     203     154629
a     213     314       1260
a     213     214     154629
a     213     212     154629
a     213     222     154629
a     213     204     154629
a     214     259       1554
a     214     215     154629
a     214     213     154629
a     214     223     154629
a     214     205     154629
a     215     272       1701
a     215     216     154629
a     215     214     154629
a     215     224     154629
a     215     206     154629
a     216     324        561
a     216     215     154629
a     216     225     154629
a     216     207     154629
a     217     318        567
a     217     218     154629
a     217     226     154629
a     217     208     154629
a     218     248       1618
a     218     219     154629
a     218     217     154629
a     218     227     154629
a     218     209     154629
a     219     321       1513
a     219     220     154629
a     219     218     154629
a     219     228     154629
a     219     210     154629
a     220     266        508
a     220     221     154629
a     220     219     154629
a     220     229     154629
a     220     211     154629
a     221     265        929
a     221     222     154629
a     221     220     154629
a     221     230     154629
a     221     212     154629
a     222     309       1251
a     222     223     154629
a     222     221     154629
a     222     231     154629
a     222     213     154629
a     223     262       1229
a     223     224     154629
a     223     222     154629
a     223     232     154629
a     223     214     154629
a     224     260       1458
a     224     225     154629
a     224     223     154629
a     224     233     154629
a     224     215     154629
a     225     286       1716
a     225     224     154629
a     225     234     154629
a     225     216     154629
a     226     307        763
a     226     227     154629
a     226     235     154629
a     226     217     154629
a     227     299        530
a     227     228     154629
a     227     226     154629
a     227     236     154629
a     227     218     154629
a     228     251        882
a     228     229     154629
a     228     227     154629
a     228     237     154629
a     228     219     154629
a     229     280        911
a     229     230     154629
a     229     228     154629
a     229     238     154629
a     229     220     154629
a     230     244        896
a     230     231     154629
a     230     229     154629
a     230     239     154629
a     230     221     154629
a     231     302       1022
a     231     232     154629
a     231     230     154629
a     231     240     154629
a     231     222     154629
a     232     295        841
a     232     233     154629
a     232     231     154629
a     232     241     154629
a     232     223     154629
a     233     298       1483
a     233     234     154629
a     233     232     154629
a     233     242     154629
a     233     224     154629
a     234     319       1170
a     234     233     154629
a     234     243     154629
a     234     225     154629
a     235     261        835
a     235     236     154629
a     235     226     154629
a     236     284        957
a     236     237     154629
a     236     235     154629
a     236     227     154629
a     237     250        963
a     237     238     154629
a     237     236     154629
a     237     228     154629
a     238     288        689
a     238     239     154629
a     238     237     154629
a     238     229     154629
a     239     279       1245
a     239     240     154629
a     239     238     154629
a     239     230     154629
a     240     291       1100
a     240     241     154629
a     240     239     154629
a     240     231     154629
a     241     296        944
a     241     242     154629
a     241     240     154629
a     241     232     154629
a     242     246       1690
a     242     243     154629
a     242     241     154629
a     242     233     154629
a     243     308       1054
a     243     242     154629
a     243     234     154629
a     244     393       1207
a     244     245     154629
a     244     253     154629
a     245     352       1658
a     245     246     154629
a     245     244     154629
a     245     254     154629
a     246     386        867
a     246     247     154629
a     246     245     154629
a     246     255     154629
a     247     364        728
a     247     248     154629
a     247     246     154629
a     247     256     154629
a     248     404       1041
a     248     249     154629
a     248     247     154629
a     248     257     154629
a     249     341        477
a     249     250     154629
a     249     248     154629
a     249     258     154629
a     250     354       1873
a     250     251     154629
a     250     249     154629
a     250     259     154629
a     251     356       1077
a     251     252     154629
a     251     250     154629
a     251     260     154629
a     252     392        642
a     252     251     154629
a     252     261     154629
a     253     367        894
a     253     254     154629
a     253     262     154629
a     253     244     154629
a     254     384        728
a     254     255     154629
a     254     253     154629
a     254     263     154629
a     254     245     154629
a     255     345       1898
a     255     256     154629
a     255     254     154629
a     255     264     154629
a     255     246     154629
a     256     405       1264
a     256     257     154629
a     256     255     154629
a     256     265     154629
a     256     247     154629
a     257     400       1135
a     257     258     154629
a     257     256     154629
a     257     266     154629
a     257     248     154629
a     258     396       1202
a     258     259     154629
a     258     257     154629
a     258     267     154629
a     258     249     154629
a     259     349        856
a     259     260     154629
a     259     258     154629
a     259     268     154629
a     259     250     154629
a     260     350        716
a     260     261     154629
a     260     259     154629
a     260     269     154629
a     260     251     154629
a     261     335       1102
a     261     260     154629
a     261     270     154629
a     261     252     154629
a     262     398       1421
a     262     263     154629
a     262     271     154629
a     262     253     154629
a     263     373       1907
a     263     264     154629
a     263     262     154629
a     263     272     154629
a     263     254     154629
a     264     389       1319
a     264     265     154629
a     264     263     154629
a     264     273     154629
a     264     255     154629
a     265     374        816
a     265     266     154629
a     265     264     154629
a     265     274     154629
a     265     256     154629
a     266     385       1553
a     266     267     154629
a     266     265     154629
a     266     275     154629
a     266     257     154629
a     267     381        412
a     267     268     154629
a     267     266     154629
a     267     276     154629
a     267     258     154629
a     268     372       1814
a     268     269     154629
a     268     267     154629
a     268     277     154629
a     268     259     154629
a     269     332        428
a     269     270     154629
a     269     268     154629
a     269     278     154629
a     269     260     154629
a     270     342        642
a     270     269     154629
a     270     279     154629
a     270     261     154629
a     271     361       1360
a     271     272     154629
a     271     280     154629
a     271     262     154629
a     272     399        786
a     272     273     154629
a     272     271     154629
a     272     281     154629
a     272     263     154629
a     273     328        694
a     273     274     154629
a     273     272     154629
a     273     282     154629
a     273     264     154629
a     274     325       1090
a     274     275     154629
a     274     273     154629
a     274     283     154629
a     274     265     154629
a     275     329       1739
a     275     276     154629
a     275     274     154629
a     275     284     154629
a     275     266     154629
a     276     370       1199
a     276     277     154629
a     276     275     154629
a     276     285     154629
a     276     267     154629
a     277     403        983
a     277     278     154629
a     277     276     154629
a     277     286     154629
a     277     268     154629
a     278     359       1271
a     278     279     154629
a     278     277     154629
a     278     287     154629
a     278     269     154629
a     279     360       1048
a     279     278     154629
a     279     288     154629
a     279     270     154629
a     280     343       1470
a     280     281     154629
a     280     289     154629
a     280     271     154629
a     281     330        418
a     281     282     154629
a     281     280     154629
a     281     290     154629
a     281     272     154629
a     282     351        949
a     282     283     154629
a     282     281     154629
a     282     291     154629
a     282     273     154629
a     283     382        329
a     283     284     154629
a     283     282     154629
a     283     292     154629
a     283     274     154629
a     284     353        992
a     284     285     154629
a     284     283     154629
a     284     293     154629
a     284     275     154629
a     285     380        564
a     285     286     154629
a     285     284     154629
a     285     294     154629
a     285     276     154629
a     286     326        855
a     286     287     154629
a     286     285     154629
a     286     295     154629
a     286     277     154629
a     287     391       1567
a     287     288     154629
a     287     286     154629
a     287     296     154629
a     287     278     154629
a     288     378       1267
a     288     287     154629
a     288     297     154629
a     288     279     154629
a     289     388       1575
a     289     290     154629
a     289     298     154629
a     289     280     154629
a     290     368        672
a     290     291     154629
a     290     289     154629
a     290     299     154629
a     290     281     154629
a     291     394       1568
a     291     292     154629
a     291     290     154629
a     291     300     154629
a     291     282     154629
a     292     383       1712
a     292     293     154629
a     292     291     154629
a     292     301     154629
a     292     283     154629
a     293     358       1139
a     293     294     154629
a     293     292     154629
a     293     302     154629
a     293     284     154629
a     294     337       1514
a     294     295     154629
a     294     293     154629
a     294     303     154629
a     294     285     154629
a     295     339        739
a     295     296     154629
a     295     294     154629
a     295     304     154629
a     295     286     154629
a     296     347       1156
a     296     297     154629
a     296     295     154629
a     296     305     154629
a     296     287     154629
a     297     390       1813
a     297     296     154629
a     297     306     154629
a     297     288     154629
a     298     397       1091
a     298     299     154629
a     298     307     154629
a     298     289     154629
a     299     387        941
a     299     300     154629
a     299     298     154629
a     299     308     154629
a     299     290     154629
a     300     377       1640
a     300     301     154629
a     300     299     154629
a     300     309     154629
a     300     291     154629
a     301     355       1830
a     301     302     154629
a     301     300     154629
a     301     310     154629
a     301     292     154629
a     302     336        530
a     302     303     154629
a     302     301     154629
a     302     311     154629
a     302     293     154629
a     303     365       1174
a     303     304     154629
a     303     302     154629
a     303     312     154629
a     303     294     154629
a     304     340       1724
a     304     305     154629
a     304     303     154629
a     304     313     154629
a     304     295     154629
a     305     334        426
a     305     306     154629
a     305     304     154629
a     305     314     154629
a     305     296     154629
a     306     327        464
a     306     305     154629
a     306     315     154629
a     306     297     154629
a     307     346       1205
a     307     308     154629
a     307     316     154629
a     307     298     154629
a     308     402       1474
a     308     309     154629
a     308     307     154629
a     308     317     154629
a     308     299     154629
a     309     331        693
a     309     310     154629
a     309     308     154629
a     309     318     154629
a     309     300     154629
a     310     344       1335
a     310     311     154629
a     310     309     154629
a     310     319     154629
a     310     301     154629
a     311     348       1787
a     311     312     154629
a     311     310     154629
a     311     320     154629
a     311     302     154629
a     312     379        750
a     312     313     154629
a     312     311     154629
a     312     321     154629
a     312     303     154629
a     313     371        972
a     313     314     154629
a     313     312     154629
a     313     322     154629
a     313     304     154629
a     314     369       1023
a     314     315     154629
a     314     313     154629
a     314     323     154629
a     314     305     154629
a     315     357       1557
a     315     314     154629
a     315     324     154629
a     315     306     154629
a     316     401       1633
a     316     317     154629
a     316     307     154629
a     317     338       1661
a     317     318     154629
a     317     316     154629
a     317     308     154629
a     318     395       1428
a     318     319     154629
a     318     317     154629
a     318     309     154629
a     319     376       1132
a     319     320     154629
a     319     318     154629
a     319     310     154629
a     320     363       1889
a     320     321     154629
a     320     319     154629
a     320     311     154629
a     321     333       1707
a     321     322     154629
a     321     320     154629
a     321     312     154629
a     322     366       1712
a     322     323     154629
a     322     321     154629
a     322     313     154629
a     323     375        345
a     323     324     154629
a     323     322     154629
a     323     314     154629
a     324     362       1849
a     324     323     154629
a     324     315     154629
a     325     475        560
a     325     326     154629
a     325     334     154629
a     326     473       1837
a     326     327     154629
a     326     325     154629
a     326     335     154629
a     327     453       1099
a     327     328     154629
a     327     326     154629
a     327     336     154629
a     328     460       1475
a     328     329     154629
a     328     327     154629
a     328     337     154629
a     329     462       1662
a     329     330     154629
a     329     328     154629
a     329     338     154629
a     330     463        792
a     330     331     154629
a     330     329     154629
a     330     339     154629
a     331     464        582
a     331     332     154629
a     331     330     154629
a     331     340     154629
a     332     467        962
a     332     333     154629
a     332     331     154629
a     332     341     154629
a     333     482        409
a     333     332     154629
a     333     342     154629
a     334     423        333
a     334     335     154629
a     334     343     154629
a     334     325     154629
a     335     455        483
a     335     336     154629
a     335     334     154629
a     335     344     154629
a     335     326     154629
a     336     419        998
a     336     337     154629
a     336     335     154629
a     336     345     154629
a     336     327     154629
a     337     417        876
a     337     338     154629
a     337     336     154629
a     337     346     154629
a     337     328     154629
a     338     446        825
a     338     339     154629
a     338     337     154629
a     338     347     154629
a     338     329     154629
a     339     456       1375
a     339     340     154629
a     339     338     154629
a     339     348     154629
a     339     330     154629
a     340     406        852
a     340     341     154629
a     340     339     154629
a     340     349     154629
a     340     331     154629
a     341     485       1264
a     341     342     154629
a     341     340     154629
a     341     350     154629
a     341     332     154629
a     342     465        332
a     342     341     154629
a     342     351     154629
a     342     333     154629
a     343     480        584
a     343     344     154629
a     343     352     154629
a     343     334     154629
a     344     438        622
a     344     345     154629
a     344     343     154629
a     344     353     154629
a     344     335     154629
a     345     421       1257
a     345     346     154629
a     345     344     154629
a     345     354     154629
a     345     336     154629
a     346     415        856
a     346     347     154629
a     346     345     154629
a     346     355     154629
a     346     337     154629
a     347     416        854
a     347     348     154629
a     347     346     154629
a     347     356     154629
a     347     338     154629
a     348     457        821
a     348     349     154629
a     348     347     154629
a     348     357     154629
a     348     339     154629
a     349     436       1679
a     349     350     154629
a     349     348     154629
a     349     358     154629
a     349     340     154629
a     350     443       1548
a     350     351     154629
a     350     349     154629
a     350     359     154629
a     350     341     154629
a     351     412        456
a     351     350     154629
a     351     360     154629
a     351     342     154629
a     352     431        822
a     352     353     154629
a     352     361     154629
a     352     343     154629
a     353     432        439
a     353     354     154629
a     353     352     154629
a     353     362     154629
a     353     344     154629
a     354     409        345
a     354     355     154629
a     354     353     154629
a     354     363     154629
a     354     345     154629
a     355     450        623
a     355     356     154629
a     355     354     154629
a     355     364     154629
a     355     346     154629
a     356     407       1015
a     356     357     154629
a     356     355     154629
a     356     365     154629
a     356     347     154629
a     357     466       1122
a     357     358     154629
a     357     356     154629
a     357     366     154629
a     357     348     154629
a     358     413        690
a     358     359     154629
a     358     357     154629
a     358     367     154629
a     358     349     154629
a     359     470        367
a     359     360     154629
a     359     358     154629
a     359     368     154629
a     359     350     154629
a     360     449        556
a     360     359     154629
a     360     369     154629
a     360     351     154629
a     361     486       1079
a     361     362     154629
a     361     370     154629
a     361     352     154629
a     362     448        881
a     362     363     154629
a     362     361     154629
a     362     371     154629
a     362     353     154629
a     363     471        359
a     363     364     154629
a     363     362     154629
a     363     372     154629
a     363     354     154629
a     364     440       1139
a     364     365     154629
a     364     363     154629
a     364     373     154629
a     364     355     154629
a     365     435        384
a     365     366     154629
a     365     364     154629
a     365     374     154629
a     365     356     154629
a     366     410        398
a     366     367     154629
a     366     365     154629
a     366     375     154629
a     366     357     154629
a     367     430       1670
a     367     368     154629
a     367     366     154629
a     367     376     154629
a     367     358     154629
a     368     476       1419
a     368     369     154629
a     368     367     154629
a     368     377     154629
a     368     359     154629
a     369     442       1582
a     369     368     154629
a     369     378     154629
a     369     360     154629
a     370     441        975
a     370     371     154629
a     370     379     154629
a     370     361     154629
a     371     437        564
a     371     372     154629
a     371     370     154629
a     371     380     154629
a     371     362     154629
a     372     451        447
a     372     373     154629
a     372     371     154629
a     372     381     154629
a     372     363     154629
a     373     408        598
a     373     374     154629
a     373     372     154629
a     373     382     154629
a     373     364     154629
a     374     461       1043
a     374     375     154629
a     374     373     154629
a     374     383     154629
a     374     365     154629
a     375     422       1457
a     375     376     154629
a     375     374     154629
a     375     384     154629
a     375     366     154629
a     376     434       1193
a     376     377     154629
a     376     375     154629
a     376     385     154629
a     376     367     154629
a     377     426       1033
a     377     378     154629
a     377     376     154629
a     377     386     154629
a     377     368     154629
a     378     481       1567
a     378     377     154629
a     378     387     154629
a     378     369     154629
a     379     420        963
a     379     380     154629
a     379     388     154629
a     379     370     154629
a     380     424        981
a     380     381     154629
a     380     379     154629
a     380     389     154629
a     380     371     154629
a     381     483        338
a     381     382     154629
a     381     380     154629
a     381     390     154629
a     381     372     154629
a     382     418       1253
a     382     383     154629
a     382     381     154629
a     382     391     154629
a     382     373     154629
a     383     433       1607
a     383     384     154629
a     383     382     154629
a     383     392     154629
a     383     374     154629
a     384     428        535
a     384     385     154629
a     384     383     154629
a     384     393     154629
a     384     375     154629
a     385     459       1696
a     385     386     154629
a     385     384     154629
a     385     394     154629
a     385     376     154629
a     386     469        941
a     386     387     154629
a     386     385     154629
a     386     395     154629
a     386     377     154629
a     387     474       1831
a     387     386     154629
a     387     396     154629
a     387     378     154629
a     388     478       1653
a     388     389     154629
a     388     397     154629
a     388     379     154629
a     389     484        784
a     389     390     154629
a     389     388     154629
a     389     398     154629
a     389     380     154629
a     390     468        455
a     390     391     154629
a     390     389     154629
a     390     399     154629
a     390     381     154629
a     391     411        774
a     391     392     154629
a     391     390     154629
a     391     400     154629
a     391     382     154629
a     392     425       1481
a     392     393     154629
a     392     391     154629
a     392     401     154629
a     392     383     154629
a     393     444        377
a     393     394     154629
a     393     392     154629
a     393     402     154629
a     393     384     154629
a     394     472       1204
a     394     395     154629
a     394     393     154629
a     394     403     154629
a     394     385     154629
a     395     479       1815
a     395     396     154629
a     395     394     154629
a     395     404     154629
a     395     386     154629
a     396     458       1091
a     396     395     154629
a     396     405     154629
a     396     387     154629
a     397     427       1278
a     397     398     154629
a     397     388     154629
a     398     429        478
a     398     399     154629
a     398     397     154629
a     398     389     154629
a     399     454       1658
a     399     400     154629
a     399     398     154629
a     399     390     154629
a     400     445       1413
a     400     401     154629
a     400     399     154629
a     400     391     154629
a     401     447        381
a     401     402     154629
a     401     400     154629
a     401     392     154629
a     402     439       1731
a     402     403     154629
a     402     401     154629
a     402     393     154629
a     403     414       1740
a     403     404     154629
a     403     402     154629
a     403     394     154629
a     404     452       1007
a     404     405     154629
a     404     403     154629
a     404     395     154629
a     405     477       1701
a     405     404     154629
a     405     396     154629
a     406     495        861
a     406     407     154629
a     406     415     154629
a     407     530       1700
a     407     408     154629
a     407     406     154629
a     407     416     154629
a     408     492        518
a     408     409     154629
a     408     407     154629
a     408     417     154629
a     409     519       1496
a     409     410     154629
a     409     408     154629
a     409     418     154629
a     410     554        641
a     410     411     154629
a     410     409     154629
a     410     419     154629
a     411     523       1328
a     411     412     154629
a     411     410     154629
a     411     420     154629
a     412     537       1296
a     412     413     154629
a     412     411     154629
a     412     421     154629
a     413     539        537
a     413     414     154629
a     413     412     154629
a     413     422     154629
a     414     550        364
a     414     413     154629
a     414     423     154629
a     415     545       1807
a     415     416     154629
a     415     424     154629
a     415     406     154629
a     416     514       1551
a     416     417     154629
a     416     415     154629
a     416     425     154629
a     416     407     154629
a     417     520        441
a     417     418     154629
a     417     416     154629
a     417     426     154629
a     417     408     154629
a     418     542       1490
a     418     419     154629
a     418     417     154629
a     418     427     154629
a     418     409     154629
a     419     556       1227
a     419     420     154629
a     419     418     154629
a     419     428     154629
a     419     410     154629
a     420     536       1393
a     420     421     154629
a     420     419     154629
a     420     429     154629
a     420     411     154629
a     421     534       1097
a     421     422     154629
a     421     420     154629
a     421     430     154629
a     421     412     154629
a     422     516        446
a     422     423     154629
a     422     421     154629
a     422     431     154629
a     422     413     154629
a     423     547        337
a     423     422     154629
a     423     432     154629
a     423     414     154629
a     424     498       1554
a     424     425     154629
a     424     433     154629
a     424     415     154629
a     425     504       1280
a     425     426     154629
a     425     424     154629
a     425     434     154629
a     425     416     154629
a     426     502       1085
a     426     427     154629
a     426     425     154629
a     426     435     154629
a     426     417     154629
a     427     561       1054
a     427     428     154629
a     427     426     154629
a     427     436     154629
a     427     418     154629
a     428     535       1283
a     428     429     154629
a     428     427     154629
a     428     437     154629
a     428     419     154629
a     429     500       1207
a     429     430     154629
a     429     428     154629
a     429     438     154629
a     429     420     154629
a     430     490        644
a     430     431     154629
a     430     429     154629
a     430     439     154629
a     430     421     154629
a     431     528       1747
a     431     432     154629
a     431     430     154629
a     431     440     154629
a     431     422     154629
a     432     548        974
a     432     431     154629
a     432     441     154629
a     432     423     154629
a     433     532       1180
a     433     434     154629
a     433     442     154629
a     433     424     154629
a     434     489       1096
a     434     435     154629
a     434     433     154629
a     434     443     154629
a     434     425     154629
a     435     552       1555
a     435     436     154629
a     435     434     154629
a     435     444     154629
a     435     426     154629
a     436     499       1632
a     436     437     154629
a     436     435     154629
a     436     445     154629
a     436     427     154629
a     437     517        615
a     437     438     154629
a     437     436     154629
a     437     446     154629
a     437     428     154629
a     438     491        995
a     438     439     154629
a     438     437     154629
a     438     447     154629
a     438     429     154629
a     439     509        567
a     439     440     154629
a     439     438     154629
a     439     448     154629
a     439     430     154629
a     440     505       1762
a     440     441     154629
a     440     439     154629
a     440     449     154629
a     440     431     154629
a     441     562        578
a     441     440     154629
a     441     450     154629
a     441     432     154629
a     442     503        750
a     442     443     154629
a     442     451     154629
a     442     433     154629
a     443     526        730
a     443     444     154629
a     443     442     154629
a     443     452     154629
a     443     434     154629
a     444     543       1368
a     444     445     154629
a     444     443     154629
a     444     453     154629
a     444     435     154629
a     445     508       1695
a     445     446     154629
a     445     444     154629
a     445     454     154629
a     445     436     154629
a     446     518       1810
a     446     447     154629
a     446     445     154629
a     446     455     154629
a     446     437     154629
a     447     521        962
a     447     448     154629
a     447     446     154629
a     447     456     154629
a     447     438     154629
a     448     506        475
a     448     449     154629
a     448     447     154629
a     448     457     154629
a     448     439     154629
a     449     522        650
a     449     450     154629
a     449     448     154629
a     449     458     154629
a     449     440     154629
a     450     567       1180
a     450     449     154629
a     450     459     154629
a     450     441     154629
a     451     560        345
a     451     452     154629
a     451     460     154629
a     451     442     154629
a     452     529        581
a     452     453     154629
a     452     451     154629
a     452     461     154629
a     452     443     154629
a     453     512       1463
a     453     454     154629
a     453     452     154629
a     453     462     154629
a     453     444     154629
a     454     565       1130
a     454     455     154629
a     454     453     154629
a     454     463     154629
a     454     445     154629
a     455     551       1115
a     455     456     154629
a     455     454     154629
a     455     464     154629
a     455     446     154629
a     456     525        365
a     456     457     154629
a     456     455     154629
a     456     465     154629
a     456     447     154629
a     457     511        663
a     457     458     154629
a     457     456     154629
a     457     466     154629
a     457     448     154629
a     458     531       1715
a     458     459     154629
a     458     457     154629
a     458     467     154629
a     458     449     154629
a     459     544        648
a     459     458     154629
a     459     468     154629
a     459     450     154629
a     460     533        538
a     460     461     154629
a     460     469     154629
a     460     451     154629
a     461     564        707
a     461     462     154629
a     461     460     154629
a     461     470     154629
a     461     452     154629
a     462     541        910
a     462     463     154629
a     462     461     154629
a     462     471     154629
a     462     453     154629
a     463     566        367
a     463     464     154629
a     463     462     154629
a     463     472     154629
a     463     454     154629
a     464     563       1352
a     464     465     154629
a     464     463     154629
a     464     473     154629
a     464     455     154629
a     465     524        818
a     465     466     154629
a     465     464     154629
a     465     474     154629
a     465     456     154629
a     466     487       1839
a     466     467     154629
a     466     465     154629
a     466     475     154629
a     466     457     154629
a     467     510        343
a     467     468     154629
a     467     466     154629
a     467     476     154629
a     467     458     154629
a     468     501       1230
a     468     467     154629
a     468     477     154629
a     468     459     154629
a     469     540       1323
a     469     470     154629
a     469     478     154629
a     469     460     154629
a     470     527       1439
a     470     471     154629
a     470     469     154629
a     470     479     154629
a     470     461     154629
a     471     507       1135
a     471     472     154629
a     471     470     154629
a     471     480     154629
a     471     462     154629
a     472     559        454
a     472     473     154629
a     472     471     154629
a     472     481     154629
a     472     463     154629
a     473     513        424
a     473     474     154629
a     473     472     154629
a     473     482     154629
a     473     464     154629
a     474     555       1766
a     474     475     154629
a     474     473     154629
a     474     483     154629
a     474     465     154629
a     475     553        532
a     475     476     154629
a     475     474     154629
a     475     484     154629
a     475     466     154629
a     476     496       1102
a     476     477     154629
a     476     475     154629
a     476     485     154629
a     476     467     154629
a     477     557        638
a     477     476     154629
a     477     486     154629
a     477     468     154629
a     478     488       1653
a     478     479     154629
a     478     469     154629
a     479     558       1849
a     479     480     154629
a     479     478     154629
a     479     470     154629
a     480     546        708
a     480     481     154629
a     480     479     154629
a     480     471     154629
a     481     549       1226
a     481     482     154629
a     481     480     154629
a     481     472     154629
a     482     515       1346
a     482     483     154629
a     482     481     154629
a     482     473     154629
a     483     538        474
a     483     484     154629
a     483     482     154629
a     483     474     154629
a     484     494        784
a     484     485     154629
a     484     483     154629
a     484     475     154629
a     485     497        473
a     485     486     154629
a     485     484     154629
a     485     476     154629
a     486     493        332
a     486     485     154629
a     486     477     154629
a     487     488     154629
a     487     496     154629
a     488     489     154629
a     488     487     154629
a     488     497     154629
a     489     490     154629
a     489     488     154629
a     489     498     154629
a     490     491     154629
a     490     489     154629
a     490     499     154629
a     491     492     154629
a     491     490     154629
a     491     500     154629
a     492     493     154629
a     492     491     154629
a     492     501     154629
a     493     494     154629
a     493     492     154629
a     493     502     154629
a     494     495     154629
a     494     493     154629
a     494     503     154629
a     495     494     154629
a     495     504     154629
a     496     497     154629
a     496     505     154629
a     496     487     154629
a     497     498     154629
a     497     496     154629
a     497     506     154629
a     497     488     154629
a     498     499     154629
a     498     497     154629
a     498     507     154629
a     498     489     154629
a     499     500     154629
a     499     498     154629
a     499     508     154629
a     499     490     154629
a     500     501     154629
a     500     499     154629
a     500     509     154629
a     500     491     154629
a     501     502     154629
a     501     500     154629
a     501     510     154629
a     501     492     154629
a     502     503     154629
a     502     501     154629
a     502     511     154629
a     502     493     154629
a     503     504     154629
a     503     502     154629
a     503     512     154629
a     503     494     154629
a     504     503     154629
a     504     513     154629
a     504     495     154629
a     505     506     154629
a     505     514     154629
a     505     496     154629
a     506     507     154629
a     506     505     154629
a     506     515     154629
a     506     497     154629
a     507     508     154629
a     507     506     154629
a     507     516     154629
a     507     498     154629
a     508     509     154629
a     508     507     154629
a     508     517     154629
a     508     499     154629
a     509     510     154629
a     509     508     154629
a     509     518     154629
a     509     500     154629
a     510     511     154629
a     510     509     154629
a     510     519     154629
a     510     501     154629
a     511     512     154629
a     511     510     154629
a     511     520     154629
a     511     502     154629
a     512     513     154629
a     512     511     154629
a     512     521     154629
a     512     503     154629
a     513     512     154629
a     513     522     154629
a     513     504     154629
a     514     515     154629
a     514     523     154629
a     514     505     154629
a     515     516     154629
a     515     514     154629
a     515     524     154629
a     515     506     154629
a     516     517     154629
a     516     515     154629
a     516     525     154629
a     516     507     154629
a     517     518     154629
a     517     516     154629
a     517     526     154629
a     517     508     154629
a     518     519     154629
a     518     517     154629
a     518     527     154629
a     518     509     154629
a     519     520     154629
a     519     518     154629
a     519     528     154629
a     519     510     154629
a     520     521     154629
a     520     519     154629
a     520     529     154629
a     520     511     154629
a     521     522     154629
a     521     520     154629
a     521     530     154629
a     521     512     154629
a     522     521     154629
a     522     531     154629
a     522     513     154629
a     523     524     154629
a     523     532     154629
a     523     514     154629
a     524     525     154629
a     524     523     154629
a     524     533     154629
a     524     515     154629
a     525     526     154629
a     525     524     154629
a     525     534     154629
a     525     516     154629
a     526     527     154629
a     526     525     154629
a     526     535     154629
a     526     517     154629
a     527     528     154629
a     527     526     154629
a     527     536     154629
a     527     518     154629
a     528     529     154629
a     528     527     154629
a     528     537     154629
a     528     519     154629
a     529     530     154629
a     529     528     154629
a     529     538     154629
a     529     520     154629
a     530     531     154629
a     530     529     154629
a     530     539     154629
a     530     521     154629
a     531     530     154629
a     531     540     154629
a     531     522     154629
a     532     533     154629
a     532     541     154629
a     532     523     154629
a     533     534     154629
a     533     532     154629
a     533     542     154629
a     533     524     154629
a     534     535     154629
a     534     533     154629
a     534     543     154629
a     534     525     154629
a     535     536     154629
a     535     534     154629
a     535     544     154629
a     535     526     154629
a     536     537     154629
a     536     535     154629
a     536     545     154629
a     536     527     154629
a     537     538     154629
a     537     536     154629
a     537     546     154629
a     537     528     154629
a     538     539     154629
a     538     537     154629
a     538     547     154629
a     538     529     154629
a     539     540     154629
a     539     538     154629
a     539     548     154629
a     539     530     154629
a     540     539     154629
a     540     549     154629
a     540     531     154629
a     541     542     154629
a     541     550     154629
a     541     532     154629
a     542     543     154629
a     542     541     154629
a     542     551     154629
a     542     533     154629
a     543     544     154629
a     543     542     154629
a     543     552     154629
a     543     534     154629
a     544     545     154629
a     544     543     154629
a     544     553     154629
a     544     535     154629
a     545     546     154629
a     545     544     154629
a     545     554     154629
a     545     536     154629
a     546     547     154629
a     546     545     154629
a     546     555     154629
a     546     537     154629
a     547     548     154629
a     547     546     154629
a     547     556     154629
a     547     538     154629
a     548     549     154629
a     548     547     154629
a     548     557     154629
a     548     539     154629
a     549     548     154629
a     549     558     154629
a     549     540     154629
a     550     551     154629
a     550     559     154629
a     550     541     154629
a     551     552     154629
a     551     550     154629
a     551     560     154629
a     551     542     154629
a     552     553     154629
a     552     551     154629
a     552     561     154629
a     552     543     154629
a     553     554     154629
a     553     552     154629
a     553     562     154629
a     553     544     154629
a     554     555     154629
a     554     553     154629
a     554     563     154629
a     554     545     154629
a     555     556     154629
a     555     554     154629
a     555     564     154629
a     555     546     154629
a     556     557     154629
a     556     555     154629
a     556     565     154629
a     556     547     154629
a     557     558     154629
a     557     556     154629
a     557     566     154629
a     557     548     154629
a     558     557     154629
a     558     567     154629
a     558     549     154629
a     559     560     154629
a     559     550     154629
a     560     561     154629
a     560     559     154629
a     560     551     154629
a     561     562     154629
a     561     560     154629
a     561     552     154629
a     562     563     154629
a     562     561     154629
a     562     553     154629
a     563     564     154629
a     563     562     154629
a     563     554     154629
a     564     565     154629
a     564     563     154629
a     564     555     154629
a     565     566     154629
a     565     564     154629
a     565     556     154629
a     566     567     154629
a     566     565     154629
a     566     557     154629
a     567     566     154629
a     567     558     154629
