c This file was generated by genrmf.
c The parameters are: a: 6 b: 15 c1: 121 c2: 853 seed: 1666103673
p max     540       2304
n       1 s
n     540 t
a       1      40        360
a       1       2      30708
a       1       7      30708
a       2      44        167
a       2       3      30708
a       2       1      30708
a       2       8      30708
a       3      38        758
a       3       4      30708
a       3       2      30708
a       3       9      30708
a       4      66        361
a       4       5      30708
a       4       3      30708
a       4      10      30708
a       5      37        515
a       5       6      30708
a       5       4      30708
a       5      11      30708
a       6      61        716
a       6       5      30708
a       6      12      30708
a       7      57        148
a       7       8      30708
a       7      13      30708
a       7       1      30708
a       8      39        654
a       8       9      30708
a       8       7      30708
a       8      14      30708
a       8       2      30708
a       9      67        581
a       9      10      30708
a       9       8      30708
a       9      15      30708
a       9       3      30708
a      10      54        190
a      10      11      30708
a      10       9      30708
a      10      16      30708
a      10       4      30708
a      11      45        660
a      11      12      30708
a      11      10      30708
a      11      17      30708
a      11       5      30708
a      12      43        384
a      12      11      30708
a      12      18      30708
a      12       6      30708
a      13      56        813
a      13      14      30708
a      13      19      30708
a      13       7      30708
a      14      68        391
a      14      15      30708
a      14      13      30708
a      14      20      30708
a      14       8      30708
a      15      70        446
a      15      16      30708
a      15      14      30708
a      15      21      30708
a      15       9      30708
a      16      52        281
a      16      17      30708
a      16      15      30708
a      16      22      30708
a      16      10      30708
a      17      59        249
a      17      18      30708
a      17      16      30708
a      17      23      30708
a      17      11      30708
a      18      71        368
a      18      17      30708
a      18      24      30708
a      18      12      30708
a      19      63        431
a      19      20      30708
a      19      25      30708
a      19      13      30708
a      20      53        818
a      20      21      30708
a      20      19      30708
a      20      26      30708
a      20      14      30708
a      21      49        669
a      21      22      30708
a      21      20      30708
a      21      27      30708
a      21      15      30708
a      22      41        519
a      22      23      30708
a      22      21      30708
a      22      28      30708
a      22      16      30708
a      23      65        163
a      23      24      30708
a      23      22      30708
a      23      29      30708
a      23      17      30708
a      24      42        647
a      24      23      30708
a      24      30      30708
a      24      18      30708
a      25      72        565
a      25      26      30708
a      25      31      30708
a      25      19      30708
a      26      69        444
a      26      27      30708
a      26      25      30708
a      26      32      30708
a      26      20      30708
a      27      47        150
a      27      28      30708
a      27      26      30708
a      27      33      30708
a      27      21      30708
a      28      48        443
a      28      29      30708
a      28      27      30708
a      28      34      30708
a      28      22      30708
a      29      51        192
a      29      30      30708
a      29      28      30708
a      29      35      30708
a      29      23      30708
a      30      55        412
a      30      29      30708
a      30      36      30708
a      30      24      30708
a      31      50        216
a      31      32      30708
a      31      25      30708
a      32      60        227
a      32      33      30708
a      32      31      30708
a      32      26      30708
a      33      46        774
a      33      34      30708
a      33      32      30708
a      33      27      30708
a      34      64        345
a      34      35      30708
a      34      33      30708
a      34      28      30708
a      35      62        350
a      35      36      30708
a      35      34      30708
a      35      29      30708
a      36      58        647
a      36      35      30708
a      36      30      30708
a      37      92        486
a      37      38      30708
a      37      43      30708
a      38     105        775
a      38      39      30708
a      38      37      30708
a      38      44      30708
a      39      98        555
a      39      40      30708
a      39      38      30708
a      39      45      30708
a      40      91        434
a      40      41      30708
a      40      39      30708
a      40      46      30708
a      41     101        281
a      41      42      30708
a      41      40      30708
a      41      47      30708
a      42      94        311
a      42      41      30708
a      42      48      30708
a      43      75        543
a      43      44      30708
a      43      49      30708
a      43      37      30708
a      44      97        814
a      44      45      30708
a      44      43      30708
a      44      50      30708
a      44      38      30708
a      45      90        384
a      45      46      30708
a      45      44      30708
a      45      51      30708
a      45      39      30708
a      46      87        456
a      46      47      30708
a      46      45      30708
a      46      52      30708
a      46      40      30708
a      47      80        823
a      47      48      30708
a      47      46      30708
a      47      53      30708
a      47      41      30708
a      48      93        487
a      48      47      30708
a      48      54      30708
a      48      42      30708
a      49     104        727
a      49      50      30708
a      49      55      30708
a      49      43      30708
a      50      84        691
a      50      51      30708
a      50      49      30708
a      50      56      30708
a      50      44      30708
a      51     103        561
a      51      52      30708
a      51      50      30708
a      51      57      30708
a      51      45      30708
a      52      74        843
a      52      53      30708
a      52      51      30708
a      52      58      30708
a      52      46      30708
a      53      88        408
a      53      54      30708
a      53      52      30708
a      53      59      30708
a      53      47      30708
a      54      82        807
a      54      53      30708
a      54      60      30708
a      54      48      30708
a      55     108        427
a      55      56      30708
a      55      61      30708
a      55      49      30708
a      56      85        675
a      56      57      30708
a      56      55      30708
a      56      62      30708
a      56      50      30708
a      57      77        599
a      57      58      30708
a      57      56      30708
a      57      63      30708
a      57      51      30708
a      58      86        195
a      58      59      30708
a      58      57      30708
a      58      64      30708
a      58      52      30708
a      59      83        241
a      59      60      30708
a      59      58      30708
a      59      65      30708
a      59      53      30708
a      60      73        275
a      60      59      30708
a      60      66      30708
a      60      54      30708
a      61      78        632
a      61      62      30708
a      61      67      30708
a      61      55      30708
a      62     106        495
a      62      63      30708
a      62      61      30708
a      62      68      30708
a      62      56      30708
a      63     100        773
a      63      64      30708
a      63      62      30708
a      63      69      30708
a      63      57      30708
a      64      99        689
a      64      65      30708
a      64      63      30708
a      64      70      30708
a      64      58      30708
a      65      79        163
a      65      66      30708
a      65      64      30708
a      65      71      30708
a      65      59      30708
a      66      76        385
a      66      65      30708
a      66      72      30708
a      66      60      30708
a      67     107        563
a      67      68      30708
a      67      61      30708
a      68      81        321
a      68      69      30708
a      68      67      30708
a      68      62      30708
a      69     102        620
a      69      70      30708
a      69      68      30708
a      69      63      30708
a      70      89        668
a      70      71      30708
a      70      69      30708
a      70      64      30708
a      71      95        576
a      71      72      30708
a      71      70      30708
a      71      65      30708
a      72      96        670
a      72      71      30708
a      72      66      30708
a      73     123        331
a      73      74      30708
a      73      79      30708
a      74     135        424
a      74      75      30708
a      74      73      30708
a      74      80      30708
a      75     133        735
a      75      76      30708
a      75      74      30708
a      75      81      30708
a      76     122        233
a      76      77      30708
a      76      75      30708
a      76      82      30708
a      77     109        337
a      77      78      30708
a      77      76      30708
a      77      83      30708
a      78     128        378
a      78      77      30708
a      78      84      30708
a      79     131        843
a      79      80      30708
a      79      85      30708
a      79      73      30708
a      80     144        560
a      80      81      30708
a      80      79      30708
a      80      86      30708
a      80      74      30708
a      81     139        418
a      81      82      30708
a      81      80      30708
a      81      87      30708
a      81      75      30708
a      82     132        583
a      82      83      30708
a      82      81      30708
a      82      88      30708
a      82      76      30708
a      83     118        129
a      83      84      30708
a      83      82      30708
a      83      89      30708
a      83      77      30708
a      84     134        395
a      84      83      30708
a      84      90      30708
a      84      78      30708
a      85     127        578
a      85      86      30708
a      85      91      30708
a      85      79      30708
a      86     140        482
a      86      87      30708
a      86      85      30708
a      86      92      30708
a      86      80      30708
a      87     117        649
a      87      88      30708
a      87      86      30708
a      87      93      30708
a      87      81      30708
a      88     124        274
a      88      89      30708
a      88      87      30708
a      88      94      30708
a      88      82      30708
a      89     143        763
a      89      90      30708
a      89      88      30708
a      89      95      30708
a      89      83      30708
a      90     121        144
a      90      89      30708
a      90      96      30708
a      90      84      30708
a      91     130        599
a      91      92      30708
a      91      97      30708
a      91      85      30708
a      92     136        229
a      92      93      30708
a      92      91      30708
a      92      98      30708
a      92      86      30708
a      93     119        652
a      93      94      30708
a      93      92      30708
a      93      99      30708
a      93      87      30708
a      94     138        147
a      94      95      30708
a      94      93      30708
a      94     100      30708
a      94      88      30708
a      95     116        230
a      95      96      30708
a      95      94      30708
a      95     101      30708
a      95      89      30708
a      96     125        251
a      96      95      30708
a      96     102      30708
a      96      90      30708
a      97     120        642
a      97      98      30708
a      97     103      30708
a      97      91      30708
a      98     137        144
a      98      99      30708
a      98      97      30708
a      98     104      30708
a      98      92      30708
a      99     114        568
a      99     100      30708
a      99      98      30708
a      99     105      30708
a      99      93      30708
a     100     129        290
a     100     101      30708
a     100      99      30708
a     100     106      30708
a     100      94      30708
a     101     141        683
a     101     102      30708
a     101     100      30708
a     101     107      30708
a     101      95      30708
a     102     126        257
a     102     101      30708
a     102     108      30708
a     102      96      30708
a     103     142        201
a     103     104      30708
a     103      97      30708
a     104     115        140
a     104     105      30708
a     104     103      30708
a     104      98      30708
a     105     111        557
a     105     106      30708
a     105     104      30708
a     105      99      30708
a     106     113        555
a     106     107      30708
a     106     105      30708
a     106     100      30708
a     107     110        276
a     107     108      30708
a     107     106      30708
a     107     101      30708
a     108     112        763
a     108     107      30708
a     108     102      30708
a     109     147        220
a     109     110      30708
a     109     115      30708
a     110     157        384
a     110     111      30708
a     110     109      30708
a     110     116      30708
a     111     164        689
a     111     112      30708
a     111     110      30708
a     111     117      30708
a     112     180        707
a     112     113      30708
a     112     111      30708
a     112     118      30708
a     113     162        449
a     113     114      30708
a     113     112      30708
a     113     119      30708
a     114     150        606
a     114     113      30708
a     114     120      30708
a     115     152        604
a     115     116      30708
a     115     121      30708
a     115     109      30708
a     116     179        731
a     116     117      30708
a     116     115      30708
a     116     122      30708
a     116     110      30708
a     117     178        574
a     117     118      30708
a     117     116      30708
a     117     123      30708
a     117     111      30708
a     118     160        366
a     118     119      30708
a     118     117      30708
a     118     124      30708
a     118     112      30708
a     119     155        398
a     119     120      30708
a     119     118      30708
a     119     125      30708
a     119     113      30708
a     120     158        776
a     120     119      30708
a     120     126      30708
a     120     114      30708
a     121     170        398
a     121     122      30708
a     121     127      30708
a     121     115      30708
a     122     146        843
a     122     123      30708
a     122     121      30708
a     122     128      30708
a     122     116      30708
a     123     168        634
a     123     124      30708
a     123     122      30708
a     123     129      30708
a     123     117      30708
a     124     151        157
a     124     125      30708
a     124     123      30708
a     124     130      30708
a     124     118      30708
a     125     175        655
a     125     126      30708
a     125     124      30708
a     125     131      30708
a     125     119      30708
a     126     169        267
a     126     125      30708
a     126     132      30708
a     126     120      30708
a     127     148        241
a     127     128      30708
a     127     133      30708
a     127     121      30708
a     128     161        352
a     128     129      30708
a     128     127      30708
a     128     134      30708
a     128     122      30708
a     129     165        241
a     129     130      30708
a     129     128      30708
a     129     135      30708
a     129     123      30708
a     130     167        401
a     130     131      30708
a     130     129      30708
a     130     136      30708
a     130     124      30708
a     131     163        838
a     131     132      30708
a     131     130      30708
a     131     137      30708
a     131     125      30708
a     132     154        407
a     132     131      30708
a     132     138      30708
a     132     126      30708
a     133     149        737
a     133     134      30708
a     133     139      30708
a     133     127      30708
a     134     176        290
a     134     135      30708
a     134     133      30708
a     134     140      30708
a     134     128      30708
a     135     153        523
a     135     136      30708
a     135     134      30708
a     135     141      30708
a     135     129      30708
a     136     174        314
a     136     137      30708
a     136     135      30708
a     136     142      30708
a     136     130      30708
a     137     156        498
a     137     138      30708
a     137     136      30708
a     137     143      30708
a     137     131      30708
a     138     171        595
a     138     137      30708
a     138     144      30708
a     138     132      30708
a     139     172        593
a     139     140      30708
a     139     133      30708
a     140     177        714
a     140     141      30708
a     140     139      30708
a     140     134      30708
a     141     159        691
a     141     142      30708
a     141     140      30708
a     141     135      30708
a     142     166        703
a     142     143      30708
a     142     141      30708
a     142     136      30708
a     143     173        801
a     143     144      30708
a     143     142      30708
a     143     137      30708
a     144     145        367
a     144     143      30708
a     144     138      30708
a     145     182        263
a     145     146      30708
a     145     151      30708
a     146     192        215
a     146     147      30708
a     146     145      30708
a     146     152      30708
a     147     212        561
a     147     148      30708
a     147     146      30708
a     147     153      30708
a     148     190        515
a     148     149      30708
a     148     147      30708
a     148     154      30708
a     149     197        665
a     149     150      30708
a     149     148      30708
a     149     155      30708
a     150     183        593
a     150     149      30708
a     150     156      30708
a     151     189        251
a     151     152      30708
a     151     157      30708
a     151     145      30708
a     152     198        848
a     152     153      30708
a     152     151      30708
a     152     158      30708
a     152     146      30708
a     153     216        313
a     153     154      30708
a     153     152      30708
a     153     159      30708
a     153     147      30708
a     154     203        338
a     154     155      30708
a     154     153      30708
a     154     160      30708
a     154     148      30708
a     155     215        674
a     155     156      30708
a     155     154      30708
a     155     161      30708
a     155     149      30708
a     156     208        542
a     156     155      30708
a     156     162      30708
a     156     150      30708
a     157     202        555
a     157     158      30708
a     157     163      30708
a     157     151      30708
a     158     204        386
a     158     159      30708
a     158     157      30708
a     158     164      30708
a     158     152      30708
a     159     214        171
a     159     160      30708
a     159     158      30708
a     159     165      30708
a     159     153      30708
a     160     209        536
a     160     161      30708
a     160     159      30708
a     160     166      30708
a     160     154      30708
a     161     207        186
a     161     162      30708
a     161     160      30708
a     161     167      30708
a     161     155      30708
a     162     185        677
a     162     161      30708
a     162     168      30708
a     162     156      30708
a     163     193        737
a     163     164      30708
a     163     169      30708
a     163     157      30708
a     164     196        706
a     164     165      30708
a     164     163      30708
a     164     170      30708
a     164     158      30708
a     165     188        434
a     165     166      30708
a     165     164      30708
a     165     171      30708
a     165     159      30708
a     166     206        497
a     166     167      30708
a     166     165      30708
a     166     172      30708
a     166     160      30708
a     167     213        284
a     167     168      30708
a     167     166      30708
a     167     173      30708
a     167     161      30708
a     168     181        739
a     168     167      30708
a     168     174      30708
a     168     162      30708
a     169     186        662
a     169     170      30708
a     169     175      30708
a     169     163      30708
a     170     201        767
a     170     171      30708
a     170     169      30708
a     170     176      30708
a     170     164      30708
a     171     184        455
a     171     172      30708
a     171     170      30708
a     171     177      30708
a     171     165      30708
a     172     211        749
a     172     173      30708
a     172     171      30708
a     172     178      30708
a     172     166      30708
a     173     191        187
a     173     174      30708
a     173     172      30708
a     173     179      30708
a     173     167      30708
a     174     187        484
a     174     173      30708
a     174     180      30708
a     174     168      30708
a     175     195        265
a     175     176      30708
a     175     169      30708
a     176     194        799
a     176     177      30708
a     176     175      30708
a     176     170      30708
a     177     200        687
a     177     178      30708
a     177     176      30708
a     177     171      30708
a     178     205        136
a     178     179      30708
a     178     177      30708
a     178     172      30708
a     179     210        362
a     179     180      30708
a     179     178      30708
a     179     173      30708
a     180     199        791
a     180     179      30708
a     180     174      30708
a     181     223        418
a     181     182      30708
a     181     187      30708
a     182     228        641
a     182     183      30708
a     182     181      30708
a     182     188      30708
a     183     232        793
a     183     184      30708
a     183     182      30708
a     183     189      30708
a     184     221        349
a     184     185      30708
a     184     183      30708
a     184     190      30708
a     185     248        613
a     185     186      30708
a     185     184      30708
a     185     191      30708
a     186     236        203
a     186     185      30708
a     186     192      30708
a     187     238        732
a     187     188      30708
a     187     193      30708
a     187     181      30708
a     188     240        459
a     188     189      30708
a     188     187      30708
a     188     194      30708
a     188     182      30708
a     189     227        532
a     189     190      30708
a     189     188      30708
a     189     195      30708
a     189     183      30708
a     190     229        134
a     190     191      30708
a     190     189      30708
a     190     196      30708
a     190     184      30708
a     191     219        541
a     191     192      30708
a     191     190      30708
a     191     197      30708
a     191     185      30708
a     192     242        146
a     192     191      30708
a     192     198      30708
a     192     186      30708
a     193     230        137
a     193     194      30708
a     193     199      30708
a     193     187      30708
a     194     241        192
a     194     195      30708
a     194     193      30708
a     194     200      30708
a     194     188      30708
a     195     252        696
a     195     196      30708
a     195     194      30708
a     195     201      30708
a     195     189      30708
a     196     231        418
a     196     197      30708
a     196     195      30708
a     196     202      30708
a     196     190      30708
a     197     243        690
a     197     198      30708
a     197     196      30708
a     197     203      30708
a     197     191      30708
a     198     220        767
a     198     197      30708
a     198     204      30708
a     198     192      30708
a     199     224        750
a     199     200      30708
a     199     205      30708
a     199     193      30708
a     200     249        226
a     200     201      30708
a     200     199      30708
a     200     206      30708
a     200     194      30708
a     201     233        543
a     201     202      30708
a     201     200      30708
a     201     207      30708
a     201     195      30708
a     202     247        731
a     202     203      30708
a     202     201      30708
a     202     208      30708
a     202     196      30708
a     203     244        462
a     203     204      30708
a     203     202      30708
a     203     209      30708
a     203     197      30708
a     204     239        849
a     204     203      30708
a     204     210      30708
a     204     198      30708
a     205     245        613
a     205     206      30708
a     205     211      30708
a     205     199      30708
a     206     250        126
a     206     207      30708
a     206     205      30708
a     206     212      30708
a     206     200      30708
a     207     225        155
a     207     208      30708
a     207     206      30708
a     207     213      30708
a     207     201      30708
a     208     222        734
a     208     209      30708
a     208     207      30708
a     208     214      30708
a     208     202      30708
a     209     237        664
a     209     210      30708
a     209     208      30708
a     209     215      30708
a     209     203      30708
a     210     246        343
a     210     209      30708
a     210     216      30708
a     210     204      30708
a     211     218        319
a     211     212      30708
a     211     205      30708
a     212     217        578
a     212     213      30708
a     212     211      30708
a     212     206      30708
a     213     251        716
a     213     214      30708
a     213     212      30708
a     213     207      30708
a     214     234        772
a     214     215      30708
a     214     213      30708
a     214     208      30708
a     215     235        565
a     215     216      30708
a     215     214      30708
a     215     209      30708
a     216     226        149
a     216     215      30708
a     216     210      30708
a     217     256        550
a     217     218      30708
a     217     223      30708
a     218     285        540
a     218     219      30708
a     218     217      30708
a     218     224      30708
a     219     259        646
a     219     220      30708
a     219     218      30708
a     219     225      30708
a     220     262        764
a     220     221      30708
a     220     219      30708
a     220     226      30708
a     221     271        326
a     221     222      30708
a     221     220      30708
a     221     227      30708
a     222     282        218
a     222     221      30708
a     222     228      30708
a     223     287        380
a     223     224      30708
a     223     229      30708
a     223     217      30708
a     224     267        394
a     224     225      30708
a     224     223      30708
a     224     230      30708
a     224     218      30708
a     225     281        387
a     225     226      30708
a     225     224      30708
a     225     231      30708
a     225     219      30708
a     226     265        445
a     226     227      30708
a     226     225      30708
a     226     232      30708
a     226     220      30708
a     227     270        361
a     227     228      30708
a     227     226      30708
a     227     233      30708
a     227     221      30708
a     228     274        657
a     228     227      30708
a     228     234      30708
a     228     222      30708
a     229     284        513
a     229     230      30708
a     229     235      30708
a     229     223      30708
a     230     261        359
a     230     231      30708
a     230     229      30708
a     230     236      30708
a     230     224      30708
a     231     273        415
a     231     232      30708
a     231     230      30708
a     231     237      30708
a     231     225      30708
a     232     263        418
a     232     233      30708
a     232     231      30708
a     232     238      30708
a     232     226      30708
a     233     254        292
a     233     234      30708
a     233     232      30708
a     233     239      30708
a     233     227      30708
a     234     276        547
a     234     233      30708
a     234     240      30708
a     234     228      30708
a     235     264        481
a     235     236      30708
a     235     241      30708
a     235     229      30708
a     236     288        409
a     236     237      30708
a     236     235      30708
a     236     242      30708
a     236     230      30708
a     237     255        753
a     237     238      30708
a     237     236      30708
a     237     243      30708
a     237     231      30708
a     238     269        460
a     238     239      30708
a     238     237      30708
a     238     244      30708
a     238     232      30708
a     239     279        198
a     239     240      30708
a     239     238      30708
a     239     245      30708
a     239     233      30708
a     240     278        362
a     240     239      30708
a     240     246      30708
a     240     234      30708
a     241     280        325
a     241     242      30708
a     241     247      30708
a     241     235      30708
a     242     283        307
a     242     243      30708
a     242     241      30708
a     242     248      30708
a     242     236      30708
a     243     253        507
a     243     244      30708
a     243     242      30708
a     243     249      30708
a     243     237      30708
a     244     286        670
a     244     245      30708
a     244     243      30708
a     244     250      30708
a     244     238      30708
a     245     266        258
a     245     246      30708
a     245     244      30708
a     245     251      30708
a     245     239      30708
a     246     268        208
a     246     245      30708
a     246     252      30708
a     246     240      30708
a     247     272        491
a     247     248      30708
a     247     241      30708
a     248     257        667
a     248     249      30708
a     248     247      30708
a     248     242      30708
a     249     277        532
a     249     250      30708
a     249     248      30708
a     249     243      30708
a     250     258        660
a     250     251      30708
a     250     249      30708
a     250     244      30708
a     251     260        561
a     251     252      30708
a     251     250      30708
a     251     245      30708
a     252     275        747
a     252     251      30708
a     252     246      30708
a     253     300        555
a     253     254      30708
a     253     259      30708
a     254     319        250
a     254     255      30708
a     254     253      30708
a     254     260      30708
a     255     324        192
a     255     256      30708
a     255     254      30708
a     255     261      30708
a     256     308        253
a     256     257      30708
a     256     255      30708
a     256     262      30708
a     257     289        278
a     257     258      30708
a     257     256      30708
a     257     263      30708
a     258     303        143
a     258     257      30708
a     258     264      30708
a     259     311        496
a     259     260      30708
a     259     265      30708
a     259     253      30708
a     260     309        787
a     260     261      30708
a     260     259      30708
a     260     266      30708
a     260     254      30708
a     261     292        136
a     261     262      30708
a     261     260      30708
a     261     267      30708
a     261     255      30708
a     262     312        582
a     262     263      30708
a     262     261      30708
a     262     268      30708
a     262     256      30708
a     263     296        594
a     263     264      30708
a     263     262      30708
a     263     269      30708
a     263     257      30708
a     264     304        593
a     264     263      30708
a     264     270      30708
a     264     258      30708
a     265     313        247
a     265     266      30708
a     265     271      30708
a     265     259      30708
a     266     310        802
a     266     267      30708
a     266     265      30708
a     266     272      30708
a     266     260      30708
a     267     316        517
a     267     268      30708
a     267     266      30708
a     267     273      30708
a     267     261      30708
a     268     295        725
a     268     269      30708
a     268     267      30708
a     268     274      30708
a     268     262      30708
a     269     298        552
a     269     270      30708
a     269     268      30708
a     269     275      30708
a     269     263      30708
a     270     307        194
a     270     269      30708
a     270     276      30708
a     270     264      30708
a     271     305        777
a     271     272      30708
a     271     277      30708
a     271     265      30708
a     272     301        244
a     272     273      30708
a     272     271      30708
a     272     278      30708
a     272     266      30708
a     273     314        593
a     273     274      30708
a     273     272      30708
a     273     279      30708
a     273     267      30708
a     274     306        462
a     274     275      30708
a     274     273      30708
a     274     280      30708
a     274     268      30708
a     275     297        193
a     275     276      30708
a     275     274      30708
a     275     281      30708
a     275     269      30708
a     276     317        584
a     276     275      30708
a     276     282      30708
a     276     270      30708
a     277     290        281
a     277     278      30708
a     277     283      30708
a     277     271      30708
a     278     322        294
a     278     279      30708
a     278     277      30708
a     278     284      30708
a     278     272      30708
a     279     315        310
a     279     280      30708
a     279     278      30708
a     279     285      30708
a     279     273      30708
a     280     320        687
a     280     281      30708
a     280     279      30708
a     280     286      30708
a     280     274      30708
a     281     318        642
a     281     282      30708
a     281     280      30708
a     281     287      30708
a     281     275      30708
a     282     291        808
a     282     281      30708
a     282     288      30708
a     282     276      30708
a     283     302        674
a     283     284      30708
a     283     277      30708
a     284     294        530
a     284     285      30708
a     284     283      30708
a     284     278      30708
a     285     323        737
a     285     286      30708
a     285     284      30708
a     285     279      30708
a     286     299        373
a     286     287      30708
a     286     285      30708
a     286     280      30708
a     287     321        309
a     287     288      30708
a     287     286      30708
a     287     281      30708
a     288     293        454
a     288     287      30708
a     288     282      30708
a     289     344        431
a     289     290      30708
a     289     295      30708
a     290     329        234
a     290     291      30708
a     290     289      30708
a     290     296      30708
a     291     341        368
a     291     292      30708
a     291     290      30708
a     291     297      30708
a     292     348        696
a     292     293      30708
a     292     291      30708
a     292     298      30708
a     293     331        558
a     293     294      30708
a     293     292      30708
a     293     299      30708
a     294     349        699
a     294     293      30708
a     294     300      30708
a     295     355        284
a     295     296      30708
a     295     301      30708
a     295     289      30708
a     296     326        696
a     296     297      30708
a     296     295      30708
a     296     302      30708
a     296     290      30708
a     297     333        762
a     297     298      30708
a     297     296      30708
a     297     303      30708
a     297     291      30708
a     298     345        499
a     298     299      30708
a     298     297      30708
a     298     304      30708
a     298     292      30708
a     299     360        671
a     299     300      30708
a     299     298      30708
a     299     305      30708
a     299     293      30708
a     300     343        315
a     300     299      30708
a     300     306      30708
a     300     294      30708
a     301     353        507
a     301     302      30708
a     301     307      30708
a     301     295      30708
a     302     354        809
a     302     303      30708
a     302     301      30708
a     302     308      30708
a     302     296      30708
a     303     347        477
a     303     304      30708
a     303     302      30708
a     303     309      30708
a     303     297      30708
a     304     346        408
a     304     305      30708
a     304     303      30708
a     304     310      30708
a     304     298      30708
a     305     328        729
a     305     306      30708
a     305     304      30708
a     305     311      30708
a     305     299      30708
a     306     330        817
a     306     305      30708
a     306     312      30708
a     306     300      30708
a     307     337        218
a     307     308      30708
a     307     313      30708
a     307     301      30708
a     308     357        515
a     308     309      30708
a     308     307      30708
a     308     314      30708
a     308     302      30708
a     309     342        768
a     309     310      30708
a     309     308      30708
a     309     315      30708
a     309     303      30708
a     310     336        171
a     310     311      30708
a     310     309      30708
a     310     316      30708
a     310     304      30708
a     311     340        188
a     311     312      30708
a     311     310      30708
a     311     317      30708
a     311     305      30708
a     312     351        529
a     312     311      30708
a     312     318      30708
a     312     306      30708
a     313     339        653
a     313     314      30708
a     313     319      30708
a     313     307      30708
a     314     338        294
a     314     315      30708
a     314     313      30708
a     314     320      30708
a     314     308      30708
a     315     332        589
a     315     316      30708
a     315     314      30708
a     315     321      30708
a     315     309      30708
a     316     334        797
a     316     317      30708
a     316     315      30708
a     316     322      30708
a     316     310      30708
a     317     356        320
a     317     318      30708
a     317     316      30708
a     317     323      30708
a     317     311      30708
a     318     335        422
a     318     317      30708
a     318     324      30708
a     318     312      30708
a     319     359        445
a     319     320      30708
a     319     313      30708
a     320     350        691
a     320     321      30708
a     320     319      30708
a     320     314      30708
a     321     358        726
a     321     322      30708
a     321     320      30708
a     321     315      30708
a     322     325        739
a     322     323      30708
a     322     321      30708
a     322     316      30708
a     323     327        632
a     323     324      30708
a     323     322      30708
a     323     317      30708
a     324     352        495
a     324     323      30708
a     324     318      30708
a     325     388        706
a     325     326      30708
a     325     331      30708
a     326     386        282
a     326     327      30708
a     326     325      30708
a     326     332      30708
a     327     365        568
a     327     328      30708
a     327     326      30708
a     327     333      30708
a     328     384        850
a     328     329      30708
a     328     327      30708
a     328     334      30708
a     329     363        531
a     329     330      30708
a     329     328      30708
a     329     335      30708
a     330     387        310
a     330     329      30708
a     330     336      30708
a     331     369        492
a     331     332      30708
a     331     337      30708
a     331     325      30708
a     332     382        594
a     332     333      30708
a     332     331      30708
a     332     338      30708
a     332     326      30708
a     333     377        381
a     333     334      30708
a     333     332      30708
a     333     339      30708
a     333     327      30708
a     334     362        496
a     334     335      30708
a     334     333      30708
a     334     340      30708
a     334     328      30708
a     335     372        279
a     335     336      30708
a     335     334      30708
a     335     341      30708
a     335     329      30708
a     336     374        154
a     336     335      30708
a     336     342      30708
a     336     330      30708
a     337     366        660
a     337     338      30708
a     337     343      30708
a     337     331      30708
a     338     361        724
a     338     339      30708
a     338     337      30708
a     338     344      30708
a     338     332      30708
a     339     393        742
a     339     340      30708
a     339     338      30708
a     339     345      30708
a     339     333      30708
a     340     373        142
a     340     341      30708
a     340     339      30708
a     340     346      30708
a     340     334      30708
a     341     390        359
a     341     342      30708
a     341     340      30708
a     341     347      30708
a     341     335      30708
a     342     371        435
a     342     341      30708
a     342     348      30708
a     342     336      30708
a     343     395        451
a     343     344      30708
a     343     349      30708
a     343     337      30708
a     344     380        618
a     344     345      30708
a     344     343      30708
a     344     350      30708
a     344     338      30708
a     345     385        378
a     345     346      30708
a     345     344      30708
a     345     351      30708
a     345     339      30708
a     346     376        394
a     346     347      30708
a     346     345      30708
a     346     352      30708
a     346     340      30708
a     347     396        657
a     347     348      30708
a     347     346      30708
a     347     353      30708
a     347     341      30708
a     348     379        282
a     348     347      30708
a     348     354      30708
a     348     342      30708
a     349     367        343
a     349     350      30708
a     349     355      30708
a     349     343      30708
a     350     394        226
a     350     351      30708
a     350     349      30708
a     350     356      30708
a     350     344      30708
a     351     378        380
a     351     352      30708
a     351     350      30708
a     351     357      30708
a     351     345      30708
a     352     364        219
a     352     353      30708
a     352     351      30708
a     352     358      30708
a     352     346      30708
a     353     383        575
a     353     354      30708
a     353     352      30708
a     353     359      30708
a     353     347      30708
a     354     370        587
a     354     353      30708
a     354     360      30708
a     354     348      30708
a     355     392        658
a     355     356      30708
a     355     349      30708
a     356     375        666
a     356     357      30708
a     356     355      30708
a     356     350      30708
a     357     381        644
a     357     358      30708
a     357     356      30708
a     357     351      30708
a     358     389        619
a     358     359      30708
a     358     357      30708
a     358     352      30708
a     359     391        828
a     359     360      30708
a     359     358      30708
a     359     353      30708
a     360     368        450
a     360     359      30708
a     360     354      30708
a     361     409        369
a     361     362      30708
a     361     367      30708
a     362     397        368
a     362     363      30708
a     362     361      30708
a     362     368      30708
a     363     403        353
a     363     364      30708
a     363     362      30708
a     363     369      30708
a     364     407        747
a     364     365      30708
a     364     363      30708
a     364     370      30708
a     365     429        687
a     365     366      30708
a     365     364      30708
a     365     371      30708
a     366     404        184
a     366     365      30708
a     366     372      30708
a     367     426        353
a     367     368      30708
a     367     373      30708
a     367     361      30708
a     368     405        177
a     368     369      30708
a     368     367      30708
a     368     374      30708
a     368     362      30708
a     369     425        133
a     369     370      30708
a     369     368      30708
a     369     375      30708
a     369     363      30708
a     370     424        261
a     370     371      30708
a     370     369      30708
a     370     376      30708
a     370     364      30708
a     371     415        441
a     371     372      30708
a     371     370      30708
a     371     377      30708
a     371     365      30708
a     372     412        491
a     372     371      30708
a     372     378      30708
a     372     366      30708
a     373     416        292
a     373     374      30708
a     373     379      30708
a     373     367      30708
a     374     430        143
a     374     375      30708
a     374     373      30708
a     374     380      30708
a     374     368      30708
a     375     420        230
a     375     376      30708
a     375     374      30708
a     375     381      30708
a     375     369      30708
a     376     423        471
a     376     377      30708
a     376     375      30708
a     376     382      30708
a     376     370      30708
a     377     422        380
a     377     378      30708
a     377     376      30708
a     377     383      30708
a     377     371      30708
a     378     428        140
a     378     377      30708
a     378     384      30708
a     378     372      30708
a     379     413        499
a     379     380      30708
a     379     385      30708
a     379     373      30708
a     380     401        151
a     380     381      30708
a     380     379      30708
a     380     386      30708
a     380     374      30708
a     381     432        158
a     381     382      30708
a     381     380      30708
a     381     387      30708
a     381     375      30708
a     382     400        743
a     382     383      30708
a     382     381      30708
a     382     388      30708
a     382     376      30708
a     383     421        628
a     383     384      30708
a     383     382      30708
a     383     389      30708
a     383     377      30708
a     384     408        703
a     384     383      30708
a     384     390      30708
a     384     378      30708
a     385     418        423
a     385     386      30708
a     385     391      30708
a     385     379      30708
a     386     406        234
a     386     387      30708
a     386     385      30708
a     386     392      30708
a     386     380      30708
a     387     402        180
a     387     388      30708
a     387     386      30708
a     387     393      30708
a     387     381      30708
a     388     414        250
a     388     389      30708
a     388     387      30708
a     388     394      30708
a     388     382      30708
a     389     431        454
a     389     390      30708
a     389     388      30708
a     389     395      30708
a     389     383      30708
a     390     411        645
a     390     389      30708
a     390     396      30708
a     390     384      30708
a     391     419        523
a     391     392      30708
a     391     385      30708
a     392     410        450
a     392     393      30708
a     392     391      30708
a     392     386      30708
a     393     417        696
a     393     394      30708
a     393     392      30708
a     393     387      30708
a     394     399        418
a     394     395      30708
a     394     393      30708
a     394     388      30708
a     395     398        426
a     395     396      30708
a     395     394      30708
a     395     389      30708
a     396     427        130
a     396     395      30708
a     396     390      30708
a     397     436        814
a     397     398      30708
a     397     403      30708
a     398     447        519
a     398     399      30708
a     398     397      30708
a     398     404      30708
a     399     462        822
a     399     400      30708
a     399     398      30708
a     399     405      30708
a     400     446        608
a     400     401      30708
a     400     399      30708
a     400     406      30708
a     401     458        693
a     401     402      30708
a     401     400      30708
a     401     407      30708
a     402     434        393
a     402     401      30708
a     402     408      30708
a     403     443        296
a     403     404      30708
a     403     409      30708
a     403     397      30708
a     404     459        487
a     404     405      30708
a     404     403      30708
a     404     410      30708
a     404     398      30708
a     405     451        589
a     405     406      30708
a     405     404      30708
a     405     411      30708
a     405     399      30708
a     406     465        121
a     406     407      30708
a     406     405      30708
a     406     412      30708
a     406     400      30708
a     407     433        466
a     407     408      30708
a     407     406      30708
a     407     413      30708
a     407     401      30708
a     408     448        774
a     408     407      30708
a     408     414      30708
a     408     402      30708
a     409     442        809
a     409     410      30708
a     409     415      30708
a     409     403      30708
a     410     440        194
a     410     411      30708
a     410     409      30708
a     410     416      30708
a     410     404      30708
a     411     454        788
a     411     412      30708
a     411     410      30708
a     411     417      30708
a     411     405      30708
a     412     450        720
a     412     413      30708
a     412     411      30708
a     412     418      30708
a     412     406      30708
a     413     449        402
a     413     414      30708
a     413     412      30708
a     413     419      30708
a     413     407      30708
a     414     435        404
a     414     413      30708
a     414     420      30708
a     414     408      30708
a     415     455        254
a     415     416      30708
a     415     421      30708
a     415     409      30708
a     416     437        509
a     416     417      30708
a     416     415      30708
a     416     422      30708
a     416     410      30708
a     417     466        227
a     417     418      30708
a     417     416      30708
a     417     423      30708
a     417     411      30708
a     418     468        267
a     418     419      30708
a     418     417      30708
a     418     424      30708
a     418     412      30708
a     419     467        523
a     419     420      30708
a     419     418      30708
a     419     425      30708
a     419     413      30708
a     420     445        456
a     420     419      30708
a     420     426      30708
a     420     414      30708
a     421     463        420
a     421     422      30708
a     421     427      30708
a     421     415      30708
a     422     461        354
a     422     423      30708
a     422     421      30708
a     422     428      30708
a     422     416      30708
a     423     444        754
a     423     424      30708
a     423     422      30708
a     423     429      30708
a     423     417      30708
a     424     457        391
a     424     425      30708
a     424     423      30708
a     424     430      30708
a     424     418      30708
a     425     439        698
a     425     426      30708
a     425     424      30708
a     425     431      30708
a     425     419      30708
a     426     453        246
a     426     425      30708
a     426     432      30708
a     426     420      30708
a     427     460        694
a     427     428      30708
a     427     421      30708
a     428     456        608
a     428     429      30708
a     428     427      30708
a     428     422      30708
a     429     438        175
a     429     430      30708
a     429     428      30708
a     429     423      30708
a     430     464        250
a     430     431      30708
a     430     429      30708
a     430     424      30708
a     431     441        637
a     431     432      30708
a     431     430      30708
a     431     425      30708
a     432     452        740
a     432     431      30708
a     432     426      30708
a     433     472        213
a     433     434      30708
a     433     439      30708
a     434     491        663
a     434     435      30708
a     434     433      30708
a     434     440      30708
a     435     501        269
a     435     436      30708
a     435     434      30708
a     435     441      30708
a     436     481        586
a     436     437      30708
a     436     435      30708
a     436     442      30708
a     437     504        571
a     437     438      30708
a     437     436      30708
a     437     443      30708
a     438     469        222
a     438     437      30708
a     438     444      30708
a     439     482        142
a     439     440      30708
a     439     445      30708
a     439     433      30708
a     440     500        806
a     440     441      30708
a     440     439      30708
a     440     446      30708
a     440     434      30708
a     441     498        689
a     441     442      30708
a     441     440      30708
a     441     447      30708
a     441     435      30708
a     442     484        178
a     442     443      30708
a     442     441      30708
a     442     448      30708
a     442     436      30708
a     443     489        660
a     443     444      30708
a     443     442      30708
a     443     449      30708
a     443     437      30708
a     444     486        539
a     444     443      30708
a     444     450      30708
a     444     438      30708
a     445     492        616
a     445     446      30708
a     445     451      30708
a     445     439      30708
a     446     502        479
a     446     447      30708
a     446     445      30708
a     446     452      30708
a     446     440      30708
a     447     493        180
a     447     448      30708
a     447     446      30708
a     447     453      30708
a     447     441      30708
a     448     477        129
a     448     449      30708
a     448     447      30708
a     448     454      30708
a     448     442      30708
a     449     476        690
a     449     450      30708
a     449     448      30708
a     449     455      30708
a     449     443      30708
a     450     495        564
a     450     449      30708
a     450     456      30708
a     450     444      30708
a     451     496        474
a     451     452      30708
a     451     457      30708
a     451     445      30708
a     452     473        459
a     452     453      30708
a     452     451      30708
a     452     458      30708
a     452     446      30708
a     453     471        565
a     453     454      30708
a     453     452      30708
a     453     459      30708
a     453     447      30708
a     454     487        530
a     454     455      30708
a     454     453      30708
a     454     460      30708
a     454     448      30708
a     455     503        271
a     455     456      30708
a     455     454      30708
a     455     461      30708
a     455     449      30708
a     456     480        779
a     456     455      30708
a     456     462      30708
a     456     450      30708
a     457     490        423
a     457     458      30708
a     457     463      30708
a     457     451      30708
a     458     485        518
a     458     459      30708
a     458     457      30708
a     458     464      30708
a     458     452      30708
a     459     494        479
a     459     460      30708
a     459     458      30708
a     459     465      30708
a     459     453      30708
a     460     479        690
a     460     461      30708
a     460     459      30708
a     460     466      30708
a     460     454      30708
a     461     475        726
a     461     462      30708
a     461     460      30708
a     461     467      30708
a     461     455      30708
a     462     474        258
a     462     461      30708
a     462     468      30708
a     462     456      30708
a     463     483        432
a     463     464      30708
a     463     457      30708
a     464     478        236
a     464     465      30708
a     464     463      30708
a     464     458      30708
a     465     470        786
a     465     466      30708
a     465     464      30708
a     465     459      30708
a     466     499        241
a     466     467      30708
a     466     465      30708
a     466     460      30708
a     467     488        320
a     467     468      30708
a     467     466      30708
a     467     461      30708
a     468     497        310
a     468     467      30708
a     468     462      30708
a     469     516        825
a     469     470      30708
a     469     475      30708
a     470     514        300
a     470     471      30708
a     470     469      30708
a     470     476      30708
a     471     535        539
a     471     472      30708
a     471     470      30708
a     471     477      30708
a     472     512        594
a     472     473      30708
a     472     471      30708
a     472     478      30708
a     473     536        193
a     473     474      30708
a     473     472      30708
a     473     479      30708
a     474     522        335
a     474     473      30708
a     474     480      30708
a     475     539        192
a     475     476      30708
a     475     481      30708
a     475     469      30708
a     476     540        127
a     476     477      30708
a     476     475      30708
a     476     482      30708
a     476     470      30708
a     477     528        708
a     477     478      30708
a     477     476      30708
a     477     483      30708
a     477     471      30708
a     478     511        786
a     478     479      30708
a     478     477      30708
a     478     484      30708
a     478     472      30708
a     479     508        741
a     479     480      30708
a     479     478      30708
a     479     485      30708
a     479     473      30708
a     480     525        432
a     480     479      30708
a     480     486      30708
a     480     474      30708
a     481     534        583
a     481     482      30708
a     481     487      30708
a     481     475      30708
a     482     531        475
a     482     483      30708
a     482     481      30708
a     482     488      30708
a     482     476      30708
a     483     537        740
a     483     484      30708
a     483     482      30708
a     483     489      30708
a     483     477      30708
a     484     509        142
a     484     485      30708
a     484     483      30708
a     484     490      30708
a     484     478      30708
a     485     532        582
a     485     486      30708
a     485     484      30708
a     485     491      30708
a     485     479      30708
a     486     523        713
a     486     485      30708
a     486     492      30708
a     486     480      30708
a     487     526        828
a     487     488      30708
a     487     493      30708
a     487     481      30708
a     488     513        742
a     488     489      30708
a     488     487      30708
a     488     494      30708
a     488     482      30708
a     489     519        595
a     489     490      30708
a     489     488      30708
a     489     495      30708
a     489     483      30708
a     490     521        843
a     490     491      30708
a     490     489      30708
a     490     496      30708
a     490     484      30708
a     491     533        737
a     491     492      30708
a     491     490      30708
a     491     497      30708
a     491     485      30708
a     492     505        563
a     492     491      30708
a     492     498      30708
a     492     486      30708
a     493     507        123
a     493     494      30708
a     493     499      30708
a     493     487      30708
a     494     527        592
a     494     495      30708
a     494     493      30708
a     494     500      30708
a     494     488      30708
a     495     529        143
a     495     496      30708
a     495     494      30708
a     495     501      30708
a     495     489      30708
a     496     538        449
a     496     497      30708
a     496     495      30708
a     496     502      30708
a     496     490      30708
a     497     520        594
a     497     498      30708
a     497     496      30708
a     497     503      30708
a     497     491      30708
a     498     510        814
a     498     497      30708
a     498     504      30708
a     498     492      30708
a     499     518        214
a     499     500      30708
a     499     493      30708
a     500     515        149
a     500     501      30708
a     500     499      30708
a     500     494      30708
a     501     530        298
a     501     502      30708
a     501     500      30708
a     501     495      30708
a     502     506        403
a     502     503      30708
a     502     501      30708
a     502     496      30708
a     503     517        384
a     503     504      30708
a     503     502      30708
a     503     497      30708
a     504     524        451
a     504     503      30708
a     504     498      30708
a     505     506      30708
a     505     511      30708
a     506     507      30708
a     506     505      30708
a     506     512      30708
a     507     508      30708
a     507     506      30708
a     507     513      30708
a     508     509      30708
a     508     507      30708
a     508     514      30708
a     509     510      30708
a     509     508      30708
a     509     515      30708
a     510     509      30708
a     510     516      30708
a     511     512      30708
a     511     517      30708
a     511     505      30708
a     512     513      30708
a     512     511      30708
a     512     518      30708
a     512     506      30708
a     513     514      30708
a     513     512      30708
a     513     519      30708
a     513     507      30708
a     514     515      30708
a     514     513      30708
a     514     520      30708
a     514     508      30708
a     515     516      30708
a     515     514      30708
a     515     521      30708
a     515     509      30708
a     516     515      30708
a     516     522      30708
a     516     510      30708
a     517     518      30708
a     517     523      30708
a     517     511      30708
a     518     519      30708
a     518     517      30708
a     518     524      30708
a     518     512      30708
a     519     520      30708
a     519     518      30708
a     519     525      30708
a     519     513      30708
a     520     521      30708
a     520     519      30708
a     520     526      30708
a     520     514      30708
a     521     522      30708
a     521     520      30708
a     521     527      30708
a     521     515      30708
a     522     521      30708
a     522     528      30708
a     522     516      30708
a     523     524      30708
a     523     529      30708
a     523     517      30708
a     524     525      30708
a     524     523      30708
a     524     530      30708
a     524     518      30708
a     525     526      30708
a     525     524      30708
a     525     531      30708
a     525     519      30708
a     526     527      30708
a     526     525      30708
a     526     532      30708
a     526     520      30708
a     527     528      30708
a     527     526      30708
a     527     533      30708
a     527     521      30708
a     528     527      30708
a     528     534      30708
a     528     522      30708
a     529     530      30708
a     529     535      30708
a     529     523      30708
a     530     531      30708
a     530     529      30708
a     530     536      30708
a     530     524      30708
a     531     532      30708
a     531     530      30708
a     531     537      30708
a     531     525      30708
a     532     533      30708
a     532     531      30708
a     532     538      30708
a     532     526      30708
a     533     534      30708
a     533     532      30708
a     533     539      30708
a     533     527      30708
a     534     533      30708
a     534     540      30708
a     534     528      30708
a     535     536      30708
a     535     529      30708
a     536     537      30708
a     536     535      30708
a     536     530      30708
a     537     538      30708
a     537     536      30708
a     537     531      30708
a     538     539      30708
a     538     537      30708
a     538     532      30708
a     539     540      30708
a     539     538      30708
a     539     533      30708
a     540     539      30708
a     540     534      30708
