c This file was generated by genrmf.
c The parameters are: a: 4 b: 21 c1: 1634 c2: 1634 seed: 1666103673
p max     336       1328
n       1 s
n     336 t
a       1      18       1634
a       1       2      26144
a       1       5      26144
a       2      20       1634
a       2       3      26144
a       2       1      26144
a       2       6      26144
a       3      21       1634
a       3       4      26144
a       3       2      26144
a       3       7      26144
a       4      30       1634
a       4       3      26144
a       4       8      26144
a       5      17       1634
a       5       6      26144
a       5       9      26144
a       5       1      26144
a       6      28       1634
a       6       7      26144
a       6       5      26144
a       6      10      26144
a       6       2      26144
a       7      27       1634
a       7       8      26144
a       7       6      26144
a       7      11      26144
a       7       3      26144
a       8      24       1634
a       8       7      26144
a       8      12      26144
a       8       4      26144
a       9      31       1634
a       9      10      26144
a       9      13      26144
a       9       5      26144
a      10      22       1634
a      10      11      26144
a      10       9      26144
a      10      14      26144
a      10       6      26144
a      11      25       1634
a      11      12      26144
a      11      10      26144
a      11      15      26144
a      11       7      26144
a      12      29       1634
a      12      11      26144
a      12      16      26144
a      12       8      26144
a      13      19       1634
a      13      14      26144
a      13       9      26144
a      14      32       1634
a      14      15      26144
a      14      13      26144
a      14      10      26144
a      15      26       1634
a      15      16      26144
a      15      14      26144
a      15      11      26144
a      16      23       1634
a      16      15      26144
a      16      12      26144
a      17      35       1634
a      17      18      26144
a      17      21      26144
a      18      41       1634
a      18      19      26144
a      18      17      26144
a      18      22      26144
a      19      33       1634
a      19      20      26144
a      19      18      26144
a      19      23      26144
a      20      44       1634
a      20      19      26144
a      20      24      26144
a      21      40       1634
a      21      22      26144
a      21      25      26144
a      21      17      26144
a      22      46       1634
a      22      23      26144
a      22      21      26144
a      22      26      26144
a      22      18      26144
a      23      42       1634
a      23      24      26144
a      23      22      26144
a      23      27      26144
a      23      19      26144
a      24      38       1634
a      24      23      26144
a      24      28      26144
a      24      20      26144
a      25      34       1634
a      25      26      26144
a      25      29      26144
a      25      21      26144
a      26      43       1634
a      26      27      26144
a      26      25      26144
a      26      30      26144
a      26      22      26144
a      27      36       1634
a      27      28      26144
a      27      26      26144
a      27      31      26144
a      27      23      26144
a      28      37       1634
a      28      27      26144
a      28      32      26144
a      28      24      26144
a      29      45       1634
a      29      30      26144
a      29      25      26144
a      30      48       1634
a      30      31      26144
a      30      29      26144
a      30      26      26144
a      31      39       1634
a      31      32      26144
a      31      30      26144
a      31      27      26144
a      32      47       1634
a      32      31      26144
a      32      28      26144
a      33      54       1634
a      33      34      26144
a      33      37      26144
a      34      49       1634
a      34      35      26144
a      34      33      26144
a      34      38      26144
a      35      51       1634
a      35      36      26144
a      35      34      26144
a      35      39      26144
a      36      56       1634
a      36      35      26144
a      36      40      26144
a      37      62       1634
a      37      38      26144
a      37      41      26144
a      37      33      26144
a      38      55       1634
a      38      39      26144
a      38      37      26144
a      38      42      26144
a      38      34      26144
a      39      59       1634
a      39      40      26144
a      39      38      26144
a      39      43      26144
a      39      35      26144
a      40      58       1634
a      40      39      26144
a      40      44      26144
a      40      36      26144
a      41      64       1634
a      41      42      26144
a      41      45      26144
a      41      37      26144
a      42      53       1634
a      42      43      26144
a      42      41      26144
a      42      46      26144
a      42      38      26144
a      43      60       1634
a      43      44      26144
a      43      42      26144
a      43      47      26144
a      43      39      26144
a      44      63       1634
a      44      43      26144
a      44      48      26144
a      44      40      26144
a      45      57       1634
a      45      46      26144
a      45      41      26144
a      46      52       1634
a      46      47      26144
a      46      45      26144
a      46      42      26144
a      47      61       1634
a      47      48      26144
a      47      46      26144
a      47      43      26144
a      48      50       1634
a      48      47      26144
a      48      44      26144
a      49      71       1634
a      49      50      26144
a      49      53      26144
a      50      78       1634
a      50      51      26144
a      50      49      26144
a      50      54      26144
a      51      65       1634
a      51      52      26144
a      51      50      26144
a      51      55      26144
a      52      75       1634
a      52      51      26144
a      52      56      26144
a      53      73       1634
a      53      54      26144
a      53      57      26144
a      53      49      26144
a      54      68       1634
a      54      55      26144
a      54      53      26144
a      54      58      26144
a      54      50      26144
a      55      66       1634
a      55      56      26144
a      55      54      26144
a      55      59      26144
a      55      51      26144
a      56      67       1634
a      56      55      26144
a      56      60      26144
a      56      52      26144
a      57      79       1634
a      57      58      26144
a      57      61      26144
a      57      53      26144
a      58      77       1634
a      58      59      26144
a      58      57      26144
a      58      62      26144
a      58      54      26144
a      59      80       1634
a      59      60      26144
a      59      58      26144
a      59      63      26144
a      59      55      26144
a      60      76       1634
a      60      59      26144
a      60      64      26144
a      60      56      26144
a      61      74       1634
a      61      62      26144
a      61      57      26144
a      62      69       1634
a      62      63      26144
a      62      61      26144
a      62      58      26144
a      63      72       1634
a      63      64      26144
a      63      62      26144
a      63      59      26144
a      64      70       1634
a      64      63      26144
a      64      60      26144
a      65      82       1634
a      65      66      26144
a      65      69      26144
a      66      90       1634
a      66      67      26144
a      66      65      26144
a      66      70      26144
a      67      92       1634
a      67      68      26144
a      67      66      26144
a      67      71      26144
a      68      89       1634
a      68      67      26144
a      68      72      26144
a      69      84       1634
a      69      70      26144
a      69      73      26144
a      69      65      26144
a      70      83       1634
a      70      71      26144
a      70      69      26144
a      70      74      26144
a      70      66      26144
a      71      94       1634
a      71      72      26144
a      71      70      26144
a      71      75      26144
a      71      67      26144
a      72      81       1634
a      72      71      26144
a      72      76      26144
a      72      68      26144
a      73      86       1634
a      73      74      26144
a      73      77      26144
a      73      69      26144
a      74      88       1634
a      74      75      26144
a      74      73      26144
a      74      78      26144
a      74      70      26144
a      75      96       1634
a      75      76      26144
a      75      74      26144
a      75      79      26144
a      75      71      26144
a      76      87       1634
a      76      75      26144
a      76      80      26144
a      76      72      26144
a      77      93       1634
a      77      78      26144
a      77      73      26144
a      78      85       1634
a      78      79      26144
a      78      77      26144
a      78      74      26144
a      79      95       1634
a      79      80      26144
a      79      78      26144
a      79      75      26144
a      80      91       1634
a      80      79      26144
a      80      76      26144
a      81      99       1634
a      81      82      26144
a      81      85      26144
a      82     109       1634
a      82      83      26144
a      82      81      26144
a      82      86      26144
a      83     105       1634
a      83      84      26144
a      83      82      26144
a      83      87      26144
a      84     106       1634
a      84      83      26144
a      84      88      26144
a      85      98       1634
a      85      86      26144
a      85      89      26144
a      85      81      26144
a      86     107       1634
a      86      87      26144
a      86      85      26144
a      86      90      26144
a      86      82      26144
a      87     112       1634
a      87      88      26144
a      87      86      26144
a      87      91      26144
a      87      83      26144
a      88     102       1634
a      88      87      26144
a      88      92      26144
a      88      84      26144
a      89     101       1634
a      89      90      26144
a      89      93      26144
a      89      85      26144
a      90     103       1634
a      90      91      26144
a      90      89      26144
a      90      94      26144
a      90      86      26144
a      91     111       1634
a      91      92      26144
a      91      90      26144
a      91      95      26144
a      91      87      26144
a      92     110       1634
a      92      91      26144
a      92      96      26144
a      92      88      26144
a      93     104       1634
a      93      94      26144
a      93      89      26144
a      94     100       1634
a      94      95      26144
a      94      93      26144
a      94      90      26144
a      95      97       1634
a      95      96      26144
a      95      94      26144
a      95      91      26144
a      96     108       1634
a      96      95      26144
a      96      92      26144
a      97     127       1634
a      97      98      26144
a      97     101      26144
a      98     125       1634
a      98      99      26144
a      98      97      26144
a      98     102      26144
a      99     118       1634
a      99     100      26144
a      99      98      26144
a      99     103      26144
a     100     126       1634
a     100      99      26144
a     100     104      26144
a     101     119       1634
a     101     102      26144
a     101     105      26144
a     101      97      26144
a     102     120       1634
a     102     103      26144
a     102     101      26144
a     102     106      26144
a     102      98      26144
a     103     117       1634
a     103     104      26144
a     103     102      26144
a     103     107      26144
a     103      99      26144
a     104     113       1634
a     104     103      26144
a     104     108      26144
a     104     100      26144
a     105     128       1634
a     105     106      26144
a     105     109      26144
a     105     101      26144
a     106     116       1634
a     106     107      26144
a     106     105      26144
a     106     110      26144
a     106     102      26144
a     107     115       1634
a     107     108      26144
a     107     106      26144
a     107     111      26144
a     107     103      26144
a     108     121       1634
a     108     107      26144
a     108     112      26144
a     108     104      26144
a     109     123       1634
a     109     110      26144
a     109     105      26144
a     110     114       1634
a     110     111      26144
a     110     109      26144
a     110     106      26144
a     111     122       1634
a     111     112      26144
a     111     110      26144
a     111     107      26144
a     112     124       1634
a     112     111      26144
a     112     108      26144
a     113     139       1634
a     113     114      26144
a     113     117      26144
a     114     137       1634
a     114     115      26144
a     114     113      26144
a     114     118      26144
a     115     132       1634
a     115     116      26144
a     115     114      26144
a     115     119      26144
a     116     129       1634
a     116     115      26144
a     116     120      26144
a     117     130       1634
a     117     118      26144
a     117     121      26144
a     117     113      26144
a     118     142       1634
a     118     119      26144
a     118     117      26144
a     118     122      26144
a     118     114      26144
a     119     131       1634
a     119     120      26144
a     119     118      26144
a     119     123      26144
a     119     115      26144
a     120     144       1634
a     120     119      26144
a     120     124      26144
a     120     116      26144
a     121     134       1634
a     121     122      26144
a     121     125      26144
a     121     117      26144
a     122     140       1634
a     122     123      26144
a     122     121      26144
a     122     126      26144
a     122     118      26144
a     123     133       1634
a     123     124      26144
a     123     122      26144
a     123     127      26144
a     123     119      26144
a     124     138       1634
a     124     123      26144
a     124     128      26144
a     124     120      26144
a     125     141       1634
a     125     126      26144
a     125     121      26144
a     126     143       1634
a     126     127      26144
a     126     125      26144
a     126     122      26144
a     127     136       1634
a     127     128      26144
a     127     126      26144
a     127     123      26144
a     128     135       1634
a     128     127      26144
a     128     124      26144
a     129     148       1634
a     129     130      26144
a     129     133      26144
a     130     147       1634
a     130     131      26144
a     130     129      26144
a     130     134      26144
a     131     157       1634
a     131     132      26144
a     131     130      26144
a     131     135      26144
a     132     159       1634
a     132     131      26144
a     132     136      26144
a     133     156       1634
a     133     134      26144
a     133     137      26144
a     133     129      26144
a     134     155       1634
a     134     135      26144
a     134     133      26144
a     134     138      26144
a     134     130      26144
a     135     158       1634
a     135     136      26144
a     135     134      26144
a     135     139      26144
a     135     131      26144
a     136     152       1634
a     136     135      26144
a     136     140      26144
a     136     132      26144
a     137     153       1634
a     137     138      26144
a     137     141      26144
a     137     133      26144
a     138     154       1634
a     138     139      26144
a     138     137      26144
a     138     142      26144
a     138     134      26144
a     139     150       1634
a     139     140      26144
a     139     138      26144
a     139     143      26144
a     139     135      26144
a     140     151       1634
a     140     139      26144
a     140     144      26144
a     140     136      26144
a     141     145       1634
a     141     142      26144
a     141     137      26144
a     142     146       1634
a     142     143      26144
a     142     141      26144
a     142     138      26144
a     143     149       1634
a     143     144      26144
a     143     142      26144
a     143     139      26144
a     144     160       1634
a     144     143      26144
a     144     140      26144
a     145     161       1634
a     145     146      26144
a     145     149      26144
a     146     164       1634
a     146     147      26144
a     146     145      26144
a     146     150      26144
a     147     162       1634
a     147     148      26144
a     147     146      26144
a     147     151      26144
a     148     176       1634
a     148     147      26144
a     148     152      26144
a     149     169       1634
a     149     150      26144
a     149     153      26144
a     149     145      26144
a     150     170       1634
a     150     151      26144
a     150     149      26144
a     150     154      26144
a     150     146      26144
a     151     173       1634
a     151     152      26144
a     151     150      26144
a     151     155      26144
a     151     147      26144
a     152     174       1634
a     152     151      26144
a     152     156      26144
a     152     148      26144
a     153     163       1634
a     153     154      26144
a     153     157      26144
a     153     149      26144
a     154     172       1634
a     154     155      26144
a     154     153      26144
a     154     158      26144
a     154     150      26144
a     155     167       1634
a     155     156      26144
a     155     154      26144
a     155     159      26144
a     155     151      26144
a     156     165       1634
a     156     155      26144
a     156     160      26144
a     156     152      26144
a     157     168       1634
a     157     158      26144
a     157     153      26144
a     158     166       1634
a     158     159      26144
a     158     157      26144
a     158     154      26144
a     159     171       1634
a     159     160      26144
a     159     158      26144
a     159     155      26144
a     160     175       1634
a     160     159      26144
a     160     156      26144
a     161     185       1634
a     161     162      26144
a     161     165      26144
a     162     186       1634
a     162     163      26144
a     162     161      26144
a     162     166      26144
a     163     181       1634
a     163     164      26144
a     163     162      26144
a     163     167      26144
a     164     182       1634
a     164     163      26144
a     164     168      26144
a     165     188       1634
a     165     166      26144
a     165     169      26144
a     165     161      26144
a     166     179       1634
a     166     167      26144
a     166     165      26144
a     166     170      26144
a     166     162      26144
a     167     177       1634
a     167     168      26144
a     167     166      26144
a     167     171      26144
a     167     163      26144
a     168     192       1634
a     168     167      26144
a     168     172      26144
a     168     164      26144
a     169     180       1634
a     169     170      26144
a     169     173      26144
a     169     165      26144
a     170     183       1634
a     170     171      26144
a     170     169      26144
a     170     174      26144
a     170     166      26144
a     171     189       1634
a     171     172      26144
a     171     170      26144
a     171     175      26144
a     171     167      26144
a     172     187       1634
a     172     171      26144
a     172     176      26144
a     172     168      26144
a     173     178       1634
a     173     174      26144
a     173     169      26144
a     174     191       1634
a     174     175      26144
a     174     173      26144
a     174     170      26144
a     175     190       1634
a     175     176      26144
a     175     174      26144
a     175     171      26144
a     176     184       1634
a     176     175      26144
a     176     172      26144
a     177     198       1634
a     177     178      26144
a     177     181      26144
a     178     207       1634
a     178     179      26144
a     178     177      26144
a     178     182      26144
a     179     194       1634
a     179     180      26144
a     179     178      26144
a     179     183      26144
a     180     206       1634
a     180     179      26144
a     180     184      26144
a     181     199       1634
a     181     182      26144
a     181     185      26144
a     181     177      26144
a     182     201       1634
a     182     183      26144
a     182     181      26144
a     182     186      26144
a     182     178      26144
a     183     193       1634
a     183     184      26144
a     183     182      26144
a     183     187      26144
a     183     179      26144
a     184     203       1634
a     184     183      26144
a     184     188      26144
a     184     180      26144
a     185     204       1634
a     185     186      26144
a     185     189      26144
a     185     181      26144
a     186     200       1634
a     186     187      26144
a     186     185      26144
a     186     190      26144
a     186     182      26144
a     187     195       1634
a     187     188      26144
a     187     186      26144
a     187     191      26144
a     187     183      26144
a     188     208       1634
a     188     187      26144
a     188     192      26144
a     188     184      26144
a     189     202       1634
a     189     190      26144
a     189     185      26144
a     190     196       1634
a     190     191      26144
a     190     189      26144
a     190     186      26144
a     191     197       1634
a     191     192      26144
a     191     190      26144
a     191     187      26144
a     192     205       1634
a     192     191      26144
a     192     188      26144
a     193     220       1634
a     193     194      26144
a     193     197      26144
a     194     210       1634
a     194     195      26144
a     194     193      26144
a     194     198      26144
a     195     217       1634
a     195     196      26144
a     195     194      26144
a     195     199      26144
a     196     215       1634
a     196     195      26144
a     196     200      26144
a     197     214       1634
a     197     198      26144
a     197     201      26144
a     197     193      26144
a     198     216       1634
a     198     199      26144
a     198     197      26144
a     198     202      26144
a     198     194      26144
a     199     223       1634
a     199     200      26144
a     199     198      26144
a     199     203      26144
a     199     195      26144
a     200     218       1634
a     200     199      26144
a     200     204      26144
a     200     196      26144
a     201     211       1634
a     201     202      26144
a     201     205      26144
a     201     197      26144
a     202     219       1634
a     202     203      26144
a     202     201      26144
a     202     206      26144
a     202     198      26144
a     203     209       1634
a     203     204      26144
a     203     202      26144
a     203     207      26144
a     203     199      26144
a     204     224       1634
a     204     203      26144
a     204     208      26144
a     204     200      26144
a     205     221       1634
a     205     206      26144
a     205     201      26144
a     206     222       1634
a     206     207      26144
a     206     205      26144
a     206     202      26144
a     207     212       1634
a     207     208      26144
a     207     206      26144
a     207     203      26144
a     208     213       1634
a     208     207      26144
a     208     204      26144
a     209     226       1634
a     209     210      26144
a     209     213      26144
a     210     237       1634
a     210     211      26144
a     210     209      26144
a     210     214      26144
a     211     234       1634
a     211     212      26144
a     211     210      26144
a     211     215      26144
a     212     238       1634
a     212     211      26144
a     212     216      26144
a     213     228       1634
a     213     214      26144
a     213     217      26144
a     213     209      26144
a     214     230       1634
a     214     215      26144
a     214     213      26144
a     214     218      26144
a     214     210      26144
a     215     233       1634
a     215     216      26144
a     215     214      26144
a     215     219      26144
a     215     211      26144
a     216     236       1634
a     216     215      26144
a     216     220      26144
a     216     212      26144
a     217     232       1634
a     217     218      26144
a     217     221      26144
a     217     213      26144
a     218     239       1634
a     218     219      26144
a     218     217      26144
a     218     222      26144
a     218     214      26144
a     219     229       1634
a     219     220      26144
a     219     218      26144
a     219     223      26144
a     219     215      26144
a     220     227       1634
a     220     219      26144
a     220     224      26144
a     220     216      26144
a     221     235       1634
a     221     222      26144
a     221     217      26144
a     222     231       1634
a     222     223      26144
a     222     221      26144
a     222     218      26144
a     223     225       1634
a     223     224      26144
a     223     222      26144
a     223     219      26144
a     224     240       1634
a     224     223      26144
a     224     220      26144
a     225     255       1634
a     225     226      26144
a     225     229      26144
a     226     253       1634
a     226     227      26144
a     226     225      26144
a     226     230      26144
a     227     241       1634
a     227     228      26144
a     227     226      26144
a     227     231      26144
a     228     247       1634
a     228     227      26144
a     228     232      26144
a     229     256       1634
a     229     230      26144
a     229     233      26144
a     229     225      26144
a     230     243       1634
a     230     231      26144
a     230     229      26144
a     230     234      26144
a     230     226      26144
a     231     251       1634
a     231     232      26144
a     231     230      26144
a     231     235      26144
a     231     227      26144
a     232     246       1634
a     232     231      26144
a     232     236      26144
a     232     228      26144
a     233     254       1634
a     233     234      26144
a     233     237      26144
a     233     229      26144
a     234     252       1634
a     234     235      26144
a     234     233      26144
a     234     238      26144
a     234     230      26144
a     235     245       1634
a     235     236      26144
a     235     234      26144
a     235     239      26144
a     235     231      26144
a     236     248       1634
a     236     235      26144
a     236     240      26144
a     236     232      26144
a     237     244       1634
a     237     238      26144
a     237     233      26144
a     238     249       1634
a     238     239      26144
a     238     237      26144
a     238     234      26144
a     239     242       1634
a     239     240      26144
a     239     238      26144
a     239     235      26144
a     240     250       1634
a     240     239      26144
a     240     236      26144
a     241     272       1634
a     241     242      26144
a     241     245      26144
a     242     263       1634
a     242     243      26144
a     242     241      26144
a     242     246      26144
a     243     267       1634
a     243     244      26144
a     243     242      26144
a     243     247      26144
a     244     262       1634
a     244     243      26144
a     244     248      26144
a     245     270       1634
a     245     246      26144
a     245     249      26144
a     245     241      26144
a     246     268       1634
a     246     247      26144
a     246     245      26144
a     246     250      26144
a     246     242      26144
a     247     259       1634
a     247     248      26144
a     247     246      26144
a     247     251      26144
a     247     243      26144
a     248     265       1634
a     248     247      26144
a     248     252      26144
a     248     244      26144
a     249     260       1634
a     249     250      26144
a     249     253      26144
a     249     245      26144
a     250     264       1634
a     250     251      26144
a     250     249      26144
a     250     254      26144
a     250     246      26144
a     251     271       1634
a     251     252      26144
a     251     250      26144
a     251     255      26144
a     251     247      26144
a     252     269       1634
a     252     251      26144
a     252     256      26144
a     252     248      26144
a     253     261       1634
a     253     254      26144
a     253     249      26144
a     254     258       1634
a     254     255      26144
a     254     253      26144
a     254     250      26144
a     255     257       1634
a     255     256      26144
a     255     254      26144
a     255     251      26144
a     256     266       1634
a     256     255      26144
a     256     252      26144
a     257     274       1634
a     257     258      26144
a     257     261      26144
a     258     276       1634
a     258     259      26144
a     258     257      26144
a     258     262      26144
a     259     285       1634
a     259     260      26144
a     259     258      26144
a     259     263      26144
a     260     280       1634
a     260     259      26144
a     260     264      26144
a     261     273       1634
a     261     262      26144
a     261     265      26144
a     261     257      26144
a     262     277       1634
a     262     263      26144
a     262     261      26144
a     262     266      26144
a     262     258      26144
a     263     275       1634
a     263     264      26144
a     263     262      26144
a     263     267      26144
a     263     259      26144
a     264     282       1634
a     264     263      26144
a     264     268      26144
a     264     260      26144
a     265     278       1634
a     265     266      26144
a     265     269      26144
a     265     261      26144
a     266     283       1634
a     266     267      26144
a     266     265      26144
a     266     270      26144
a     266     262      26144
a     267     279       1634
a     267     268      26144
a     267     266      26144
a     267     271      26144
a     267     263      26144
a     268     281       1634
a     268     267      26144
a     268     272      26144
a     268     264      26144
a     269     286       1634
a     269     270      26144
a     269     265      26144
a     270     287       1634
a     270     271      26144
a     270     269      26144
a     270     266      26144
a     271     288       1634
a     271     272      26144
a     271     270      26144
a     271     267      26144
a     272     284       1634
a     272     271      26144
a     272     268      26144
a     273     292       1634
a     273     274      26144
a     273     277      26144
a     274     294       1634
a     274     275      26144
a     274     273      26144
a     274     278      26144
a     275     302       1634
a     275     276      26144
a     275     274      26144
a     275     279      26144
a     276     290       1634
a     276     275      26144
a     276     280      26144
a     277     297       1634
a     277     278      26144
a     277     281      26144
a     277     273      26144
a     278     289       1634
a     278     279      26144
a     278     277      26144
a     278     282      26144
a     278     274      26144
a     279     298       1634
a     279     280      26144
a     279     278      26144
a     279     283      26144
a     279     275      26144
a     280     291       1634
a     280     279      26144
a     280     284      26144
a     280     276      26144
a     281     299       1634
a     281     282      26144
a     281     285      26144
a     281     277      26144
a     282     295       1634
a     282     283      26144
a     282     281      26144
a     282     286      26144
a     282     278      26144
a     283     296       1634
a     283     284      26144
a     283     282      26144
a     283     287      26144
a     283     279      26144
a     284     303       1634
a     284     283      26144
a     284     288      26144
a     284     280      26144
a     285     300       1634
a     285     286      26144
a     285     281      26144
a     286     293       1634
a     286     287      26144
a     286     285      26144
a     286     282      26144
a     287     301       1634
a     287     288      26144
a     287     286      26144
a     287     283      26144
a     288     304       1634
a     288     287      26144
a     288     284      26144
a     289     313       1634
a     289     290      26144
a     289     293      26144
a     290     316       1634
a     290     291      26144
a     290     289      26144
a     290     294      26144
a     291     319       1634
a     291     292      26144
a     291     290      26144
a     291     295      26144
a     292     320       1634
a     292     291      26144
a     292     296      26144
a     293     309       1634
a     293     294      26144
a     293     297      26144
a     293     289      26144
a     294     318       1634
a     294     295      26144
a     294     293      26144
a     294     298      26144
a     294     290      26144
a     295     317       1634
a     295     296      26144
a     295     294      26144
a     295     299      26144
a     295     291      26144
a     296     312       1634
a     296     295      26144
a     296     300      26144
a     296     292      26144
a     297     307       1634
a     297     298      26144
a     297     301      26144
a     297     293      26144
a     298     310       1634
a     298     299      26144
a     298     297      26144
a     298     302      26144
a     298     294      26144
a     299     315       1634
a     299     300      26144
a     299     298      26144
a     299     303      26144
a     299     295      26144
a     300     306       1634
a     300     299      26144
a     300     304      26144
a     300     296      26144
a     301     308       1634
a     301     302      26144
a     301     297      26144
a     302     311       1634
a     302     303      26144
a     302     301      26144
a     302     298      26144
a     303     314       1634
a     303     304      26144
a     303     302      26144
a     303     299      26144
a     304     305       1634
a     304     303      26144
a     304     300      26144
a     305     336       1634
a     305     306      26144
a     305     309      26144
a     306     331       1634
a     306     307      26144
a     306     305      26144
a     306     310      26144
a     307     333       1634
a     307     308      26144
a     307     306      26144
a     307     311      26144
a     308     335       1634
a     308     307      26144
a     308     312      26144
a     309     326       1634
a     309     310      26144
a     309     313      26144
a     309     305      26144
a     310     330       1634
a     310     311      26144
a     310     309      26144
a     310     314      26144
a     310     306      26144
a     311     322       1634
a     311     312      26144
a     311     310      26144
a     311     315      26144
a     311     307      26144
a     312     332       1634
a     312     311      26144
a     312     316      26144
a     312     308      26144
a     313     324       1634
a     313     314      26144
a     313     317      26144
a     313     309      26144
a     314     323       1634
a     314     315      26144
a     314     313      26144
a     314     318      26144
a     314     310      26144
a     315     334       1634
a     315     316      26144
a     315     314      26144
a     315     319      26144
a     315     311      26144
a     316     329       1634
a     316     315      26144
a     316     320      26144
a     316     312      26144
a     317     327       1634
a     317     318      26144
a     317     313      26144
a     318     325       1634
a     318     319      26144
a     318     317      26144
a     318     314      26144
a     319     328       1634
a     319     320      26144
a     319     318      26144
a     319     315      26144
a     320     321       1634
a     320     319      26144
a     320     316      26144
a     321     322      26144
a     321     325      26144
a     322     323      26144
a     322     321      26144
a     322     326      26144
a     323     324      26144
a     323     322      26144
a     323     327      26144
a     324     323      26144
a     324     328      26144
a     325     326      26144
a     325     329      26144
a     325     321      26144
a     326     327      26144
a     326     325      26144
a     326     330      26144
a     326     322      26144
a     327     328      26144
a     327     326      26144
a     327     331      26144
a     327     323      26144
a     328     327      26144
a     328     332      26144
a     328     324      26144
a     329     330      26144
a     329     333      26144
a     329     325      26144
a     330     331      26144
a     330     329      26144
a     330     334      26144
a     330     326      26144
a     331     332      26144
a     331     330      26144
a     331     335      26144
a     331     327      26144
a     332     331      26144
a     332     336      26144
a     332     328      26144
a     333     334      26144
a     333     329      26144
a     334     335      26144
a     334     333      26144
a     334     330      26144
a     335     336      26144
a     335     334      26144
a     335     331      26144
a     336     335      26144
a     336     332      26144
