c This file was generated by genrmf.
c The parameters are: a: 8 b: 8 c1: 370 c2: 740 seed: 1666103673
p max     512       2240
n       1 s
n     512 t
a       1      71        406
a       1       2      47360
a       1       9      47360
a       2      77        517
a       2       3      47360
a       2       1      47360
a       2      10      47360
a       3      76        418
a       3       4      47360
a       3       2      47360
a       3      11      47360
a       4     117        424
a       4       5      47360
a       4       3      47360
a       4      12      47360
a       5     116        700
a       5       6      47360
a       5       4      47360
a       5      13      47360
a       6     106        483
a       6       7      47360
a       6       5      47360
a       6      14      47360
a       7      98        486
a       7       8      47360
a       7       6      47360
a       7      15      47360
a       8      73        636
a       8       7      47360
a       8      16      47360
a       9     118        499
a       9      10      47360
a       9      17      47360
a       9       1      47360
a      10      92        626
a      10      11      47360
a      10       9      47360
a      10      18      47360
a      10       2      47360
a      11      72        725
a      11      12      47360
a      11      10      47360
a      11      19      47360
a      11       3      47360
a      12      95        667
a      12      13      47360
a      12      11      47360
a      12      20      47360
a      12       4      47360
a      13      74        581
a      13      14      47360
a      13      12      47360
a      13      21      47360
a      13       5      47360
a      14     119        733
a      14      15      47360
a      14      13      47360
a      14      22      47360
a      14       6      47360
a      15     122        385
a      15      16      47360
a      15      14      47360
a      15      23      47360
a      15       7      47360
a      16      81        733
a      16      15      47360
a      16      24      47360
a      16       8      47360
a      17      67        394
a      17      18      47360
a      17      25      47360
a      17       9      47360
a      18     124        643
a      18      19      47360
a      18      17      47360
a      18      26      47360
a      18      10      47360
a      19     105        584
a      19      20      47360
a      19      18      47360
a      19      27      47360
a      19      11      47360
a      20      66        737
a      20      21      47360
a      20      19      47360
a      20      28      47360
a      20      12      47360
a      21      90        398
a      21      22      47360
a      21      20      47360
a      21      29      47360
a      21      13      47360
a      22     109        603
a      22      23      47360
a      22      21      47360
a      22      30      47360
a      22      14      47360
a      23     107        613
a      23      24      47360
a      23      22      47360
a      23      31      47360
a      23      15      47360
a      24      84        711
a      24      23      47360
a      24      32      47360
a      24      16      47360
a      25     128        714
a      25      26      47360
a      25      33      47360
a      25      17      47360
a      26     115        665
a      26      27      47360
a      26      25      47360
a      26      34      47360
a      26      18      47360
a      27      70        493
a      27      28      47360
a      27      26      47360
a      27      35      47360
a      27      19      47360
a      28      97        409
a      28      29      47360
a      28      27      47360
a      28      36      47360
a      28      20      47360
a      29      78        415
a      29      30      47360
a      29      28      47360
a      29      37      47360
a      29      21      47360
a      30     100        605
a      30      31      47360
a      30      29      47360
a      30      38      47360
a      30      22      47360
a      31      83        496
a      31      32      47360
a      31      30      47360
a      31      39      47360
a      31      23      47360
a      32      79        464
a      32      31      47360
a      32      40      47360
a      32      24      47360
a      33      69        436
a      33      34      47360
a      33      41      47360
a      33      25      47360
a      34     103        474
a      34      35      47360
a      34      33      47360
a      34      42      47360
a      34      26      47360
a      35      80        642
a      35      36      47360
a      35      34      47360
a      35      43      47360
a      35      27      47360
a      36      86        648
a      36      37      47360
a      36      35      47360
a      36      44      47360
a      36      28      47360
a      37     102        738
a      37      38      47360
a      37      36      47360
a      37      45      47360
a      37      29      47360
a      38     125        584
a      38      39      47360
a      38      37      47360
a      38      46      47360
a      38      30      47360
a      39     111        547
a      39      40      47360
a      39      38      47360
a      39      47      47360
a      39      31      47360
a      40      68        671
a      40      39      47360
a      40      48      47360
a      40      32      47360
a      41      82        468
a      41      42      47360
a      41      49      47360
a      41      33      47360
a      42      91        388
a      42      43      47360
a      42      41      47360
a      42      50      47360
a      42      34      47360
a      43     123        457
a      43      44      47360
a      43      42      47360
a      43      51      47360
a      43      35      47360
a      44     121        554
a      44      45      47360
a      44      43      47360
a      44      52      47360
a      44      36      47360
a      45     110        701
a      45      46      47360
a      45      44      47360
a      45      53      47360
a      45      37      47360
a      46      87        589
a      46      47      47360
a      46      45      47360
a      46      54      47360
a      46      38      47360
a      47     104        528
a      47      48      47360
a      47      46      47360
a      47      55      47360
a      47      39      47360
a      48      89        451
a      48      47      47360
a      48      56      47360
a      48      40      47360
a      49      75        466
a      49      50      47360
a      49      57      47360
a      49      41      47360
a      50     120        584
a      50      51      47360
a      50      49      47360
a      50      58      47360
a      50      42      47360
a      51     113        720
a      51      52      47360
a      51      50      47360
a      51      59      47360
a      51      43      47360
a      52      85        503
a      52      53      47360
a      52      51      47360
a      52      60      47360
a      52      44      47360
a      53     108        540
a      53      54      47360
a      53      52      47360
a      53      61      47360
a      53      45      47360
a      54      96        725
a      54      55      47360
a      54      53      47360
a      54      62      47360
a      54      46      47360
a      55     112        555
a      55      56      47360
a      55      54      47360
a      55      63      47360
a      55      47      47360
a      56     126        677
a      56      55      47360
a      56      64      47360
a      56      48      47360
a      57     101        658
a      57      58      47360
a      57      49      47360
a      58      88        593
a      58      59      47360
a      58      57      47360
a      58      50      47360
a      59     127        735
a      59      60      47360
a      59      58      47360
a      59      51      47360
a      60      94        515
a      60      61      47360
a      60      59      47360
a      60      52      47360
a      61     114        717
a      61      62      47360
a      61      60      47360
a      61      53      47360
a      62      65        525
a      62      63      47360
a      62      61      47360
a      62      54      47360
a      63      99        650
a      63      64      47360
a      63      62      47360
a      63      55      47360
a      64      93        612
a      64      63      47360
a      64      56      47360
a      65     162        552
a      65      66      47360
a      65      73      47360
a      66     159        637
a      66      67      47360
a      66      65      47360
a      66      74      47360
a      67     145        447
a      67      68      47360
a      67      66      47360
a      67      75      47360
a      68     151        695
a      68      69      47360
a      68      67      47360
a      68      76      47360
a      69     144        382
a      69      70      47360
a      69      68      47360
a      69      77      47360
a      70     152        612
a      70      71      47360
a      70      69      47360
a      70      78      47360
a      71     149        425
a      71      72      47360
a      71      70      47360
a      71      79      47360
a      72     136        639
a      72      71      47360
a      72      80      47360
a      73     142        383
a      73      74      47360
a      73      81      47360
a      73      65      47360
a      74     187        425
a      74      75      47360
a      74      73      47360
a      74      82      47360
a      74      66      47360
a      75     192        435
a      75      76      47360
a      75      74      47360
a      75      83      47360
a      75      67      47360
a      76     153        633
a      76      77      47360
a      76      75      47360
a      76      84      47360
a      76      68      47360
a      77     177        382
a      77      78      47360
a      77      76      47360
a      77      85      47360
a      77      69      47360
a      78     174        596
a      78      79      47360
a      78      77      47360
a      78      86      47360
a      78      70      47360
a      79     135        455
a      79      80      47360
a      79      78      47360
a      79      87      47360
a      79      71      47360
a      80     182        654
a      80      79      47360
a      80      88      47360
a      80      72      47360
a      81     172        438
a      81      82      47360
a      81      89      47360
a      81      73      47360
a      82     137        410
a      82      83      47360
a      82      81      47360
a      82      90      47360
a      82      74      47360
a      83     185        379
a      83      84      47360
a      83      82      47360
a      83      91      47360
a      83      75      47360
a      84     168        591
a      84      85      47360
a      84      83      47360
a      84      92      47360
a      84      76      47360
a      85     134        589
a      85      86      47360
a      85      84      47360
a      85      93      47360
a      85      77      47360
a      86     129        448
a      86      87      47360
a      86      85      47360
a      86      94      47360
a      86      78      47360
a      87     132        695
a      87      88      47360
a      87      86      47360
a      87      95      47360
a      87      79      47360
a      88     133        709
a      88      87      47360
a      88      96      47360
a      88      80      47360
a      89     157        547
a      89      90      47360
a      89      97      47360
a      89      81      47360
a      90     166        403
a      90      91      47360
a      90      89      47360
a      90      98      47360
a      90      82      47360
a      91     179        419
a      91      92      47360
a      91      90      47360
a      91      99      47360
a      91      83      47360
a      92     155        667
a      92      93      47360
a      92      91      47360
a      92     100      47360
a      92      84      47360
a      93     161        626
a      93      94      47360
a      93      92      47360
a      93     101      47360
a      93      85      47360
a      94     165        575
a      94      95      47360
a      94      93      47360
a      94     102      47360
a      94      86      47360
a      95     167        492
a      95      96      47360
a      95      94      47360
a      95     103      47360
a      95      87      47360
a      96     176        662
a      96      95      47360
a      96     104      47360
a      96      88      47360
a      97     154        456
a      97      98      47360
a      97     105      47360
a      97      89      47360
a      98     163        524
a      98      99      47360
a      98      97      47360
a      98     106      47360
a      98      90      47360
a      99     130        449
a      99     100      47360
a      99      98      47360
a      99     107      47360
a      99      91      47360
a     100     175        442
a     100     101      47360
a     100      99      47360
a     100     108      47360
a     100      92      47360
a     101     164        718
a     101     102      47360
a     101     100      47360
a     101     109      47360
a     101      93      47360
a     102     181        390
a     102     103      47360
a     102     101      47360
a     102     110      47360
a     102      94      47360
a     103     158        653
a     103     104      47360
a     103     102      47360
a     103     111      47360
a     103      95      47360
a     104     148        645
a     104     103      47360
a     104     112      47360
a     104      96      47360
a     105     170        553
a     105     106      47360
a     105     113      47360
a     105      97      47360
a     106     171        733
a     106     107      47360
a     106     105      47360
a     106     114      47360
a     106      98      47360
a     107     147        472
a     107     108      47360
a     107     106      47360
a     107     115      47360
a     107      99      47360
a     108     173        551
a     108     109      47360
a     108     107      47360
a     108     116      47360
a     108     100      47360
a     109     184        407
a     109     110      47360
a     109     108      47360
a     109     117      47360
a     109     101      47360
a     110     190        601
a     110     111      47360
a     110     109      47360
a     110     118      47360
a     110     102      47360
a     111     156        511
a     111     112      47360
a     111     110      47360
a     111     119      47360
a     111     103      47360
a     112     189        651
a     112     111      47360
a     112     120      47360
a     112     104      47360
a     113     191        677
a     113     114      47360
a     113     121      47360
a     113     105      47360
a     114     160        587
a     114     115      47360
a     114     113      47360
a     114     122      47360
a     114     106      47360
a     115     143        526
a     115     116      47360
a     115     114      47360
a     115     123      47360
a     115     107      47360
a     116     140        645
a     116     117      47360
a     116     115      47360
a     116     124      47360
a     116     108      47360
a     117     180        494
a     117     118      47360
a     117     116      47360
a     117     125      47360
a     117     109      47360
a     118     138        413
a     118     119      47360
a     118     117      47360
a     118     126      47360
a     118     110      47360
a     119     186        564
a     119     120      47360
a     119     118      47360
a     119     127      47360
a     119     111      47360
a     120     139        377
a     120     119      47360
a     120     128      47360
a     120     112      47360
a     121     188        637
a     121     122      47360
a     121     113      47360
a     122     169        528
a     122     123      47360
a     122     121      47360
a     122     114      47360
a     123     178        420
a     123     124      47360
a     123     122      47360
a     123     115      47360
a     124     131        503
a     124     125      47360
a     124     123      47360
a     124     116      47360
a     125     141        657
a     125     126      47360
a     125     124      47360
a     125     117      47360
a     126     150        666
a     126     127      47360
a     126     125      47360
a     126     118      47360
a     127     183        536
a     127     128      47360
a     127     126      47360
a     127     119      47360
a     128     146        615
a     128     127      47360
a     128     120      47360
a     129     211        647
a     129     130      47360
a     129     137      47360
a     130     202        415
a     130     131      47360
a     130     129      47360
a     130     138      47360
a     131     234        441
a     131     132      47360
a     131     130      47360
a     131     139      47360
a     132     197        417
a     132     133      47360
a     132     131      47360
a     132     140      47360
a     133     243        592
a     133     134      47360
a     133     132      47360
a     133     141      47360
a     134     233        569
a     134     135      47360
a     134     133      47360
a     134     142      47360
a     135     219        645
a     135     136      47360
a     135     134      47360
a     135     143      47360
a     136     210        609
a     136     135      47360
a     136     144      47360
a     137     253        436
a     137     138      47360
a     137     145      47360
a     137     129      47360
a     138     217        738
a     138     139      47360
a     138     137      47360
a     138     146      47360
a     138     130      47360
a     139     224        467
a     139     140      47360
a     139     138      47360
a     139     147      47360
a     139     131      47360
a     140     193        480
a     140     141      47360
a     140     139      47360
a     140     148      47360
a     140     132      47360
a     141     198        649
a     141     142      47360
a     141     140      47360
a     141     149      47360
a     141     133      47360
a     142     229        583
a     142     143      47360
a     142     141      47360
a     142     150      47360
a     142     134      47360
a     143     196        589
a     143     144      47360
a     143     142      47360
a     143     151      47360
a     143     135      47360
a     144     227        504
a     144     143      47360
a     144     152      47360
a     144     136      47360
a     145     247        395
a     145     146      47360
a     145     153      47360
a     145     137      47360
a     146     239        580
a     146     147      47360
a     146     145      47360
a     146     154      47360
a     146     138      47360
a     147     252        403
a     147     148      47360
a     147     146      47360
a     147     155      47360
a     147     139      47360
a     148     238        651
a     148     149      47360
a     148     147      47360
a     148     156      47360
a     148     140      47360
a     149     248        681
a     149     150      47360
a     149     148      47360
a     149     157      47360
a     149     141      47360
a     150     218        666
a     150     151      47360
a     150     149      47360
a     150     158      47360
a     150     142      47360
a     151     237        528
a     151     152      47360
a     151     150      47360
a     151     159      47360
a     151     143      47360
a     152     256        560
a     152     151      47360
a     152     160      47360
a     152     144      47360
a     153     215        452
a     153     154      47360
a     153     161      47360
a     153     145      47360
a     154     249        682
a     154     155      47360
a     154     153      47360
a     154     162      47360
a     154     146      47360
a     155     203        644
a     155     156      47360
a     155     154      47360
a     155     163      47360
a     155     147      47360
a     156     230        697
a     156     157      47360
a     156     155      47360
a     156     164      47360
a     156     148      47360
a     157     214        539
a     157     158      47360
a     157     156      47360
a     157     165      47360
a     157     149      47360
a     158     209        687
a     158     159      47360
a     158     157      47360
a     158     166      47360
a     158     150      47360
a     159     199        403
a     159     160      47360
a     159     158      47360
a     159     167      47360
a     159     151      47360
a     160     213        553
a     160     159      47360
a     160     168      47360
a     160     152      47360
a     161     223        443
a     161     162      47360
a     161     169      47360
a     161     153      47360
a     162     244        713
a     162     163      47360
a     162     161      47360
a     162     170      47360
a     162     154      47360
a     163     255        656
a     163     164      47360
a     163     162      47360
a     163     171      47360
a     163     155      47360
a     164     231        377
a     164     165      47360
a     164     163      47360
a     164     172      47360
a     164     156      47360
a     165     250        492
a     165     166      47360
a     165     164      47360
a     165     173      47360
a     165     157      47360
a     166     194        709
a     166     167      47360
a     166     165      47360
a     166     174      47360
a     166     158      47360
a     167     246        676
a     167     168      47360
a     167     166      47360
a     167     175      47360
a     167     159      47360
a     168     207        375
a     168     167      47360
a     168     176      47360
a     168     160      47360
a     169     221        555
a     169     170      47360
a     169     177      47360
a     169     161      47360
a     170     195        532
a     170     171      47360
a     170     169      47360
a     170     178      47360
a     170     162      47360
a     171     225        552
a     171     172      47360
a     171     170      47360
a     171     179      47360
a     171     163      47360
a     172     241        696
a     172     173      47360
a     172     171      47360
a     172     180      47360
a     172     164      47360
a     173     222        452
a     173     174      47360
a     173     172      47360
a     173     181      47360
a     173     165      47360
a     174     236        459
a     174     175      47360
a     174     173      47360
a     174     182      47360
a     174     166      47360
a     175     242        645
a     175     176      47360
a     175     174      47360
a     175     183      47360
a     175     167      47360
a     176     251        498
a     176     175      47360
a     176     184      47360
a     176     168      47360
a     177     216        696
a     177     178      47360
a     177     185      47360
a     177     169      47360
a     178     204        519
a     178     179      47360
a     178     177      47360
a     178     186      47360
a     178     170      47360
a     179     240        668
a     179     180      47360
a     179     178      47360
a     179     187      47360
a     179     171      47360
a     180     254        700
a     180     181      47360
a     180     179      47360
a     180     188      47360
a     180     172      47360
a     181     205        622
a     181     182      47360
a     181     180      47360
a     181     189      47360
a     181     173      47360
a     182     200        651
a     182     183      47360
a     182     181      47360
a     182     190      47360
a     182     174      47360
a     183     206        371
a     183     184      47360
a     183     182      47360
a     183     191      47360
a     183     175      47360
a     184     212        556
a     184     183      47360
a     184     192      47360
a     184     176      47360
a     185     220        416
a     185     186      47360
a     185     177      47360
a     186     208        451
a     186     187      47360
a     186     185      47360
a     186     178      47360
a     187     226        426
a     187     188      47360
a     187     186      47360
a     187     179      47360
a     188     228        519
a     188     189      47360
a     188     187      47360
a     188     180      47360
a     189     245        510
a     189     190      47360
a     189     188      47360
a     189     181      47360
a     190     232        505
a     190     191      47360
a     190     189      47360
a     190     182      47360
a     191     201        584
a     191     192      47360
a     191     190      47360
a     191     183      47360
a     192     235        500
a     192     191      47360
a     192     184      47360
a     193     308        391
a     193     194      47360
a     193     201      47360
a     194     320        586
a     194     195      47360
a     194     193      47360
a     194     202      47360
a     195     261        674
a     195     196      47360
a     195     194      47360
a     195     203      47360
a     196     280        677
a     196     197      47360
a     196     195      47360
a     196     204      47360
a     197     269        606
a     197     198      47360
a     197     196      47360
a     197     205      47360
a     198     306        650
a     198     199      47360
a     198     197      47360
a     198     206      47360
a     199     302        573
a     199     200      47360
a     199     198      47360
a     199     207      47360
a     200     293        654
a     200     199      47360
a     200     208      47360
a     201     300        589
a     201     202      47360
a     201     209      47360
a     201     193      47360
a     202     277        658
a     202     203      47360
a     202     201      47360
a     202     210      47360
a     202     194      47360
a     203     298        692
a     203     204      47360
a     203     202      47360
a     203     211      47360
a     203     195      47360
a     204     292        426
a     204     205      47360
a     204     203      47360
a     204     212      47360
a     204     196      47360
a     205     278        428
a     205     206      47360
a     205     204      47360
a     205     213      47360
a     205     197      47360
a     206     315        673
a     206     207      47360
a     206     205      47360
a     206     214      47360
a     206     198      47360
a     207     283        648
a     207     208      47360
a     207     206      47360
a     207     215      47360
a     207     199      47360
a     208     276        414
a     208     207      47360
a     208     216      47360
a     208     200      47360
a     209     310        512
a     209     210      47360
a     209     217      47360
a     209     201      47360
a     210     305        587
a     210     211      47360
a     210     209      47360
a     210     218      47360
a     210     202      47360
a     211     316        582
a     211     212      47360
a     211     210      47360
a     211     219      47360
a     211     203      47360
a     212     286        635
a     212     213      47360
a     212     211      47360
a     212     220      47360
a     212     204      47360
a     213     282        695
a     213     214      47360
a     213     212      47360
a     213     221      47360
a     213     205      47360
a     214     312        473
a     214     215      47360
a     214     213      47360
a     214     222      47360
a     214     206      47360
a     215     267        419
a     215     216      47360
a     215     214      47360
a     215     223      47360
a     215     207      47360
a     216     291        501
a     216     215      47360
a     216     224      47360
a     216     208      47360
a     217     285        508
a     217     218      47360
a     217     225      47360
a     217     209      47360
a     218     266        504
a     218     219      47360
a     218     217      47360
a     218     226      47360
a     218     210      47360
a     219     257        534
a     219     220      47360
a     219     218      47360
a     219     227      47360
a     219     211      47360
a     220     290        491
a     220     221      47360
a     220     219      47360
a     220     228      47360
a     220     212      47360
a     221     275        641
a     221     222      47360
a     221     220      47360
a     221     229      47360
a     221     213      47360
a     222     268        568
a     222     223      47360
a     222     221      47360
a     222     230      47360
a     222     214      47360
a     223     294        490
a     223     224      47360
a     223     222      47360
a     223     231      47360
a     223     215      47360
a     224     297        518
a     224     223      47360
a     224     232      47360
a     224     216      47360
a     225     299        520
a     225     226      47360
a     225     233      47360
a     225     217      47360
a     226     264        456
a     226     227      47360
a     226     225      47360
a     226     234      47360
a     226     218      47360
a     227     319        586
a     227     228      47360
a     227     226      47360
a     227     235      47360
a     227     219      47360
a     228     314        552
a     228     229      47360
a     228     227      47360
a     228     236      47360
a     228     220      47360
a     229     301        515
a     229     230      47360
a     229     228      47360
a     229     237      47360
a     229     221      47360
a     230     272        689
a     230     231      47360
a     230     229      47360
a     230     238      47360
a     230     222      47360
a     231     317        541
a     231     232      47360
a     231     230      47360
a     231     239      47360
a     231     223      47360
a     232     311        409
a     232     231      47360
a     232     240      47360
a     232     224      47360
a     233     270        492
a     233     234      47360
a     233     241      47360
a     233     225      47360
a     234     295        473
a     234     235      47360
a     234     233      47360
a     234     242      47360
a     234     226      47360
a     235     296        464
a     235     236      47360
a     235     234      47360
a     235     243      47360
a     235     227      47360
a     236     313        565
a     236     237      47360
a     236     235      47360
a     236     244      47360
a     236     228      47360
a     237     260        647
a     237     238      47360
a     237     236      47360
a     237     245      47360
a     237     229      47360
a     238     279        439
a     238     239      47360
a     238     237      47360
a     238     246      47360
a     238     230      47360
a     239     303        414
a     239     240      47360
a     239     238      47360
a     239     247      47360
a     239     231      47360
a     240     271        557
a     240     239      47360
a     240     248      47360
a     240     232      47360
a     241     287        646
a     241     242      47360
a     241     249      47360
a     241     233      47360
a     242     288        578
a     242     243      47360
a     242     241      47360
a     242     250      47360
a     242     234      47360
a     243     289        643
a     243     244      47360
a     243     242      47360
a     243     251      47360
a     243     235      47360
a     244     265        593
a     244     245      47360
a     244     243      47360
a     244     252      47360
a     244     236      47360
a     245     281        687
a     245     246      47360
a     245     244      47360
a     245     253      47360
a     245     237      47360
a     246     259        565
a     246     247      47360
a     246     245      47360
a     246     254      47360
a     246     238      47360
a     247     274        630
a     247     248      47360
a     247     246      47360
a     247     255      47360
a     247     239      47360
a     248     273        560
a     248     247      47360
a     248     256      47360
a     248     240      47360
a     249     318        683
a     249     250      47360
a     249     241      47360
a     250     307        625
a     250     251      47360
a     250     249      47360
a     250     242      47360
a     251     304        394
a     251     252      47360
a     251     250      47360
a     251     243      47360
a     252     284        737
a     252     253      47360
a     252     251      47360
a     252     244      47360
a     253     263        459
a     253     254      47360
a     253     252      47360
a     253     245      47360
a     254     258        504
a     254     255      47360
a     254     253      47360
a     254     246      47360
a     255     262        488
a     255     256      47360
a     255     254      47360
a     255     247      47360
a     256     309        717
a     256     255      47360
a     256     248      47360
a     257     367        445
a     257     258      47360
a     257     265      47360
a     258     338        504
a     258     259      47360
a     258     257      47360
a     258     266      47360
a     259     372        465
a     259     260      47360
a     259     258      47360
a     259     267      47360
a     260     328        738
a     260     261      47360
a     260     259      47360
a     260     268      47360
a     261     374        590
a     261     262      47360
a     261     260      47360
a     261     269      47360
a     262     351        560
a     262     263      47360
a     262     261      47360
a     262     270      47360
a     263     383        576
a     263     264      47360
a     263     262      47360
a     263     271      47360
a     264     350        495
a     264     263      47360
a     264     272      47360
a     265     361        462
a     265     266      47360
a     265     273      47360
a     265     257      47360
a     266     357        552
a     266     267      47360
a     266     265      47360
a     266     274      47360
a     266     258      47360
a     267     368        627
a     267     268      47360
a     267     266      47360
a     267     275      47360
a     267     259      47360
a     268     375        740
a     268     269      47360
a     268     267      47360
a     268     276      47360
a     268     260      47360
a     269     362        603
a     269     270      47360
a     269     268      47360
a     269     277      47360
a     269     261      47360
a     270     359        486
a     270     271      47360
a     270     269      47360
a     270     278      47360
a     270     262      47360
a     271     349        657
a     271     272      47360
a     271     270      47360
a     271     279      47360
a     271     263      47360
a     272     358        392
a     272     271      47360
a     272     280      47360
a     272     264      47360
a     273     324        718
a     273     274      47360
a     273     281      47360
a     273     265      47360
a     274     363        395
a     274     275      47360
a     274     273      47360
a     274     282      47360
a     274     266      47360
a     275     323        445
a     275     276      47360
a     275     274      47360
a     275     283      47360
a     275     267      47360
a     276     331        613
a     276     277      47360
a     276     275      47360
a     276     284      47360
a     276     268      47360
a     277     360        479
a     277     278      47360
a     277     276      47360
a     277     285      47360
a     277     269      47360
a     278     380        457
a     278     279      47360
a     278     277      47360
a     278     286      47360
a     278     270      47360
a     279     356        550
a     279     280      47360
a     279     278      47360
a     279     287      47360
a     279     271      47360
a     280     370        701
a     280     279      47360
a     280     288      47360
a     280     272      47360
a     281     335        575
a     281     282      47360
a     281     289      47360
a     281     273      47360
a     282     364        525
a     282     283      47360
a     282     281      47360
a     282     290      47360
a     282     274      47360
a     283     332        592
a     283     284      47360
a     283     282      47360
a     283     291      47360
a     283     275      47360
a     284     344        540
a     284     285      47360
a     284     283      47360
a     284     292      47360
a     284     276      47360
a     285     378        638
a     285     286      47360
a     285     284      47360
a     285     293      47360
a     285     277      47360
a     286     340        393
a     286     287      47360
a     286     285      47360
a     286     294      47360
a     286     278      47360
a     287     347        517
a     287     288      47360
a     287     286      47360
a     287     295      47360
a     287     279      47360
a     288     322        372
a     288     287      47360
a     288     296      47360
a     288     280      47360
a     289     369        527
a     289     290      47360
a     289     297      47360
a     289     281      47360
a     290     345        427
a     290     291      47360
a     290     289      47360
a     290     298      47360
a     290     282      47360
a     291     376        495
a     291     292      47360
a     291     290      47360
a     291     299      47360
a     291     283      47360
a     292     366        661
a     292     293      47360
a     292     291      47360
a     292     300      47360
a     292     284      47360
a     293     334        591
a     293     294      47360
a     293     292      47360
a     293     301      47360
a     293     285      47360
a     294     326        662
a     294     295      47360
a     294     293      47360
a     294     302      47360
a     294     286      47360
a     295     354        452
a     295     296      47360
a     295     294      47360
a     295     303      47360
a     295     287      47360
a     296     348        661
a     296     295      47360
a     296     304      47360
a     296     288      47360
a     297     384        694
a     297     298      47360
a     297     305      47360
a     297     289      47360
a     298     377        561
a     298     299      47360
a     298     297      47360
a     298     306      47360
a     298     290      47360
a     299     330        648
a     299     300      47360
a     299     298      47360
a     299     307      47360
a     299     291      47360
a     300     325        468
a     300     301      47360
a     300     299      47360
a     300     308      47360
a     300     292      47360
a     301     382        565
a     301     302      47360
a     301     300      47360
a     301     309      47360
a     301     293      47360
a     302     339        718
a     302     303      47360
a     302     301      47360
a     302     310      47360
a     302     294      47360
a     303     321        550
a     303     304      47360
a     303     302      47360
a     303     311      47360
a     303     295      47360
a     304     371        515
a     304     303      47360
a     304     312      47360
a     304     296      47360
a     305     329        678
a     305     306      47360
a     305     313      47360
a     305     297      47360
a     306     381        722
a     306     307      47360
a     306     305      47360
a     306     314      47360
a     306     298      47360
a     307     343        419
a     307     308      47360
a     307     306      47360
a     307     315      47360
a     307     299      47360
a     308     346        569
a     308     309      47360
a     308     307      47360
a     308     316      47360
a     308     300      47360
a     309     327        697
a     309     310      47360
a     309     308      47360
a     309     317      47360
a     309     301      47360
a     310     373        395
a     310     311      47360
a     310     309      47360
a     310     318      47360
a     310     302      47360
a     311     355        404
a     311     312      47360
a     311     310      47360
a     311     319      47360
a     311     303      47360
a     312     352        576
a     312     311      47360
a     312     320      47360
a     312     304      47360
a     313     336        639
a     313     314      47360
a     313     305      47360
a     314     341        457
a     314     315      47360
a     314     313      47360
a     314     306      47360
a     315     379        607
a     315     316      47360
a     315     314      47360
a     315     307      47360
a     316     365        712
a     316     317      47360
a     316     315      47360
a     316     308      47360
a     317     337        470
a     317     318      47360
a     317     316      47360
a     317     309      47360
a     318     353        522
a     318     319      47360
a     318     317      47360
a     318     310      47360
a     319     333        534
a     319     320      47360
a     319     318      47360
a     319     311      47360
a     320     342        658
a     320     319      47360
a     320     312      47360
a     321     391        482
a     321     322      47360
a     321     329      47360
a     322     419        423
a     322     323      47360
a     322     321      47360
a     322     330      47360
a     323     403        501
a     323     324      47360
a     323     322      47360
a     323     331      47360
a     324     440        420
a     324     325      47360
a     324     323      47360
a     324     332      47360
a     325     406        600
a     325     326      47360
a     325     324      47360
a     325     333      47360
a     326     400        606
a     326     327      47360
a     326     325      47360
a     326     334      47360
a     327     415        641
a     327     328      47360
a     327     326      47360
a     327     335      47360
a     328     425        646
a     328     327      47360
a     328     336      47360
a     329     417        635
a     329     330      47360
a     329     337      47360
a     329     321      47360
a     330     441        622
a     330     331      47360
a     330     329      47360
a     330     338      47360
a     330     322      47360
a     331     422        727
a     331     332      47360
a     331     330      47360
a     331     339      47360
a     331     323      47360
a     332     396        536
a     332     333      47360
a     332     331      47360
a     332     340      47360
a     332     324      47360
a     333     416        526
a     333     334      47360
a     333     332      47360
a     333     341      47360
a     333     325      47360
a     334     439        507
a     334     335      47360
a     334     333      47360
a     334     342      47360
a     334     326      47360
a     335     398        620
a     335     336      47360
a     335     334      47360
a     335     343      47360
a     335     327      47360
a     336     394        532
a     336     335      47360
a     336     344      47360
a     336     328      47360
a     337     408        490
a     337     338      47360
a     337     345      47360
a     337     329      47360
a     338     443        732
a     338     339      47360
a     338     337      47360
a     338     346      47360
a     338     330      47360
a     339     404        504
a     339     340      47360
a     339     338      47360
a     339     347      47360
a     339     331      47360
a     340     423        491
a     340     341      47360
a     340     339      47360
a     340     348      47360
a     340     332      47360
a     341     429        711
a     341     342      47360
a     341     340      47360
a     341     349      47360
a     341     333      47360
a     342     407        462
a     342     343      47360
a     342     341      47360
a     342     350      47360
a     342     334      47360
a     343     444        557
a     343     344      47360
a     343     342      47360
a     343     351      47360
a     343     335      47360
a     344     397        522
a     344     343      47360
a     344     352      47360
a     344     336      47360
a     345     409        484
a     345     346      47360
a     345     353      47360
a     345     337      47360
a     346     387        572
a     346     347      47360
a     346     345      47360
a     346     354      47360
a     346     338      47360
a     347     442        426
a     347     348      47360
a     347     346      47360
a     347     355      47360
a     347     339      47360
a     348     399        724
a     348     349      47360
a     348     347      47360
a     348     356      47360
a     348     340      47360
a     349     427        552
a     349     350      47360
a     349     348      47360
a     349     357      47360
a     349     341      47360
a     350     410        639
a     350     351      47360
a     350     349      47360
a     350     358      47360
a     350     342      47360
a     351     431        683
a     351     352      47360
a     351     350      47360
a     351     359      47360
a     351     343      47360
a     352     437        480
a     352     351      47360
a     352     360      47360
a     352     344      47360
a     353     414        431
a     353     354      47360
a     353     361      47360
a     353     345      47360
a     354     428        520
a     354     355      47360
a     354     353      47360
a     354     362      47360
a     354     346      47360
a     355     438        391
a     355     356      47360
a     355     354      47360
a     355     363      47360
a     355     347      47360
a     356     447        373
a     356     357      47360
a     356     355      47360
a     356     364      47360
a     356     348      47360
a     357     401        408
a     357     358      47360
a     357     356      47360
a     357     365      47360
a     357     349      47360
a     358     432        528
a     358     359      47360
a     358     357      47360
a     358     366      47360
a     358     350      47360
a     359     418        500
a     359     360      47360
a     359     358      47360
a     359     367      47360
a     359     351      47360
a     360     395        488
a     360     359      47360
a     360     368      47360
a     360     352      47360
a     361     436        616
a     361     362      47360
a     361     369      47360
a     361     353      47360
a     362     426        494
a     362     363      47360
a     362     361      47360
a     362     370      47360
a     362     354      47360
a     363     392        590
a     363     364      47360
a     363     362      47360
a     363     371      47360
a     363     355      47360
a     364     402        373
a     364     365      47360
a     364     363      47360
a     364     372      47360
a     364     356      47360
a     365     445        432
a     365     366      47360
a     365     364      47360
a     365     373      47360
a     365     357      47360
a     366     389        440
a     366     367      47360
a     366     365      47360
a     366     374      47360
a     366     358      47360
a     367     405        589
a     367     368      47360
a     367     366      47360
a     367     375      47360
a     367     359      47360
a     368     386        495
a     368     367      47360
a     368     376      47360
a     368     360      47360
a     369     430        495
a     369     370      47360
a     369     377      47360
a     369     361      47360
a     370     411        487
a     370     371      47360
a     370     369      47360
a     370     378      47360
a     370     362      47360
a     371     420        687
a     371     372      47360
a     371     370      47360
a     371     379      47360
a     371     363      47360
a     372     413        656
a     372     373      47360
a     372     371      47360
a     372     380      47360
a     372     364      47360
a     373     433        402
a     373     374      47360
a     373     372      47360
a     373     381      47360
a     373     365      47360
a     374     434        487
a     374     375      47360
a     374     373      47360
a     374     382      47360
a     374     366      47360
a     375     448        398
a     375     376      47360
a     375     374      47360
a     375     383      47360
a     375     367      47360
a     376     385        376
a     376     375      47360
a     376     384      47360
a     376     368      47360
a     377     424        441
a     377     378      47360
a     377     369      47360
a     378     388        532
a     378     379      47360
a     378     377      47360
a     378     370      47360
a     379     435        557
a     379     380      47360
a     379     378      47360
a     379     371      47360
a     380     421        456
a     380     381      47360
a     380     379      47360
a     380     372      47360
a     381     446        381
a     381     382      47360
a     381     380      47360
a     381     373      47360
a     382     390        425
a     382     383      47360
a     382     381      47360
a     382     374      47360
a     383     412        547
a     383     384      47360
a     383     382      47360
a     383     375      47360
a     384     393        501
a     384     383      47360
a     384     376      47360
a     385     483        370
a     385     386      47360
a     385     393      47360
a     386     492        544
a     386     387      47360
a     386     385      47360
a     386     394      47360
a     387     470        700
a     387     388      47360
a     387     386      47360
a     387     395      47360
a     388     479        718
a     388     389      47360
a     388     387      47360
a     388     396      47360
a     389     512        407
a     389     390      47360
a     389     388      47360
a     389     397      47360
a     390     453        708
a     390     391      47360
a     390     389      47360
a     390     398      47360
a     391     497        673
a     391     392      47360
a     391     390      47360
a     391     399      47360
a     392     495        512
a     392     391      47360
a     392     400      47360
a     393     472        513
a     393     394      47360
a     393     401      47360
a     393     385      47360
a     394     503        437
a     394     395      47360
a     394     393      47360
a     394     402      47360
a     394     386      47360
a     395     487        566
a     395     396      47360
a     395     394      47360
a     395     403      47360
a     395     387      47360
a     396     511        423
a     396     397      47360
a     396     395      47360
a     396     404      47360
a     396     388      47360
a     397     475        444
a     397     398      47360
a     397     396      47360
a     397     405      47360
a     397     389      47360
a     398     490        573
a     398     399      47360
a     398     397      47360
a     398     406      47360
a     398     390      47360
a     399     465        539
a     399     400      47360
a     399     398      47360
a     399     407      47360
a     399     391      47360
a     400     498        521
a     400     399      47360
a     400     408      47360
a     400     392      47360
a     401     460        488
a     401     402      47360
a     401     409      47360
a     401     393      47360
a     402     462        690
a     402     403      47360
a     402     401      47360
a     402     410      47360
a     402     394      47360
a     403     468        506
a     403     404      47360
a     403     402      47360
a     403     411      47360
a     403     395      47360
a     404     464        662
a     404     405      47360
a     404     403      47360
a     404     412      47360
a     404     396      47360
a     405     449        433
a     405     406      47360
a     405     404      47360
a     405     413      47360
a     405     397      47360
a     406     506        660
a     406     407      47360
a     406     405      47360
a     406     414      47360
a     406     398      47360
a     407     499        616
a     407     408      47360
a     407     406      47360
a     407     415      47360
a     407     399      47360
a     408     459        397
a     408     407      47360
a     408     416      47360
a     408     400      47360
a     409     476        435
a     409     410      47360
a     409     417      47360
a     409     401      47360
a     410     452        631
a     410     411      47360
a     410     409      47360
a     410     418      47360
a     410     402      47360
a     411     496        683
a     411     412      47360
a     411     410      47360
a     411     419      47360
a     411     403      47360
a     412     489        379
a     412     413      47360
a     412     411      47360
a     412     420      47360
a     412     404      47360
a     413     482        553
a     413     414      47360
a     413     412      47360
a     413     421      47360
a     413     405      47360
a     414     467        446
a     414     415      47360
a     414     413      47360
a     414     422      47360
a     414     406      47360
a     415     501        596
a     415     416      47360
a     415     414      47360
a     415     423      47360
a     415     407      47360
a     416     480        571
a     416     415      47360
a     416     424      47360
a     416     408      47360
a     417     473        436
a     417     418      47360
a     417     425      47360
a     417     409      47360
a     418     494        581
a     418     419      47360
a     418     417      47360
a     418     426      47360
a     418     410      47360
a     419     504        714
a     419     420      47360
a     419     418      47360
a     419     427      47360
a     419     411      47360
a     420     471        391
a     420     421      47360
a     420     419      47360
a     420     428      47360
a     420     412      47360
a     421     485        403
a     421     422      47360
a     421     420      47360
a     421     429      47360
a     421     413      47360
a     422     493        649
a     422     423      47360
a     422     421      47360
a     422     430      47360
a     422     414      47360
a     423     461        432
a     423     424      47360
a     423     422      47360
a     423     431      47360
a     423     415      47360
a     424     454        667
a     424     423      47360
a     424     432      47360
a     424     416      47360
a     425     491        489
a     425     426      47360
a     425     433      47360
a     425     417      47360
a     426     484        598
a     426     427      47360
a     426     425      47360
a     426     434      47360
a     426     418      47360
a     427     500        714
a     427     428      47360
a     427     426      47360
a     427     435      47360
a     427     419      47360
a     428     457        447
a     428     429      47360
a     428     427      47360
a     428     436      47360
a     428     420      47360
a     429     502        683
a     429     430      47360
a     429     428      47360
a     429     437      47360
a     429     421      47360
a     430     510        624
a     430     431      47360
a     430     429      47360
a     430     438      47360
a     430     422      47360
a     431     463        371
a     431     432      47360
a     431     430      47360
a     431     439      47360
a     431     423      47360
a     432     458        676
a     432     431      47360
a     432     440      47360
a     432     424      47360
a     433     488        694
a     433     434      47360
a     433     441      47360
a     433     425      47360
a     434     505        373
a     434     435      47360
a     434     433      47360
a     434     442      47360
a     434     426      47360
a     435     478        473
a     435     436      47360
a     435     434      47360
a     435     443      47360
a     435     427      47360
a     436     486        474
a     436     437      47360
a     436     435      47360
a     436     444      47360
a     436     428      47360
a     437     509        659
a     437     438      47360
a     437     436      47360
a     437     445      47360
a     437     429      47360
a     438     477        699
a     438     439      47360
a     438     437      47360
a     438     446      47360
a     438     430      47360
a     439     466        687
a     439     440      47360
a     439     438      47360
a     439     447      47360
a     439     431      47360
a     440     507        416
a     440     439      47360
a     440     448      47360
a     440     432      47360
a     441     474        575
a     441     442      47360
a     441     433      47360
a     442     456        406
a     442     443      47360
a     442     441      47360
a     442     434      47360
a     443     469        442
a     443     444      47360
a     443     442      47360
a     443     435      47360
a     444     450        379
a     444     445      47360
a     444     443      47360
a     444     436      47360
a     445     481        496
a     445     446      47360
a     445     444      47360
a     445     437      47360
a     446     508        692
a     446     447      47360
a     446     445      47360
a     446     438      47360
a     447     455        416
a     447     448      47360
a     447     446      47360
a     447     439      47360
a     448     451        644
a     448     447      47360
a     448     440      47360
a     449     450      47360
a     449     457      47360
a     450     451      47360
a     450     449      47360
a     450     458      47360
a     451     452      47360
a     451     450      47360
a     451     459      47360
a     452     453      47360
a     452     451      47360
a     452     460      47360
a     453     454      47360
a     453     452      47360
a     453     461      47360
a     454     455      47360
a     454     453      47360
a     454     462      47360
a     455     456      47360
a     455     454      47360
a     455     463      47360
a     456     455      47360
a     456     464      47360
a     457     458      47360
a     457     465      47360
a     457     449      47360
a     458     459      47360
a     458     457      47360
a     458     466      47360
a     458     450      47360
a     459     460      47360
a     459     458      47360
a     459     467      47360
a     459     451      47360
a     460     461      47360
a     460     459      47360
a     460     468      47360
a     460     452      47360
a     461     462      47360
a     461     460      47360
a     461     469      47360
a     461     453      47360
a     462     463      47360
a     462     461      47360
a     462     470      47360
a     462     454      47360
a     463     464      47360
a     463     462      47360
a     463     471      47360
a     463     455      47360
a     464     463      47360
a     464     472      47360
a     464     456      47360
a     465     466      47360
a     465     473      47360
a     465     457      47360
a     466     467      47360
a     466     465      47360
a     466     474      47360
a     466     458      47360
a     467     468      47360
a     467     466      47360
a     467     475      47360
a     467     459      47360
a     468     469      47360
a     468     467      47360
a     468     476      47360
a     468     460      47360
a     469     470      47360
a     469     468      47360
a     469     477      47360
a     469     461      47360
a     470     471      47360
a     470     469      47360
a     470     478      47360
a     470     462      47360
a     471     472      47360
a     471     470      47360
a     471     479      47360
a     471     463      47360
a     472     471      47360
a     472     480      47360
a     472     464      47360
a     473     474      47360
a     473     481      47360
a     473     465      47360
a     474     475      47360
a     474     473      47360
a     474     482      47360
a     474     466      47360
a     475     476      47360
a     475     474      47360
a     475     483      47360
a     475     467      47360
a     476     477      47360
a     476     475      47360
a     476     484      47360
a     476     468      47360
a     477     478      47360
a     477     476      47360
a     477     485      47360
a     477     469      47360
a     478     479      47360
a     478     477      47360
a     478     486      47360
a     478     470      47360
a     479     480      47360
a     479     478      47360
a     479     487      47360
a     479     471      47360
a     480     479      47360
a     480     488      47360
a     480     472      47360
a     481     482      47360
a     481     489      47360
a     481     473      47360
a     482     483      47360
a     482     481      47360
a     482     490      47360
a     482     474      47360
a     483     484      47360
a     483     482      47360
a     483     491      47360
a     483     475      47360
a     484     485      47360
a     484     483      47360
a     484     492      47360
a     484     476      47360
a     485     486      47360
a     485     484      47360
a     485     493      47360
a     485     477      47360
a     486     487      47360
a     486     485      47360
a     486     494      47360
a     486     478      47360
a     487     488      47360
a     487     486      47360
a     487     495      47360
a     487     479      47360
a     488     487      47360
a     488     496      47360
a     488     480      47360
a     489     490      47360
a     489     497      47360
a     489     481      47360
a     490     491      47360
a     490     489      47360
a     490     498      47360
a     490     482      47360
a     491     492      47360
a     491     490      47360
a     491     499      47360
a     491     483      47360
a     492     493      47360
a     492     491      47360
a     492     500      47360
a     492     484      47360
a     493     494      47360
a     493     492      47360
a     493     501      47360
a     493     485      47360
a     494     495      47360
a     494     493      47360
a     494     502      47360
a     494     486      47360
a     495     496      47360
a     495     494      47360
a     495     503      47360
a     495     487      47360
a     496     495      47360
a     496     504      47360
a     496     488      47360
a     497     498      47360
a     497     505      47360
a     497     489      47360
a     498     499      47360
a     498     497      47360
a     498     506      47360
a     498     490      47360
a     499     500      47360
a     499     498      47360
a     499     507      47360
a     499     491      47360
a     500     501      47360
a     500     499      47360
a     500     508      47360
a     500     492      47360
a     501     502      47360
a     501     500      47360
a     501     509      47360
a     501     493      47360
a     502     503      47360
a     502     501      47360
a     502     510      47360
a     502     494      47360
a     503     504      47360
a     503     502      47360
a     503     511      47360
a     503     495      47360
a     504     503      47360
a     504     512      47360
a     504     496      47360
a     505     506      47360
a     505     497      47360
a     506     507      47360
a     506     505      47360
a     506     498      47360
a     507     508      47360
a     507     506      47360
a     507     499      47360
a     508     509      47360
a     508     507      47360
a     508     500      47360
a     509     510      47360
a     509     508      47360
a     509     501      47360
a     510     511      47360
a     510     509      47360
a     510     502      47360
a     511     512      47360
a     511     510      47360
a     511     503      47360
a     512     511      47360
a     512     504      47360
