c This file was generated by genrmf.
c The parameters are: a: 7 b: 14 c1: 1630 c2: 1630 seed: 1666103673
p max     686       2989
n       1 s
n     686 t
a       1      54       1630
a       1       2      79870
a       1       8      79870
a       2      59       1630
a       2       3      79870
a       2       1      79870
a       2       9      79870
a       3      51       1630
a       3       4      79870
a       3       2      79870
a       3      10      79870
a       4      89       1630
a       4       5      79870
a       4       3      79870
a       4      11      79870
a       5      53       1630
a       5       6      79870
a       5       4      79870
a       5      12      79870
a       6      82       1630
a       6       7      79870
a       6       5      79870
a       6      13      79870
a       7      76       1630
a       7       6      79870
a       7      14      79870
a       8      58       1630
a       8       9      79870
a       8      15      79870
a       8       1      79870
a       9      91       1630
a       9      10      79870
a       9       8      79870
a       9      16      79870
a       9       2      79870
a      10      72       1630
a      10      11      79870
a      10       9      79870
a      10      17      79870
a      10       3      79870
a      11      57       1630
a      11      12      79870
a      11      10      79870
a      11      18      79870
a      11       4      79870
a      12      74       1630
a      12      13      79870
a      12      11      79870
a      12      19      79870
a      12       5      79870
a      13      73       1630
a      13      14      79870
a      13      12      79870
a      13      20      79870
a      13       6      79870
a      14      92       1630
a      14      13      79870
a      14      21      79870
a      14       7      79870
a      15      94       1630
a      15      16      79870
a      15      22      79870
a      15       8      79870
a      16      65       1630
a      16      17      79870
a      16      15      79870
a      16      23      79870
a      16       9      79870
a      17      56       1630
a      17      18      79870
a      17      16      79870
a      17      24      79870
a      17      10      79870
a      18      96       1630
a      18      19      79870
a      18      17      79870
a      18      25      79870
a      18      11      79870
a      19      83       1630
a      19      20      79870
a      19      18      79870
a      19      26      79870
a      19      12      79870
a      20      61       1630
a      20      21      79870
a      20      19      79870
a      20      27      79870
a      20      13      79870
a      21      62       1630
a      21      20      79870
a      21      28      79870
a      21      14      79870
a      22      86       1630
a      22      23      79870
a      22      29      79870
a      22      15      79870
a      23      85       1630
a      23      24      79870
a      23      22      79870
a      23      30      79870
a      23      16      79870
a      24      75       1630
a      24      25      79870
a      24      23      79870
a      24      31      79870
a      24      17      79870
a      25      98       1630
a      25      26      79870
a      25      24      79870
a      25      32      79870
a      25      18      79870
a      26      90       1630
a      26      27      79870
a      26      25      79870
a      26      33      79870
a      26      19      79870
a      27      52       1630
a      27      28      79870
a      27      26      79870
a      27      34      79870
a      27      20      79870
a      28      80       1630
a      28      27      79870
a      28      35      79870
a      28      21      79870
a      29      93       1630
a      29      30      79870
a      29      36      79870
a      29      22      79870
a      30      55       1630
a      30      31      79870
a      30      29      79870
a      30      37      79870
a      30      23      79870
a      31      71       1630
a      31      32      79870
a      31      30      79870
a      31      38      79870
a      31      24      79870
a      32      95       1630
a      32      33      79870
a      32      31      79870
a      32      39      79870
a      32      25      79870
a      33      63       1630
a      33      34      79870
a      33      32      79870
a      33      40      79870
a      33      26      79870
a      34      77       1630
a      34      35      79870
a      34      33      79870
a      34      41      79870
a      34      27      79870
a      35      87       1630
a      35      34      79870
a      35      42      79870
a      35      28      79870
a      36      50       1630
a      36      37      79870
a      36      43      79870
a      36      29      79870
a      37      68       1630
a      37      38      79870
a      37      36      79870
a      37      44      79870
a      37      30      79870
a      38      97       1630
a      38      39      79870
a      38      37      79870
a      38      45      79870
a      38      31      79870
a      39      60       1630
a      39      40      79870
a      39      38      79870
a      39      46      79870
a      39      32      79870
a      40      64       1630
a      40      41      79870
a      40      39      79870
a      40      47      79870
a      40      33      79870
a      41      84       1630
a      41      42      79870
a      41      40      79870
a      41      48      79870
a      41      34      79870
a      42      88       1630
a      42      41      79870
a      42      49      79870
a      42      35      79870
a      43      70       1630
a      43      44      79870
a      43      36      79870
a      44      67       1630
a      44      45      79870
a      44      43      79870
a      44      37      79870
a      45      66       1630
a      45      46      79870
a      45      44      79870
a      45      38      79870
a      46      79       1630
a      46      47      79870
a      46      45      79870
a      46      39      79870
a      47      81       1630
a      47      48      79870
a      47      46      79870
a      47      40      79870
a      48      69       1630
a      48      49      79870
a      48      47      79870
a      48      41      79870
a      49      78       1630
a      49      48      79870
a      49      42      79870
a      50      99       1630
a      50      51      79870
a      50      57      79870
a      51     146       1630
a      51      52      79870
a      51      50      79870
a      51      58      79870
a      52     127       1630
a      52      53      79870
a      52      51      79870
a      52      59      79870
a      53     104       1630
a      53      54      79870
a      53      52      79870
a      53      60      79870
a      54     139       1630
a      54      55      79870
a      54      53      79870
a      54      61      79870
a      55     133       1630
a      55      56      79870
a      55      54      79870
a      55      62      79870
a      56     145       1630
a      56      55      79870
a      56      63      79870
a      57     121       1630
a      57      58      79870
a      57      64      79870
a      57      50      79870
a      58     125       1630
a      58      59      79870
a      58      57      79870
a      58      65      79870
a      58      51      79870
a      59     142       1630
a      59      60      79870
a      59      58      79870
a      59      66      79870
a      59      52      79870
a      60     115       1630
a      60      61      79870
a      60      59      79870
a      60      67      79870
a      60      53      79870
a      61     126       1630
a      61      62      79870
a      61      60      79870
a      61      68      79870
a      61      54      79870
a      62     129       1630
a      62      63      79870
a      62      61      79870
a      62      69      79870
a      62      55      79870
a      63     111       1630
a      63      62      79870
a      63      70      79870
a      63      56      79870
a      64     124       1630
a      64      65      79870
a      64      71      79870
a      64      57      79870
a      65     136       1630
a      65      66      79870
a      65      64      79870
a      65      72      79870
a      65      58      79870
a      66     118       1630
a      66      67      79870
a      66      65      79870
a      66      73      79870
a      66      59      79870
a      67     107       1630
a      67      68      79870
a      67      66      79870
a      67      74      79870
a      67      60      79870
a      68     112       1630
a      68      69      79870
a      68      67      79870
a      68      75      79870
a      68      61      79870
a      69     105       1630
a      69      70      79870
a      69      68      79870
a      69      76      79870
a      69      62      79870
a      70     114       1630
a      70      69      79870
a      70      77      79870
a      70      63      79870
a      71     106       1630
a      71      72      79870
a      71      78      79870
a      71      64      79870
a      72     119       1630
a      72      73      79870
a      72      71      79870
a      72      79      79870
a      72      65      79870
a      73     109       1630
a      73      74      79870
a      73      72      79870
a      73      80      79870
a      73      66      79870
a      74     100       1630
a      74      75      79870
a      74      73      79870
a      74      81      79870
a      74      67      79870
a      75     141       1630
a      75      76      79870
a      75      74      79870
a      75      82      79870
a      75      68      79870
a      76     110       1630
a      76      77      79870
a      76      75      79870
a      76      83      79870
a      76      69      79870
a      77     117       1630
a      77      76      79870
a      77      84      79870
a      77      70      79870
a      78     116       1630
a      78      79      79870
a      78      85      79870
a      78      71      79870
a      79     134       1630
a      79      80      79870
a      79      78      79870
a      79      86      79870
a      79      72      79870
a      80     144       1630
a      80      81      79870
a      80      79      79870
a      80      87      79870
a      80      73      79870
a      81     123       1630
a      81      82      79870
a      81      80      79870
a      81      88      79870
a      81      74      79870
a      82     103       1630
a      82      83      79870
a      82      81      79870
a      82      89      79870
a      82      75      79870
a      83     135       1630
a      83      84      79870
a      83      82      79870
a      83      90      79870
a      83      76      79870
a      84     137       1630
a      84      83      79870
a      84      91      79870
a      84      77      79870
a      85     101       1630
a      85      86      79870
a      85      92      79870
a      85      78      79870
a      86     130       1630
a      86      87      79870
a      86      85      79870
a      86      93      79870
a      86      79      79870
a      87     108       1630
a      87      88      79870
a      87      86      79870
a      87      94      79870
a      87      80      79870
a      88     102       1630
a      88      89      79870
a      88      87      79870
a      88      95      79870
a      88      81      79870
a      89     128       1630
a      89      90      79870
a      89      88      79870
a      89      96      79870
a      89      82      79870
a      90     138       1630
a      90      91      79870
a      90      89      79870
a      90      97      79870
a      90      83      79870
a      91     122       1630
a      91      90      79870
a      91      98      79870
a      91      84      79870
a      92     132       1630
a      92      93      79870
a      92      85      79870
a      93     143       1630
a      93      94      79870
a      93      92      79870
a      93      86      79870
a      94     131       1630
a      94      95      79870
a      94      93      79870
a      94      87      79870
a      95     140       1630
a      95      96      79870
a      95      94      79870
a      95      88      79870
a      96     147       1630
a      96      97      79870
a      96      95      79870
a      96      89      79870
a      97     120       1630
a      97      98      79870
a      97      96      79870
a      97      90      79870
a      98     113       1630
a      98      97      79870
a      98      91      79870
a      99     195       1630
a      99     100      79870
a      99     106      79870
a     100     152       1630
a     100     101      79870
a     100      99      79870
a     100     107      79870
a     101     174       1630
a     101     102      79870
a     101     100      79870
a     101     108      79870
a     102     179       1630
a     102     103      79870
a     102     101      79870
a     102     109      79870
a     103     182       1630
a     103     104      79870
a     103     102      79870
a     103     110      79870
a     104     175       1630
a     104     105      79870
a     104     103      79870
a     104     111      79870
a     105     160       1630
a     105     104      79870
a     105     112      79870
a     106     153       1630
a     106     107      79870
a     106     113      79870
a     106      99      79870
a     107     191       1630
a     107     108      79870
a     107     106      79870
a     107     114      79870
a     107     100      79870
a     108     184       1630
a     108     109      79870
a     108     107      79870
a     108     115      79870
a     108     101      79870
a     109     154       1630
a     109     110      79870
a     109     108      79870
a     109     116      79870
a     109     102      79870
a     110     187       1630
a     110     111      79870
a     110     109      79870
a     110     117      79870
a     110     103      79870
a     111     161       1630
a     111     112      79870
a     111     110      79870
a     111     118      79870
a     111     104      79870
a     112     167       1630
a     112     111      79870
a     112     119      79870
a     112     105      79870
a     113     173       1630
a     113     114      79870
a     113     120      79870
a     113     106      79870
a     114     150       1630
a     114     115      79870
a     114     113      79870
a     114     121      79870
a     114     107      79870
a     115     185       1630
a     115     116      79870
a     115     114      79870
a     115     122      79870
a     115     108      79870
a     116     158       1630
a     116     117      79870
a     116     115      79870
a     116     123      79870
a     116     109      79870
a     117     189       1630
a     117     118      79870
a     117     116      79870
a     117     124      79870
a     117     110      79870
a     118     196       1630
a     118     119      79870
a     118     117      79870
a     118     125      79870
a     118     111      79870
a     119     176       1630
a     119     118      79870
a     119     126      79870
a     119     112      79870
a     120     156       1630
a     120     121      79870
a     120     127      79870
a     120     113      79870
a     121     190       1630
a     121     122      79870
a     121     120      79870
a     121     128      79870
a     121     114      79870
a     122     192       1630
a     122     123      79870
a     122     121      79870
a     122     129      79870
a     122     115      79870
a     123     171       1630
a     123     124      79870
a     123     122      79870
a     123     130      79870
a     123     116      79870
a     124     151       1630
a     124     125      79870
a     124     123      79870
a     124     131      79870
a     124     117      79870
a     125     163       1630
a     125     126      79870
a     125     124      79870
a     125     132      79870
a     125     118      79870
a     126     180       1630
a     126     125      79870
a     126     133      79870
a     126     119      79870
a     127     148       1630
a     127     128      79870
a     127     134      79870
a     127     120      79870
a     128     157       1630
a     128     129      79870
a     128     127      79870
a     128     135      79870
a     128     121      79870
a     129     186       1630
a     129     130      79870
a     129     128      79870
a     129     136      79870
a     129     122      79870
a     130     193       1630
a     130     131      79870
a     130     129      79870
a     130     137      79870
a     130     123      79870
a     131     169       1630
a     131     132      79870
a     131     130      79870
a     131     138      79870
a     131     124      79870
a     132     159       1630
a     132     133      79870
a     132     131      79870
a     132     139      79870
a     132     125      79870
a     133     178       1630
a     133     132      79870
a     133     140      79870
a     133     126      79870
a     134     172       1630
a     134     135      79870
a     134     141      79870
a     134     127      79870
a     135     181       1630
a     135     136      79870
a     135     134      79870
a     135     142      79870
a     135     128      79870
a     136     162       1630
a     136     137      79870
a     136     135      79870
a     136     143      79870
a     136     129      79870
a     137     149       1630
a     137     138      79870
a     137     136      79870
a     137     144      79870
a     137     130      79870
a     138     155       1630
a     138     139      79870
a     138     137      79870
a     138     145      79870
a     138     131      79870
a     139     188       1630
a     139     140      79870
a     139     138      79870
a     139     146      79870
a     139     132      79870
a     140     194       1630
a     140     139      79870
a     140     147      79870
a     140     133      79870
a     141     166       1630
a     141     142      79870
a     141     134      79870
a     142     165       1630
a     142     143      79870
a     142     141      79870
a     142     135      79870
a     143     183       1630
a     143     144      79870
a     143     142      79870
a     143     136      79870
a     144     177       1630
a     144     145      79870
a     144     143      79870
a     144     137      79870
a     145     168       1630
a     145     146      79870
a     145     144      79870
a     145     138      79870
a     146     170       1630
a     146     147      79870
a     146     145      79870
a     146     139      79870
a     147     164       1630
a     147     146      79870
a     147     140      79870
a     148     205       1630
a     148     149      79870
a     148     155      79870
a     149     229       1630
a     149     150      79870
a     149     148      79870
a     149     156      79870
a     150     220       1630
a     150     151      79870
a     150     149      79870
a     150     157      79870
a     151     225       1630
a     151     152      79870
a     151     150      79870
a     151     158      79870
a     152     204       1630
a     152     153      79870
a     152     151      79870
a     152     159      79870
a     153     232       1630
a     153     154      79870
a     153     152      79870
a     153     160      79870
a     154     240       1630
a     154     153      79870
a     154     161      79870
a     155     223       1630
a     155     156      79870
a     155     162      79870
a     155     148      79870
a     156     217       1630
a     156     157      79870
a     156     155      79870
a     156     163      79870
a     156     149      79870
a     157     230       1630
a     157     158      79870
a     157     156      79870
a     157     164      79870
a     157     150      79870
a     158     200       1630
a     158     159      79870
a     158     157      79870
a     158     165      79870
a     158     151      79870
a     159     218       1630
a     159     160      79870
a     159     158      79870
a     159     166      79870
a     159     152      79870
a     160     207       1630
a     160     161      79870
a     160     159      79870
a     160     167      79870
a     160     153      79870
a     161     197       1630
a     161     160      79870
a     161     168      79870
a     161     154      79870
a     162     214       1630
a     162     163      79870
a     162     169      79870
a     162     155      79870
a     163     231       1630
a     163     164      79870
a     163     162      79870
a     163     170      79870
a     163     156      79870
a     164     213       1630
a     164     165      79870
a     164     163      79870
a     164     171      79870
a     164     157      79870
a     165     209       1630
a     165     166      79870
a     165     164      79870
a     165     172      79870
a     165     158      79870
a     166     244       1630
a     166     167      79870
a     166     165      79870
a     166     173      79870
a     166     159      79870
a     167     212       1630
a     167     168      79870
a     167     166      79870
a     167     174      79870
a     167     160      79870
a     168     216       1630
a     168     167      79870
a     168     175      79870
a     168     161      79870
a     169     199       1630
a     169     170      79870
a     169     176      79870
a     169     162      79870
a     170     222       1630
a     170     171      79870
a     170     169      79870
a     170     177      79870
a     170     163      79870
a     171     227       1630
a     171     172      79870
a     171     170      79870
a     171     178      79870
a     171     164      79870
a     172     236       1630
a     172     173      79870
a     172     171      79870
a     172     179      79870
a     172     165      79870
a     173     202       1630
a     173     174      79870
a     173     172      79870
a     173     180      79870
a     173     166      79870
a     174     239       1630
a     174     175      79870
a     174     173      79870
a     174     181      79870
a     174     167      79870
a     175     206       1630
a     175     174      79870
a     175     182      79870
a     175     168      79870
a     176     203       1630
a     176     177      79870
a     176     183      79870
a     176     169      79870
a     177     242       1630
a     177     178      79870
a     177     176      79870
a     177     184      79870
a     177     170      79870
a     178     243       1630
a     178     179      79870
a     178     177      79870
a     178     185      79870
a     178     171      79870
a     179     237       1630
a     179     180      79870
a     179     178      79870
a     179     186      79870
a     179     172      79870
a     180     224       1630
a     180     181      79870
a     180     179      79870
a     180     187      79870
a     180     173      79870
a     181     245       1630
a     181     182      79870
a     181     180      79870
a     181     188      79870
a     181     174      79870
a     182     233       1630
a     182     181      79870
a     182     189      79870
a     182     175      79870
a     183     234       1630
a     183     184      79870
a     183     190      79870
a     183     176      79870
a     184     238       1630
a     184     185      79870
a     184     183      79870
a     184     191      79870
a     184     177      79870
a     185     201       1630
a     185     186      79870
a     185     184      79870
a     185     192      79870
a     185     178      79870
a     186     210       1630
a     186     187      79870
a     186     185      79870
a     186     193      79870
a     186     179      79870
a     187     228       1630
a     187     188      79870
a     187     186      79870
a     187     194      79870
a     187     180      79870
a     188     226       1630
a     188     189      79870
a     188     187      79870
a     188     195      79870
a     188     181      79870
a     189     208       1630
a     189     188      79870
a     189     196      79870
a     189     182      79870
a     190     215       1630
a     190     191      79870
a     190     183      79870
a     191     198       1630
a     191     192      79870
a     191     190      79870
a     191     184      79870
a     192     241       1630
a     192     193      79870
a     192     191      79870
a     192     185      79870
a     193     221       1630
a     193     194      79870
a     193     192      79870
a     193     186      79870
a     194     211       1630
a     194     195      79870
a     194     193      79870
a     194     187      79870
a     195     235       1630
a     195     196      79870
a     195     194      79870
a     195     188      79870
a     196     219       1630
a     196     195      79870
a     196     189      79870
a     197     281       1630
a     197     198      79870
a     197     204      79870
a     198     294       1630
a     198     199      79870
a     198     197      79870
a     198     205      79870
a     199     248       1630
a     199     200      79870
a     199     198      79870
a     199     206      79870
a     200     283       1630
a     200     201      79870
a     200     199      79870
a     200     207      79870
a     201     270       1630
a     201     202      79870
a     201     200      79870
a     201     208      79870
a     202     293       1630
a     202     203      79870
a     202     201      79870
a     202     209      79870
a     203     282       1630
a     203     202      79870
a     203     210      79870
a     204     267       1630
a     204     205      79870
a     204     211      79870
a     204     197      79870
a     205     264       1630
a     205     206      79870
a     205     204      79870
a     205     212      79870
a     205     198      79870
a     206     255       1630
a     206     207      79870
a     206     205      79870
a     206     213      79870
a     206     199      79870
a     207     286       1630
a     207     208      79870
a     207     206      79870
a     207     214      79870
a     207     200      79870
a     208     272       1630
a     208     209      79870
a     208     207      79870
a     208     215      79870
a     208     201      79870
a     209     278       1630
a     209     210      79870
a     209     208      79870
a     209     216      79870
a     209     202      79870
a     210     263       1630
a     210     209      79870
a     210     217      79870
a     210     203      79870
a     211     246       1630
a     211     212      79870
a     211     218      79870
a     211     204      79870
a     212     254       1630
a     212     213      79870
a     212     211      79870
a     212     219      79870
a     212     205      79870
a     213     257       1630
a     213     214      79870
a     213     212      79870
a     213     220      79870
a     213     206      79870
a     214     291       1630
a     214     215      79870
a     214     213      79870
a     214     221      79870
a     214     207      79870
a     215     266       1630
a     215     216      79870
a     215     214      79870
a     215     222      79870
a     215     208      79870
a     216     253       1630
a     216     217      79870
a     216     215      79870
a     216     223      79870
a     216     209      79870
a     217     290       1630
a     217     216      79870
a     217     224      79870
a     217     210      79870
a     218     251       1630
a     218     219      79870
a     218     225      79870
a     218     211      79870
a     219     250       1630
a     219     220      79870
a     219     218      79870
a     219     226      79870
a     219     212      79870
a     220     265       1630
a     220     221      79870
a     220     219      79870
a     220     227      79870
a     220     213      79870
a     221     274       1630
a     221     222      79870
a     221     220      79870
a     221     228      79870
a     221     214      79870
a     222     268       1630
a     222     223      79870
a     222     221      79870
a     222     229      79870
a     222     215      79870
a     223     262       1630
a     223     224      79870
a     223     222      79870
a     223     230      79870
a     223     216      79870
a     224     279       1630
a     224     223      79870
a     224     231      79870
a     224     217      79870
a     225     252       1630
a     225     226      79870
a     225     232      79870
a     225     218      79870
a     226     261       1630
a     226     227      79870
a     226     225      79870
a     226     233      79870
a     226     219      79870
a     227     276       1630
a     227     228      79870
a     227     226      79870
a     227     234      79870
a     227     220      79870
a     228     287       1630
a     228     229      79870
a     228     227      79870
a     228     235      79870
a     228     221      79870
a     229     249       1630
a     229     230      79870
a     229     228      79870
a     229     236      79870
a     229     222      79870
a     230     280       1630
a     230     231      79870
a     230     229      79870
a     230     237      79870
a     230     223      79870
a     231     260       1630
a     231     230      79870
a     231     238      79870
a     231     224      79870
a     232     284       1630
a     232     233      79870
a     232     239      79870
a     232     225      79870
a     233     247       1630
a     233     234      79870
a     233     232      79870
a     233     240      79870
a     233     226      79870
a     234     271       1630
a     234     235      79870
a     234     233      79870
a     234     241      79870
a     234     227      79870
a     235     273       1630
a     235     236      79870
a     235     234      79870
a     235     242      79870
a     235     228      79870
a     236     292       1630
a     236     237      79870
a     236     235      79870
a     236     243      79870
a     236     229      79870
a     237     277       1630
a     237     238      79870
a     237     236      79870
a     237     244      79870
a     237     230      79870
a     238     269       1630
a     238     237      79870
a     238     245      79870
a     238     231      79870
a     239     288       1630
a     239     240      79870
a     239     232      79870
a     240     285       1630
a     240     241      79870
a     240     239      79870
a     240     233      79870
a     241     256       1630
a     241     242      79870
a     241     240      79870
a     241     234      79870
a     242     289       1630
a     242     243      79870
a     242     241      79870
a     242     235      79870
a     243     259       1630
a     243     244      79870
a     243     242      79870
a     243     236      79870
a     244     258       1630
a     244     245      79870
a     244     243      79870
a     244     237      79870
a     245     275       1630
a     245     244      79870
a     245     238      79870
a     246     312       1630
a     246     247      79870
a     246     253      79870
a     247     330       1630
a     247     248      79870
a     247     246      79870
a     247     254      79870
a     248     311       1630
a     248     249      79870
a     248     247      79870
a     248     255      79870
a     249     320       1630
a     249     250      79870
a     249     248      79870
a     249     256      79870
a     250     327       1630
a     250     251      79870
a     250     249      79870
a     250     257      79870
a     251     335       1630
a     251     252      79870
a     251     250      79870
a     251     258      79870
a     252     328       1630
a     252     251      79870
a     252     259      79870
a     253     322       1630
a     253     254      79870
a     253     260      79870
a     253     246      79870
a     254     336       1630
a     254     255      79870
a     254     253      79870
a     254     261      79870
a     254     247      79870
a     255     316       1630
a     255     256      79870
a     255     254      79870
a     255     262      79870
a     255     248      79870
a     256     329       1630
a     256     257      79870
a     256     255      79870
a     256     263      79870
a     256     249      79870
a     257     334       1630
a     257     258      79870
a     257     256      79870
a     257     264      79870
a     257     250      79870
a     258     313       1630
a     258     259      79870
a     258     257      79870
a     258     265      79870
a     258     251      79870
a     259     304       1630
a     259     258      79870
a     259     266      79870
a     259     252      79870
a     260     298       1630
a     260     261      79870
a     260     267      79870
a     260     253      79870
a     261     321       1630
a     261     262      79870
a     261     260      79870
a     261     268      79870
a     261     254      79870
a     262     343       1630
a     262     263      79870
a     262     261      79870
a     262     269      79870
a     262     255      79870
a     263     302       1630
a     263     264      79870
a     263     262      79870
a     263     270      79870
a     263     256      79870
a     264     324       1630
a     264     265      79870
a     264     263      79870
a     264     271      79870
a     264     257      79870
a     265     297       1630
a     265     266      79870
a     265     264      79870
a     265     272      79870
a     265     258      79870
a     266     325       1630
a     266     265      79870
a     266     273      79870
a     266     259      79870
a     267     310       1630
a     267     268      79870
a     267     274      79870
a     267     260      79870
a     268     307       1630
a     268     269      79870
a     268     267      79870
a     268     275      79870
a     268     261      79870
a     269     318       1630
a     269     270      79870
a     269     268      79870
a     269     276      79870
a     269     262      79870
a     270     338       1630
a     270     271      79870
a     270     269      79870
a     270     277      79870
a     270     263      79870
a     271     337       1630
a     271     272      79870
a     271     270      79870
a     271     278      79870
a     271     264      79870
a     272     332       1630
a     272     273      79870
a     272     271      79870
a     272     279      79870
a     272     265      79870
a     273     319       1630
a     273     272      79870
a     273     280      79870
a     273     266      79870
a     274     303       1630
a     274     275      79870
a     274     281      79870
a     274     267      79870
a     275     306       1630
a     275     276      79870
a     275     274      79870
a     275     282      79870
a     275     268      79870
a     276     309       1630
a     276     277      79870
a     276     275      79870
a     276     283      79870
a     276     269      79870
a     277     300       1630
a     277     278      79870
a     277     276      79870
a     277     284      79870
a     277     270      79870
a     278     333       1630
a     278     279      79870
a     278     277      79870
a     278     285      79870
a     278     271      79870
a     279     299       1630
a     279     280      79870
a     279     278      79870
a     279     286      79870
a     279     272      79870
a     280     317       1630
a     280     279      79870
a     280     287      79870
a     280     273      79870
a     281     342       1630
a     281     282      79870
a     281     288      79870
a     281     274      79870
a     282     301       1630
a     282     283      79870
a     282     281      79870
a     282     289      79870
a     282     275      79870
a     283     341       1630
a     283     284      79870
a     283     282      79870
a     283     290      79870
a     283     276      79870
a     284     314       1630
a     284     285      79870
a     284     283      79870
a     284     291      79870
a     284     277      79870
a     285     305       1630
a     285     286      79870
a     285     284      79870
a     285     292      79870
a     285     278      79870
a     286     296       1630
a     286     287      79870
a     286     285      79870
a     286     293      79870
a     286     279      79870
a     287     295       1630
a     287     286      79870
a     287     294      79870
a     287     280      79870
a     288     339       1630
a     288     289      79870
a     288     281      79870
a     289     308       1630
a     289     290      79870
a     289     288      79870
a     289     282      79870
a     290     331       1630
a     290     291      79870
a     290     289      79870
a     290     283      79870
a     291     326       1630
a     291     292      79870
a     291     290      79870
a     291     284      79870
a     292     340       1630
a     292     293      79870
a     292     291      79870
a     292     285      79870
a     293     315       1630
a     293     294      79870
a     293     292      79870
a     293     286      79870
a     294     323       1630
a     294     293      79870
a     294     287      79870
a     295     372       1630
a     295     296      79870
a     295     302      79870
a     296     349       1630
a     296     297      79870
a     296     295      79870
a     296     303      79870
a     297     392       1630
a     297     298      79870
a     297     296      79870
a     297     304      79870
a     298     363       1630
a     298     299      79870
a     298     297      79870
a     298     305      79870
a     299     377       1630
a     299     300      79870
a     299     298      79870
a     299     306      79870
a     300     389       1630
a     300     301      79870
a     300     299      79870
a     300     307      79870
a     301     385       1630
a     301     300      79870
a     301     308      79870
a     302     370       1630
a     302     303      79870
a     302     309      79870
a     302     295      79870
a     303     366       1630
a     303     304      79870
a     303     302      79870
a     303     310      79870
a     303     296      79870
a     304     374       1630
a     304     305      79870
a     304     303      79870
a     304     311      79870
a     304     297      79870
a     305     346       1630
a     305     306      79870
a     305     304      79870
a     305     312      79870
a     305     298      79870
a     306     355       1630
a     306     307      79870
a     306     305      79870
a     306     313      79870
a     306     299      79870
a     307     375       1630
a     307     308      79870
a     307     306      79870
a     307     314      79870
a     307     300      79870
a     308     382       1630
a     308     307      79870
a     308     315      79870
a     308     301      79870
a     309     352       1630
a     309     310      79870
a     309     316      79870
a     309     302      79870
a     310     391       1630
a     310     311      79870
a     310     309      79870
a     310     317      79870
a     310     303      79870
a     311     379       1630
a     311     312      79870
a     311     310      79870
a     311     318      79870
a     311     304      79870
a     312     345       1630
a     312     313      79870
a     312     311      79870
a     312     319      79870
a     312     305      79870
a     313     378       1630
a     313     314      79870
a     313     312      79870
a     313     320      79870
a     313     306      79870
a     314     358       1630
a     314     315      79870
a     314     313      79870
a     314     321      79870
a     314     307      79870
a     315     365       1630
a     315     314      79870
a     315     322      79870
a     315     308      79870
a     316     353       1630
a     316     317      79870
a     316     323      79870
a     316     309      79870
a     317     381       1630
a     317     318      79870
a     317     316      79870
a     317     324      79870
a     317     310      79870
a     318     360       1630
a     318     319      79870
a     318     317      79870
a     318     325      79870
a     318     311      79870
a     319     357       1630
a     319     320      79870
a     319     318      79870
a     319     326      79870
a     319     312      79870
a     320     354       1630
a     320     321      79870
a     320     319      79870
a     320     327      79870
a     320     313      79870
a     321     380       1630
a     321     322      79870
a     321     320      79870
a     321     328      79870
a     321     314      79870
a     322     367       1630
a     322     321      79870
a     322     329      79870
a     322     315      79870
a     323     356       1630
a     323     324      79870
a     323     330      79870
a     323     316      79870
a     324     384       1630
a     324     325      79870
a     324     323      79870
a     324     331      79870
a     324     317      79870
a     325     386       1630
a     325     326      79870
a     325     324      79870
a     325     332      79870
a     325     318      79870
a     326     347       1630
a     326     327      79870
a     326     325      79870
a     326     333      79870
a     326     319      79870
a     327     350       1630
a     327     328      79870
a     327     326      79870
a     327     334      79870
a     327     320      79870
a     328     344       1630
a     328     329      79870
a     328     327      79870
a     328     335      79870
a     328     321      79870
a     329     361       1630
a     329     328      79870
a     329     336      79870
a     329     322      79870
a     330     348       1630
a     330     331      79870
a     330     337      79870
a     330     323      79870
a     331     371       1630
a     331     332      79870
a     331     330      79870
a     331     338      79870
a     331     324      79870
a     332     383       1630
a     332     333      79870
a     332     331      79870
a     332     339      79870
a     332     325      79870
a     333     376       1630
a     333     334      79870
a     333     332      79870
a     333     340      79870
a     333     326      79870
a     334     351       1630
a     334     335      79870
a     334     333      79870
a     334     341      79870
a     334     327      79870
a     335     368       1630
a     335     336      79870
a     335     334      79870
a     335     342      79870
a     335     328      79870
a     336     369       1630
a     336     335      79870
a     336     343      79870
a     336     329      79870
a     337     388       1630
a     337     338      79870
a     337     330      79870
a     338     387       1630
a     338     339      79870
a     338     337      79870
a     338     331      79870
a     339     390       1630
a     339     340      79870
a     339     338      79870
a     339     332      79870
a     340     364       1630
a     340     341      79870
a     340     339      79870
a     340     333      79870
a     341     373       1630
a     341     342      79870
a     341     340      79870
a     341     334      79870
a     342     359       1630
a     342     343      79870
a     342     341      79870
a     342     335      79870
a     343     362       1630
a     343     342      79870
a     343     336      79870
a     344     424       1630
a     344     345      79870
a     344     351      79870
a     345     403       1630
a     345     346      79870
a     345     344      79870
a     345     352      79870
a     346     399       1630
a     346     347      79870
a     346     345      79870
a     346     353      79870
a     347     407       1630
a     347     348      79870
a     347     346      79870
a     347     354      79870
a     348     416       1630
a     348     349      79870
a     348     347      79870
a     348     355      79870
a     349     401       1630
a     349     350      79870
a     349     348      79870
a     349     356      79870
a     350     419       1630
a     350     349      79870
a     350     357      79870
a     351     432       1630
a     351     352      79870
a     351     358      79870
a     351     344      79870
a     352     418       1630
a     352     353      79870
a     352     351      79870
a     352     359      79870
a     352     345      79870
a     353     437       1630
a     353     354      79870
a     353     352      79870
a     353     360      79870
a     353     346      79870
a     354     404       1630
a     354     355      79870
a     354     353      79870
a     354     361      79870
a     354     347      79870
a     355     409       1630
a     355     356      79870
a     355     354      79870
a     355     362      79870
a     355     348      79870
a     356     426       1630
a     356     357      79870
a     356     355      79870
a     356     363      79870
a     356     349      79870
a     357     433       1630
a     357     356      79870
a     357     364      79870
a     357     350      79870
a     358     434       1630
a     358     359      79870
a     358     365      79870
a     358     351      79870
a     359     429       1630
a     359     360      79870
a     359     358      79870
a     359     366      79870
a     359     352      79870
a     360     405       1630
a     360     361      79870
a     360     359      79870
a     360     367      79870
a     360     353      79870
a     361     417       1630
a     361     362      79870
a     361     360      79870
a     361     368      79870
a     361     354      79870
a     362     406       1630
a     362     363      79870
a     362     361      79870
a     362     369      79870
a     362     355      79870
a     363     428       1630
a     363     364      79870
a     363     362      79870
a     363     370      79870
a     363     356      79870
a     364     427       1630
a     364     363      79870
a     364     371      79870
a     364     357      79870
a     365     435       1630
a     365     366      79870
a     365     372      79870
a     365     358      79870
a     366     398       1630
a     366     367      79870
a     366     365      79870
a     366     373      79870
a     366     359      79870
a     367     400       1630
a     367     368      79870
a     367     366      79870
a     367     374      79870
a     367     360      79870
a     368     395       1630
a     368     369      79870
a     368     367      79870
a     368     375      79870
a     368     361      79870
a     369     423       1630
a     369     370      79870
a     369     368      79870
a     369     376      79870
a     369     362      79870
a     370     436       1630
a     370     371      79870
a     370     369      79870
a     370     377      79870
a     370     363      79870
a     371     430       1630
a     371     370      79870
a     371     378      79870
a     371     364      79870
a     372     421       1630
a     372     373      79870
a     372     379      79870
a     372     365      79870
a     373     411       1630
a     373     374      79870
a     373     372      79870
a     373     380      79870
a     373     366      79870
a     374     425       1630
a     374     375      79870
a     374     373      79870
a     374     381      79870
a     374     367      79870
a     375     402       1630
a     375     376      79870
a     375     374      79870
a     375     382      79870
a     375     368      79870
a     376     396       1630
a     376     377      79870
a     376     375      79870
a     376     383      79870
a     376     369      79870
a     377     440       1630
a     377     378      79870
a     377     376      79870
a     377     384      79870
a     377     370      79870
a     378     394       1630
a     378     377      79870
a     378     385      79870
a     378     371      79870
a     379     414       1630
a     379     380      79870
a     379     386      79870
a     379     372      79870
a     380     431       1630
a     380     381      79870
a     380     379      79870
a     380     387      79870
a     380     373      79870
a     381     415       1630
a     381     382      79870
a     381     380      79870
a     381     388      79870
a     381     374      79870
a     382     438       1630
a     382     383      79870
a     382     381      79870
a     382     389      79870
a     382     375      79870
a     383     420       1630
a     383     384      79870
a     383     382      79870
a     383     390      79870
a     383     376      79870
a     384     412       1630
a     384     385      79870
a     384     383      79870
a     384     391      79870
a     384     377      79870
a     385     413       1630
a     385     384      79870
a     385     392      79870
a     385     378      79870
a     386     439       1630
a     386     387      79870
a     386     379      79870
a     387     410       1630
a     387     388      79870
a     387     386      79870
a     387     380      79870
a     388     422       1630
a     388     389      79870
a     388     387      79870
a     388     381      79870
a     389     441       1630
a     389     390      79870
a     389     388      79870
a     389     382      79870
a     390     397       1630
a     390     391      79870
a     390     389      79870
a     390     383      79870
a     391     408       1630
a     391     392      79870
a     391     390      79870
a     391     384      79870
a     392     393       1630
a     392     391      79870
a     392     385      79870
a     393     447       1630
a     393     394      79870
a     393     400      79870
a     394     487       1630
a     394     395      79870
a     394     393      79870
a     394     401      79870
a     395     484       1630
a     395     396      79870
a     395     394      79870
a     395     402      79870
a     396     473       1630
a     396     397      79870
a     396     395      79870
a     396     403      79870
a     397     465       1630
a     397     398      79870
a     397     396      79870
a     397     404      79870
a     398     474       1630
a     398     399      79870
a     398     397      79870
a     398     405      79870
a     399     461       1630
a     399     398      79870
a     399     406      79870
a     400     475       1630
a     400     401      79870
a     400     407      79870
a     400     393      79870
a     401     459       1630
a     401     402      79870
a     401     400      79870
a     401     408      79870
a     401     394      79870
a     402     444       1630
a     402     403      79870
a     402     401      79870
a     402     409      79870
a     402     395      79870
a     403     457       1630
a     403     404      79870
a     403     402      79870
a     403     410      79870
a     403     396      79870
a     404     488       1630
a     404     405      79870
a     404     403      79870
a     404     411      79870
a     404     397      79870
a     405     456       1630
a     405     406      79870
a     405     404      79870
a     405     412      79870
a     405     398      79870
a     406     454       1630
a     406     405      79870
a     406     413      79870
a     406     399      79870
a     407     486       1630
a     407     408      79870
a     407     414      79870
a     407     400      79870
a     408     469       1630
a     408     409      79870
a     408     407      79870
a     408     415      79870
a     408     401      79870
a     409     466       1630
a     409     410      79870
a     409     408      79870
a     409     416      79870
a     409     402      79870
a     410     443       1630
a     410     411      79870
a     410     409      79870
a     410     417      79870
a     410     403      79870
a     411     453       1630
a     411     412      79870
a     411     410      79870
a     411     418      79870
a     411     404      79870
a     412     489       1630
a     412     413      79870
a     412     411      79870
a     412     419      79870
a     412     405      79870
a     413     464       1630
a     413     412      79870
a     413     420      79870
a     413     406      79870
a     414     449       1630
a     414     415      79870
a     414     421      79870
a     414     407      79870
a     415     471       1630
a     415     416      79870
a     415     414      79870
a     415     422      79870
a     415     408      79870
a     416     468       1630
a     416     417      79870
a     416     415      79870
a     416     423      79870
a     416     409      79870
a     417     483       1630
a     417     418      79870
a     417     416      79870
a     417     424      79870
a     417     410      79870
a     418     446       1630
a     418     419      79870
a     418     417      79870
a     418     425      79870
a     418     411      79870
a     419     472       1630
a     419     420      79870
a     419     418      79870
a     419     426      79870
a     419     412      79870
a     420     480       1630
a     420     419      79870
a     420     427      79870
a     420     413      79870
a     421     485       1630
a     421     422      79870
a     421     428      79870
a     421     414      79870
a     422     442       1630
a     422     423      79870
a     422     421      79870
a     422     429      79870
a     422     415      79870
a     423     452       1630
a     423     424      79870
a     423     422      79870
a     423     430      79870
a     423     416      79870
a     424     490       1630
a     424     425      79870
a     424     423      79870
a     424     431      79870
a     424     417      79870
a     425     463       1630
a     425     426      79870
a     425     424      79870
a     425     432      79870
a     425     418      79870
a     426     478       1630
a     426     427      79870
a     426     425      79870
a     426     433      79870
a     426     419      79870
a     427     462       1630
a     427     426      79870
a     427     434      79870
a     427     420      79870
a     428     479       1630
a     428     429      79870
a     428     435      79870
a     428     421      79870
a     429     455       1630
a     429     430      79870
a     429     428      79870
a     429     436      79870
a     429     422      79870
a     430     451       1630
a     430     431      79870
a     430     429      79870
a     430     437      79870
a     430     423      79870
a     431     450       1630
a     431     432      79870
a     431     430      79870
a     431     438      79870
a     431     424      79870
a     432     476       1630
a     432     433      79870
a     432     431      79870
a     432     439      79870
a     432     425      79870
a     433     460       1630
a     433     434      79870
a     433     432      79870
a     433     440      79870
a     433     426      79870
a     434     477       1630
a     434     433      79870
a     434     441      79870
a     434     427      79870
a     435     448       1630
a     435     436      79870
a     435     428      79870
a     436     470       1630
a     436     437      79870
a     436     435      79870
a     436     429      79870
a     437     445       1630
a     437     438      79870
a     437     436      79870
a     437     430      79870
a     438     467       1630
a     438     439      79870
a     438     437      79870
a     438     431      79870
a     439     482       1630
a     439     440      79870
a     439     438      79870
a     439     432      79870
a     440     481       1630
a     440     441      79870
a     440     439      79870
a     440     433      79870
a     441     458       1630
a     441     440      79870
a     441     434      79870
a     442     497       1630
a     442     443      79870
a     442     449      79870
a     443     536       1630
a     443     444      79870
a     443     442      79870
a     443     450      79870
a     444     518       1630
a     444     445      79870
a     444     443      79870
a     444     451      79870
a     445     515       1630
a     445     446      79870
a     445     444      79870
a     445     452      79870
a     446     525       1630
a     446     447      79870
a     446     445      79870
a     446     453      79870
a     447     494       1630
a     447     448      79870
a     447     446      79870
a     447     454      79870
a     448     496       1630
a     448     447      79870
a     448     455      79870
a     449     505       1630
a     449     450      79870
a     449     456      79870
a     449     442      79870
a     450     501       1630
a     450     451      79870
a     450     449      79870
a     450     457      79870
a     450     443      79870
a     451     524       1630
a     451     452      79870
a     451     450      79870
a     451     458      79870
a     451     444      79870
a     452     492       1630
a     452     453      79870
a     452     451      79870
a     452     459      79870
a     452     445      79870
a     453     493       1630
a     453     454      79870
a     453     452      79870
a     453     460      79870
a     453     446      79870
a     454     532       1630
a     454     455      79870
a     454     453      79870
a     454     461      79870
a     454     447      79870
a     455     523       1630
a     455     454      79870
a     455     462      79870
a     455     448      79870
a     456     502       1630
a     456     457      79870
a     456     463      79870
a     456     449      79870
a     457     509       1630
a     457     458      79870
a     457     456      79870
a     457     464      79870
a     457     450      79870
a     458     520       1630
a     458     459      79870
a     458     457      79870
a     458     465      79870
a     458     451      79870
a     459     500       1630
a     459     460      79870
a     459     458      79870
a     459     466      79870
a     459     452      79870
a     460     506       1630
a     460     461      79870
a     460     459      79870
a     460     467      79870
a     460     453      79870
a     461     517       1630
a     461     462      79870
a     461     460      79870
a     461     468      79870
a     461     454      79870
a     462     513       1630
a     462     461      79870
a     462     469      79870
a     462     455      79870
a     463     530       1630
a     463     464      79870
a     463     470      79870
a     463     456      79870
a     464     510       1630
a     464     465      79870
a     464     463      79870
a     464     471      79870
a     464     457      79870
a     465     495       1630
a     465     466      79870
a     465     464      79870
a     465     472      79870
a     465     458      79870
a     466     522       1630
a     466     467      79870
a     466     465      79870
a     466     473      79870
a     466     459      79870
a     467     499       1630
a     467     468      79870
a     467     466      79870
a     467     474      79870
a     467     460      79870
a     468     526       1630
a     468     469      79870
a     468     467      79870
a     468     475      79870
a     468     461      79870
a     469     535       1630
a     469     468      79870
a     469     476      79870
a     469     462      79870
a     470     491       1630
a     470     471      79870
a     470     477      79870
a     470     463      79870
a     471     534       1630
a     471     472      79870
a     471     470      79870
a     471     478      79870
a     471     464      79870
a     472     503       1630
a     472     473      79870
a     472     471      79870
a     472     479      79870
a     472     465      79870
a     473     521       1630
a     473     474      79870
a     473     472      79870
a     473     480      79870
a     473     466      79870
a     474     533       1630
a     474     475      79870
a     474     473      79870
a     474     481      79870
a     474     467      79870
a     475     512       1630
a     475     476      79870
a     475     474      79870
a     475     482      79870
a     475     468      79870
a     476     519       1630
a     476     475      79870
a     476     483      79870
a     476     469      79870
a     477     537       1630
a     477     478      79870
a     477     484      79870
a     477     470      79870
a     478     538       1630
a     478     479      79870
a     478     477      79870
a     478     485      79870
a     478     471      79870
a     479     498       1630
a     479     480      79870
a     479     478      79870
a     479     486      79870
a     479     472      79870
a     480     528       1630
a     480     481      79870
a     480     479      79870
a     480     487      79870
a     480     473      79870
a     481     508       1630
a     481     482      79870
a     481     480      79870
a     481     488      79870
a     481     474      79870
a     482     514       1630
a     482     483      79870
a     482     481      79870
a     482     489      79870
a     482     475      79870
a     483     529       1630
a     483     482      79870
a     483     490      79870
a     483     476      79870
a     484     539       1630
a     484     485      79870
a     484     477      79870
a     485     527       1630
a     485     486      79870
a     485     484      79870
a     485     478      79870
a     486     531       1630
a     486     487      79870
a     486     485      79870
a     486     479      79870
a     487     516       1630
a     487     488      79870
a     487     486      79870
a     487     480      79870
a     488     507       1630
a     488     489      79870
a     488     487      79870
a     488     481      79870
a     489     504       1630
a     489     490      79870
a     489     488      79870
a     489     482      79870
a     490     511       1630
a     490     489      79870
a     490     483      79870
a     491     552       1630
a     491     492      79870
a     491     498      79870
a     492     571       1630
a     492     493      79870
a     492     491      79870
a     492     499      79870
a     493     578       1630
a     493     494      79870
a     493     492      79870
a     493     500      79870
a     494     574       1630
a     494     495      79870
a     494     493      79870
a     494     501      79870
a     495     582       1630
a     495     496      79870
a     495     494      79870
a     495     502      79870
a     496     563       1630
a     496     497      79870
a     496     495      79870
a     496     503      79870
a     497     553       1630
a     497     496      79870
a     497     504      79870
a     498     588       1630
a     498     499      79870
a     498     505      79870
a     498     491      79870
a     499     568       1630
a     499     500      79870
a     499     498      79870
a     499     506      79870
a     499     492      79870
a     500     560       1630
a     500     501      79870
a     500     499      79870
a     500     507      79870
a     500     493      79870
a     501     554       1630
a     501     502      79870
a     501     500      79870
a     501     508      79870
a     501     494      79870
a     502     561       1630
a     502     503      79870
a     502     501      79870
a     502     509      79870
a     502     495      79870
a     503     581       1630
a     503     504      79870
a     503     502      79870
a     503     510      79870
a     503     496      79870
a     504     587       1630
a     504     503      79870
a     504     511      79870
a     504     497      79870
a     505     558       1630
a     505     506      79870
a     505     512      79870
a     505     498      79870
a     506     546       1630
a     506     507      79870
a     506     505      79870
a     506     513      79870
a     506     499      79870
a     507     547       1630
a     507     508      79870
a     507     506      79870
a     507     514      79870
a     507     500      79870
a     508     545       1630
a     508     509      79870
a     508     507      79870
a     508     515      79870
a     508     501      79870
a     509     579       1630
a     509     510      79870
a     509     508      79870
a     509     516      79870
a     509     502      79870
a     510     562       1630
a     510     511      79870
a     510     509      79870
a     510     517      79870
a     510     503      79870
a     511     584       1630
a     511     510      79870
a     511     518      79870
a     511     504      79870
a     512     570       1630
a     512     513      79870
a     512     519      79870
a     512     505      79870
a     513     555       1630
a     513     514      79870
a     513     512      79870
a     513     520      79870
a     513     506      79870
a     514     550       1630
a     514     515      79870
a     514     513      79870
a     514     521      79870
a     514     507      79870
a     515     548       1630
a     515     516      79870
a     515     514      79870
a     515     522      79870
a     515     508      79870
a     516     544       1630
a     516     517      79870
a     516     515      79870
a     516     523      79870
a     516     509      79870
a     517     575       1630
a     517     518      79870
a     517     516      79870
a     517     524      79870
a     517     510      79870
a     518     566       1630
a     518     517      79870
a     518     525      79870
a     518     511      79870
a     519     564       1630
a     519     520      79870
a     519     526      79870
a     519     512      79870
a     520     580       1630
a     520     521      79870
a     520     519      79870
a     520     527      79870
a     520     513      79870
a     521     541       1630
a     521     522      79870
a     521     520      79870
a     521     528      79870
a     521     514      79870
a     522     549       1630
a     522     523      79870
a     522     521      79870
a     522     529      79870
a     522     515      79870
a     523     577       1630
a     523     524      79870
a     523     522      79870
a     523     530      79870
a     523     516      79870
a     524     565       1630
a     524     525      79870
a     524     523      79870
a     524     531      79870
a     524     517      79870
a     525     557       1630
a     525     524      79870
a     525     532      79870
a     525     518      79870
a     526     559       1630
a     526     527      79870
a     526     533      79870
a     526     519      79870
a     527     543       1630
a     527     528      79870
a     527     526      79870
a     527     534      79870
a     527     520      79870
a     528     572       1630
a     528     529      79870
a     528     527      79870
a     528     535      79870
a     528     521      79870
a     529     540       1630
a     529     530      79870
a     529     528      79870
a     529     536      79870
a     529     522      79870
a     530     551       1630
a     530     531      79870
a     530     529      79870
a     530     537      79870
a     530     523      79870
a     531     583       1630
a     531     532      79870
a     531     530      79870
a     531     538      79870
a     531     524      79870
a     532     576       1630
a     532     531      79870
a     532     539      79870
a     532     525      79870
a     533     585       1630
a     533     534      79870
a     533     526      79870
a     534     586       1630
a     534     535      79870
a     534     533      79870
a     534     527      79870
a     535     573       1630
a     535     536      79870
a     535     534      79870
a     535     528      79870
a     536     567       1630
a     536     537      79870
a     536     535      79870
a     536     529      79870
a     537     556       1630
a     537     538      79870
a     537     536      79870
a     537     530      79870
a     538     542       1630
a     538     539      79870
a     538     537      79870
a     538     531      79870
a     539     569       1630
a     539     538      79870
a     539     532      79870
a     540     601       1630
a     540     541      79870
a     540     547      79870
a     541     604       1630
a     541     542      79870
a     541     540      79870
a     541     548      79870
a     542     637       1630
a     542     543      79870
a     542     541      79870
a     542     549      79870
a     543     631       1630
a     543     544      79870
a     543     542      79870
a     543     550      79870
a     544     617       1630
a     544     545      79870
a     544     543      79870
a     544     551      79870
a     545     625       1630
a     545     546      79870
a     545     544      79870
a     545     552      79870
a     546     627       1630
a     546     545      79870
a     546     553      79870
a     547     621       1630
a     547     548      79870
a     547     554      79870
a     547     540      79870
a     548     600       1630
a     548     549      79870
a     548     547      79870
a     548     555      79870
a     548     541      79870
a     549     591       1630
a     549     550      79870
a     549     548      79870
a     549     556      79870
a     549     542      79870
a     550     618       1630
a     550     551      79870
a     550     549      79870
a     550     557      79870
a     550     543      79870
a     551     603       1630
a     551     552      79870
a     551     550      79870
a     551     558      79870
a     551     544      79870
a     552     636       1630
a     552     553      79870
a     552     551      79870
a     552     559      79870
a     552     545      79870
a     553     593       1630
a     553     552      79870
a     553     560      79870
a     553     546      79870
a     554     594       1630
a     554     555      79870
a     554     561      79870
a     554     547      79870
a     555     598       1630
a     555     556      79870
a     555     554      79870
a     555     562      79870
a     555     548      79870
a     556     613       1630
a     556     557      79870
a     556     555      79870
a     556     563      79870
a     556     549      79870
a     557     635       1630
a     557     558      79870
a     557     556      79870
a     557     564      79870
a     557     550      79870
a     558     619       1630
a     558     559      79870
a     558     557      79870
a     558     565      79870
a     558     551      79870
a     559     595       1630
a     559     560      79870
a     559     558      79870
a     559     566      79870
a     559     552      79870
a     560     607       1630
a     560     559      79870
a     560     567      79870
a     560     553      79870
a     561     629       1630
a     561     562      79870
a     561     568      79870
a     561     554      79870
a     562     602       1630
a     562     563      79870
a     562     561      79870
a     562     569      79870
a     562     555      79870
a     563     622       1630
a     563     564      79870
a     563     562      79870
a     563     570      79870
a     563     556      79870
a     564     592       1630
a     564     565      79870
a     564     563      79870
a     564     571      79870
a     564     557      79870
a     565     590       1630
a     565     566      79870
a     565     564      79870
a     565     572      79870
a     565     558      79870
a     566     628       1630
a     566     567      79870
a     566     565      79870
a     566     573      79870
a     566     559      79870
a     567     614       1630
a     567     566      79870
a     567     574      79870
a     567     560      79870
a     568     626       1630
a     568     569      79870
a     568     575      79870
a     568     561      79870
a     569     597       1630
a     569     570      79870
a     569     568      79870
a     569     576      79870
a     569     562      79870
a     570     630       1630
a     570     571      79870
a     570     569      79870
a     570     577      79870
a     570     563      79870
a     571     620       1630
a     571     572      79870
a     571     570      79870
a     571     578      79870
a     571     564      79870
a     572     610       1630
a     572     573      79870
a     572     571      79870
a     572     579      79870
a     572     565      79870
a     573     623       1630
a     573     574      79870
a     573     572      79870
a     573     580      79870
a     573     566      79870
a     574     634       1630
a     574     573      79870
a     574     581      79870
a     574     567      79870
a     575     612       1630
a     575     576      79870
a     575     582      79870
a     575     568      79870
a     576     599       1630
a     576     577      79870
a     576     575      79870
a     576     583      79870
a     576     569      79870
a     577     616       1630
a     577     578      79870
a     577     576      79870
a     577     584      79870
a     577     570      79870
a     578     632       1630
a     578     579      79870
a     578     577      79870
a     578     585      79870
a     578     571      79870
a     579     589       1630
a     579     580      79870
a     579     578      79870
a     579     586      79870
a     579     572      79870
a     580     611       1630
a     580     581      79870
a     580     579      79870
a     580     587      79870
a     580     573      79870
a     581     606       1630
a     581     580      79870
a     581     588      79870
a     581     574      79870
a     582     633       1630
a     582     583      79870
a     582     575      79870
a     583     605       1630
a     583     584      79870
a     583     582      79870
a     583     576      79870
a     584     609       1630
a     584     585      79870
a     584     583      79870
a     584     577      79870
a     585     608       1630
a     585     586      79870
a     585     584      79870
a     585     578      79870
a     586     596       1630
a     586     587      79870
a     586     585      79870
a     586     579      79870
a     587     615       1630
a     587     588      79870
a     587     586      79870
a     587     580      79870
a     588     624       1630
a     588     587      79870
a     588     581      79870
a     589     666       1630
a     589     590      79870
a     589     596      79870
a     590     675       1630
a     590     591      79870
a     590     589      79870
a     590     597      79870
a     591     660       1630
a     591     592      79870
a     591     590      79870
a     591     598      79870
a     592     662       1630
a     592     593      79870
a     592     591      79870
a     592     599      79870
a     593     674       1630
a     593     594      79870
a     593     592      79870
a     593     600      79870
a     594     668       1630
a     594     595      79870
a     594     593      79870
a     594     601      79870
a     595     639       1630
a     595     594      79870
a     595     602      79870
a     596     684       1630
a     596     597      79870
a     596     603      79870
a     596     589      79870
a     597     672       1630
a     597     598      79870
a     597     596      79870
a     597     604      79870
a     597     590      79870
a     598     676       1630
a     598     599      79870
a     598     597      79870
a     598     605      79870
a     598     591      79870
a     599     658       1630
a     599     600      79870
a     599     598      79870
a     599     606      79870
a     599     592      79870
a     600     682       1630
a     600     601      79870
a     600     599      79870
a     600     607      79870
a     600     593      79870
a     601     643       1630
a     601     602      79870
a     601     600      79870
a     601     608      79870
a     601     594      79870
a     602     659       1630
a     602     601      79870
a     602     609      79870
a     602     595      79870
a     603     651       1630
a     603     604      79870
a     603     610      79870
a     603     596      79870
a     604     652       1630
a     604     605      79870
a     604     603      79870
a     604     611      79870
a     604     597      79870
a     605     663       1630
a     605     606      79870
a     605     604      79870
a     605     612      79870
a     605     598      79870
a     606     653       1630
a     606     607      79870
a     606     605      79870
a     606     613      79870
a     606     599      79870
a     607     647       1630
a     607     608      79870
a     607     606      79870
a     607     614      79870
a     607     600      79870
a     608     655       1630
a     608     609      79870
a     608     607      79870
a     608     615      79870
a     608     601      79870
a     609     648       1630
a     609     608      79870
a     609     616      79870
a     609     602      79870
a     610     661       1630
a     610     611      79870
a     610     617      79870
a     610     603      79870
a     611     640       1630
a     611     612      79870
a     611     610      79870
a     611     618      79870
a     611     604      79870
a     612     673       1630
a     612     613      79870
a     612     611      79870
a     612     619      79870
a     612     605      79870
a     613     670       1630
a     613     614      79870
a     613     612      79870
a     613     620      79870
a     613     606      79870
a     614     679       1630
a     614     615      79870
a     614     613      79870
a     614     621      79870
a     614     607      79870
a     615     645       1630
a     615     616      79870
a     615     614      79870
a     615     622      79870
a     615     608      79870
a     616     669       1630
a     616     615      79870
a     616     623      79870
a     616     609      79870
a     617     686       1630
a     617     618      79870
a     617     624      79870
a     617     610      79870
a     618     641       1630
a     618     619      79870
a     618     617      79870
a     618     625      79870
a     618     611      79870
a     619     665       1630
a     619     620      79870
a     619     618      79870
a     619     626      79870
a     619     612      79870
a     620     680       1630
a     620     621      79870
a     620     619      79870
a     620     627      79870
a     620     613      79870
a     621     642       1630
a     621     622      79870
a     621     620      79870
a     621     628      79870
a     621     614      79870
a     622     646       1630
a     622     623      79870
a     622     621      79870
a     622     629      79870
a     622     615      79870
a     623     664       1630
a     623     622      79870
a     623     630      79870
a     623     616      79870
a     624     678       1630
a     624     625      79870
a     624     631      79870
a     624     617      79870
a     625     677       1630
a     625     626      79870
a     625     624      79870
a     625     632      79870
a     625     618      79870
a     626     654       1630
a     626     627      79870
a     626     625      79870
a     626     633      79870
a     626     619      79870
a     627     644       1630
a     627     628      79870
a     627     626      79870
a     627     634      79870
a     627     620      79870
a     628     649       1630
a     628     629      79870
a     628     627      79870
a     628     635      79870
a     628     621      79870
a     629     650       1630
a     629     630      79870
a     629     628      79870
a     629     636      79870
a     629     622      79870
a     630     683       1630
a     630     629      79870
a     630     637      79870
a     630     623      79870
a     631     667       1630
a     631     632      79870
a     631     624      79870
a     632     657       1630
a     632     633      79870
a     632     631      79870
a     632     625      79870
a     633     681       1630
a     633     634      79870
a     633     632      79870
a     633     626      79870
a     634     685       1630
a     634     635      79870
a     634     633      79870
a     634     627      79870
a     635     671       1630
a     635     636      79870
a     635     634      79870
a     635     628      79870
a     636     638       1630
a     636     637      79870
a     636     635      79870
a     636     629      79870
a     637     656       1630
a     637     636      79870
a     637     630      79870
a     638     639      79870
a     638     645      79870
a     639     640      79870
a     639     638      79870
a     639     646      79870
a     640     641      79870
a     640     639      79870
a     640     647      79870
a     641     642      79870
a     641     640      79870
a     641     648      79870
a     642     643      79870
a     642     641      79870
a     642     649      79870
a     643     644      79870
a     643     642      79870
a     643     650      79870
a     644     643      79870
a     644     651      79870
a     645     646      79870
a     645     652      79870
a     645     638      79870
a     646     647      79870
a     646     645      79870
a     646     653      79870
a     646     639      79870
a     647     648      79870
a     647     646      79870
a     647     654      79870
a     647     640      79870
a     648     649      79870
a     648     647      79870
a     648     655      79870
a     648     641      79870
a     649     650      79870
a     649     648      79870
a     649     656      79870
a     649     642      79870
a     650     651      79870
a     650     649      79870
a     650     657      79870
a     650     643      79870
a     651     650      79870
a     651     658      79870
a     651     644      79870
a     652     653      79870
a     652     659      79870
a     652     645      79870
a     653     654      79870
a     653     652      79870
a     653     660      79870
a     653     646      79870
a     654     655      79870
a     654     653      79870
a     654     661      79870
a     654     647      79870
a     655     656      79870
a     655     654      79870
a     655     662      79870
a     655     648      79870
a     656     657      79870
a     656     655      79870
a     656     663      79870
a     656     649      79870
a     657     658      79870
a     657     656      79870
a     657     664      79870
a     657     650      79870
a     658     657      79870
a     658     665      79870
a     658     651      79870
a     659     660      79870
a     659     666      79870
a     659     652      79870
a     660     661      79870
a     660     659      79870
a     660     667      79870
a     660     653      79870
a     661     662      79870
a     661     660      79870
a     661     668      79870
a     661     654      79870
a     662     663      79870
a     662     661      79870
a     662     669      79870
a     662     655      79870
a     663     664      79870
a     663     662      79870
a     663     670      79870
a     663     656      79870
a     664     665      79870
a     664     663      79870
a     664     671      79870
a     664     657      79870
a     665     664      79870
a     665     672      79870
a     665     658      79870
a     666     667      79870
a     666     673      79870
a     666     659      79870
a     667     668      79870
a     667     666      79870
a     667     674      79870
a     667     660      79870
a     668     669      79870
a     668     667      79870
a     668     675      79870
a     668     661      79870
a     669     670      79870
a     669     668      79870
a     669     676      79870
a     669     662      79870
a     670     671      79870
a     670     669      79870
a     670     677      79870
a     670     663      79870
a     671     672      79870
a     671     670      79870
a     671     678      79870
a     671     664      79870
a     672     671      79870
a     672     679      79870
a     672     665      79870
a     673     674      79870
a     673     680      79870
a     673     666      79870
a     674     675      79870
a     674     673      79870
a     674     681      79870
a     674     667      79870
a     675     676      79870
a     675     674      79870
a     675     682      79870
a     675     668      79870
a     676     677      79870
a     676     675      79870
a     676     683      79870
a     676     669      79870
a     677     678      79870
a     677     676      79870
a     677     684      79870
a     677     670      79870
a     678     679      79870
a     678     677      79870
a     678     685      79870
a     678     671      79870
a     679     678      79870
a     679     686      79870
a     679     672      79870
a     680     681      79870
a     680     673      79870
a     681     682      79870
a     681     680      79870
a     681     674      79870
a     682     683      79870
a     682     681      79870
a     682     675      79870
a     683     684      79870
a     683     682      79870
a     683     676      79870
a     684     685      79870
a     684     683      79870
a     684     677      79870
a     685     686      79870
a     685     684      79870
a     685     678      79870
a     686     685      79870
a     686     679      79870
