c This file was generated by genrmf.
c The parameters are: a: 11 b: 4 c1: 616 c2: 616 seed: 1666103673
p max     484       2123
n       1 s
n     484 t
a       1     133        616
a       1       2      74536
a       1      12      74536
a       2     145        616
a       2       3      74536
a       2       1      74536
a       2      13      74536
a       3     143        616
a       3       4      74536
a       3       2      74536
a       3      14      74536
a       4     219        616
a       4       5      74536
a       4       3      74536
a       4      15      74536
a       5     218        616
a       5       6      74536
a       5       4      74536
a       5      16      74536
a       6     198        616
a       6       7      74536
a       6       5      74536
a       6      17      74536
a       7     182        616
a       7       8      74536
a       7       6      74536
a       7      18      74536
a       8     131        616
a       8       9      74536
a       8       7      74536
a       8      19      74536
a       9     222        616
a       9      10      74536
a       9       8      74536
a       9      20      74536
a      10     168        616
a      10      11      74536
a      10       9      74536
a      10      21      74536
a      11     220        616
a      11      10      74536
a      11      22      74536
a      12     173        616
a      12      13      74536
a      12      23      74536
a      12       1      74536
a      13     166        616
a      13      14      74536
a      13      12      74536
a      13      24      74536
a      13       2      74536
a      14     130        616
a      14      15      74536
a      14      13      74536
a      14      25      74536
a      14       3      74536
a      15     229        616
a      15      16      74536
a      15      14      74536
a      15      26      74536
a      15       4      74536
a      16     139        616
a      16      17      74536
a      16      15      74536
a      16      27      74536
a      16       5      74536
a      17     169        616
a      17      18      74536
a      17      16      74536
a      17      28      74536
a      17       6      74536
a      18     233        616
a      18      19      74536
a      18      17      74536
a      18      29      74536
a      18       7      74536
a      19     191        616
a      19      20      74536
a      19      18      74536
a      19      30      74536
a      19       8      74536
a      20     161        616
a      20      21      74536
a      20      19      74536
a      20      31      74536
a      20       9      74536
a      21     154        616
a      21      22      74536
a      21      20      74536
a      21      32      74536
a      21      10      74536
a      22     197        616
a      22      21      74536
a      22      33      74536
a      22      11      74536
a      23     192        616
a      23      24      74536
a      23      34      74536
a      23      12      74536
a      24     155        616
a      24      25      74536
a      24      23      74536
a      24      35      74536
a      24      13      74536
a      25     241        616
a      25      26      74536
a      25      24      74536
a      25      36      74536
a      25      14      74536
a      26     209        616
a      26      27      74536
a      26      25      74536
a      26      37      74536
a      26      15      74536
a      27     187        616
a      27      28      74536
a      27      26      74536
a      27      38      74536
a      27      16      74536
a      28     163        616
a      28      29      74536
a      28      27      74536
a      28      39      74536
a      28      17      74536
a      29     126        616
a      29      30      74536
a      29      28      74536
a      29      40      74536
a      29      18      74536
a      30     167        616
a      30      31      74536
a      30      29      74536
a      30      41      74536
a      30      19      74536
a      31     181        616
a      31      32      74536
a      31      30      74536
a      31      42      74536
a      31      20      74536
a      32     226        616
a      32      33      74536
a      32      31      74536
a      32      43      74536
a      32      21      74536
a      33     208        616
a      33      32      74536
a      33      44      74536
a      33      22      74536
a      34     171        616
a      34      35      74536
a      34      45      74536
a      34      23      74536
a      35     174        616
a      35      36      74536
a      35      34      74536
a      35      46      74536
a      35      24      74536
a      36     185        616
a      36      37      74536
a      36      35      74536
a      36      47      74536
a      36      25      74536
a      37     149        616
a      37      38      74536
a      37      36      74536
a      37      48      74536
a      37      26      74536
a      38     232        616
a      38      39      74536
a      38      37      74536
a      38      49      74536
a      38      27      74536
a      39     148        616
a      39      40      74536
a      39      38      74536
a      39      50      74536
a      39      28      74536
a      40     205        616
a      40      41      74536
a      40      39      74536
a      40      51      74536
a      40      29      74536
a      41     227        616
a      41      42      74536
a      41      40      74536
a      41      52      74536
a      41      30      74536
a      42     134        616
a      42      43      74536
a      42      41      74536
a      42      53      74536
a      42      31      74536
a      43     221        616
a      43      44      74536
a      43      42      74536
a      43      54      74536
a      43      32      74536
a      44     214        616
a      44      43      74536
a      44      55      74536
a      44      33      74536
a      45     122        616
a      45      46      74536
a      45      56      74536
a      45      34      74536
a      46     135        616
a      46      47      74536
a      46      45      74536
a      46      57      74536
a      46      35      74536
a      47     194        616
a      47      48      74536
a      47      46      74536
a      47      58      74536
a      47      36      74536
a      48     238        616
a      48      49      74536
a      48      47      74536
a      48      59      74536
a      48      37      74536
a      49     196        616
a      49      50      74536
a      49      48      74536
a      49      60      74536
a      49      38      74536
a      50     203        616
a      50      51      74536
a      50      49      74536
a      50      61      74536
a      50      39      74536
a      51     160        616
a      51      52      74536
a      51      50      74536
a      51      62      74536
a      51      40      74536
a      52     157        616
a      52      53      74536
a      52      51      74536
a      52      63      74536
a      52      41      74536
a      53     124        616
a      53      54      74536
a      53      52      74536
a      53      64      74536
a      53      42      74536
a      54     123        616
a      54      55      74536
a      54      53      74536
a      54      65      74536
a      54      43      74536
a      55     239        616
a      55      54      74536
a      55      66      74536
a      55      44      74536
a      56     153        616
a      56      57      74536
a      56      67      74536
a      56      45      74536
a      57     213        616
a      57      58      74536
a      57      56      74536
a      57      68      74536
a      57      46      74536
a      58     128        616
a      58      59      74536
a      58      57      74536
a      58      69      74536
a      58      47      74536
a      59     225        616
a      59      60      74536
a      59      58      74536
a      59      70      74536
a      59      48      74536
a      60     150        616
a      60      61      74536
a      60      59      74536
a      60      71      74536
a      60      49      74536
a      61     142        616
a      61      62      74536
a      61      60      74536
a      61      72      74536
a      61      50      74536
a      62     158        616
a      62      63      74536
a      62      61      74536
a      62      73      74536
a      62      51      74536
a      63     147        616
a      63      64      74536
a      63      62      74536
a      63      74      74536
a      63      52      74536
a      64     190        616
a      64      65      74536
a      64      63      74536
a      64      75      74536
a      64      53      74536
a      65     179        616
a      65      66      74536
a      65      64      74536
a      65      76      74536
a      65      54      74536
a      66     129        616
a      66      65      74536
a      66      77      74536
a      66      55      74536
a      67     170        616
a      67      68      74536
a      67      78      74536
a      67      56      74536
a      68     237        616
a      68      69      74536
a      68      67      74536
a      68      79      74536
a      68      57      74536
a      69     206        616
a      69      70      74536
a      69      68      74536
a      69      80      74536
a      69      58      74536
a      70     207        616
a      70      71      74536
a      70      69      74536
a      70      81      74536
a      70      59      74536
a      71     228        616
a      71      72      74536
a      71      70      74536
a      71      82      74536
a      71      60      74536
a      72     210        616
a      72      73      74536
a      72      71      74536
a      72      83      74536
a      72      61      74536
a      73     162        616
a      73      74      74536
a      73      72      74536
a      73      84      74536
a      73      62      74536
a      74     240        616
a      74      75      74536
a      74      73      74536
a      74      85      74536
a      74      63      74536
a      75     137        616
a      75      76      74536
a      75      74      74536
a      75      86      74536
a      75      64      74536
a      76     223        616
a      76      77      74536
a      76      75      74536
a      76      87      74536
a      76      65      74536
a      77     242        616
a      77      76      74536
a      77      88      74536
a      77      66      74536
a      78     200        616
a      78      79      74536
a      78      89      74536
a      78      67      74536
a      79     127        616
a      79      80      74536
a      79      78      74536
a      79      90      74536
a      79      68      74536
a      80     175        616
a      80      81      74536
a      80      79      74536
a      80      91      74536
a      80      69      74536
a      81     159        616
a      81      82      74536
a      81      80      74536
a      81      92      74536
a      81      70      74536
a      82     177        616
a      82      83      74536
a      82      81      74536
a      82      93      74536
a      82      71      74536
a      83     199        616
a      83      84      74536
a      83      82      74536
a      83      94      74536
a      83      72      74536
a      84     140        616
a      84      85      74536
a      84      83      74536
a      84      95      74536
a      84      73      74536
a      85     136        616
a      85      86      74536
a      85      84      74536
a      85      96      74536
a      85      74      74536
a      86     230        616
a      86      87      74536
a      86      85      74536
a      86      97      74536
a      86      75      74536
a      87     195        616
a      87      88      74536
a      87      86      74536
a      87      98      74536
a      87      76      74536
a      88     186        616
a      88      87      74536
a      88      99      74536
a      88      77      74536
a      89     236        616
a      89      90      74536
a      89     100      74536
a      89      78      74536
a      90     164        616
a      90      91      74536
a      90      89      74536
a      90     101      74536
a      90      79      74536
a      91     215        616
a      91      92      74536
a      91      90      74536
a      91     102      74536
a      91      80      74536
a      92     216        616
a      92      93      74536
a      92      91      74536
a      92     103      74536
a      92      81      74536
a      93     202        616
a      93      94      74536
a      93      92      74536
a      93     104      74536
a      93      82      74536
a      94     224        616
a      94      95      74536
a      94      93      74536
a      94     105      74536
a      94      83      74536
a      95     151        616
a      95      96      74536
a      95      94      74536
a      95     106      74536
a      95      84      74536
a      96     211        616
a      96      97      74536
a      96      95      74536
a      96     107      74536
a      96      85      74536
a      97     180        616
a      97      98      74536
a      97      96      74536
a      97     108      74536
a      97      86      74536
a      98     193        616
a      98      99      74536
a      98      97      74536
a      98     109      74536
a      98      87      74536
a      99     189        616
a      99      98      74536
a      99     110      74536
a      99      88      74536
a     100     204        616
a     100     101      74536
a     100     111      74536
a     100      89      74536
a     101     234        616
a     101     102      74536
a     101     100      74536
a     101     112      74536
a     101      90      74536
a     102     165        616
a     102     103      74536
a     102     101      74536
a     102     113      74536
a     102      91      74536
a     103     176        616
a     103     104      74536
a     103     102      74536
a     103     114      74536
a     103      92      74536
a     104     183        616
a     104     105      74536
a     104     103      74536
a     104     115      74536
a     104      93      74536
a     105     201        616
a     105     106      74536
a     105     104      74536
a     105     116      74536
a     105      94      74536
a     106     141        616
a     106     107      74536
a     106     105      74536
a     106     117      74536
a     106      95      74536
a     107     235        616
a     107     108      74536
a     107     106      74536
a     107     118      74536
a     107      96      74536
a     108     146        616
a     108     109      74536
a     108     107      74536
a     108     119      74536
a     108      97      74536
a     109     132        616
a     109     110      74536
a     109     108      74536
a     109     120      74536
a     109      98      74536
a     110     125        616
a     110     109      74536
a     110     121      74536
a     110      99      74536
a     111     178        616
a     111     112      74536
a     111     100      74536
a     112     144        616
a     112     113      74536
a     112     111      74536
a     112     101      74536
a     113     212        616
a     113     114      74536
a     113     112      74536
a     113     102      74536
a     114     217        616
a     114     115      74536
a     114     113      74536
a     114     103      74536
a     115     138        616
a     115     116      74536
a     115     114      74536
a     115     104      74536
a     116     156        616
a     116     117      74536
a     116     115      74536
a     116     105      74536
a     117     188        616
a     117     118      74536
a     117     116      74536
a     117     106      74536
a     118     184        616
a     118     119      74536
a     118     117      74536
a     118     107      74536
a     119     231        616
a     119     120      74536
a     119     118      74536
a     119     108      74536
a     120     172        616
a     120     121      74536
a     120     119      74536
a     120     109      74536
a     121     152        616
a     121     120      74536
a     121     110      74536
a     122     285        616
a     122     123      74536
a     122     133      74536
a     123     255        616
a     123     124      74536
a     123     122      74536
a     123     134      74536
a     124     260        616
a     124     125      74536
a     124     123      74536
a     124     135      74536
a     125     300        616
a     125     126      74536
a     125     124      74536
a     125     136      74536
a     126     303        616
a     126     127      74536
a     126     125      74536
a     126     137      74536
a     127     357        616
a     127     128      74536
a     127     126      74536
a     127     138      74536
a     128     274        616
a     128     129      74536
a     128     127      74536
a     128     139      74536
a     129     313        616
a     129     130      74536
a     129     128      74536
a     129     140      74536
a     130     317        616
a     130     131      74536
a     130     129      74536
a     130     141      74536
a     131     332        616
a     131     132      74536
a     131     130      74536
a     131     142      74536
a     132     310        616
a     132     131      74536
a     132     143      74536
a     133     263        616
a     133     134      74536
a     133     144      74536
a     133     122      74536
a     134     257        616
a     134     135      74536
a     134     133      74536
a     134     145      74536
a     134     123      74536
a     135     287        616
a     135     136      74536
a     135     134      74536
a     135     146      74536
a     135     124      74536
a     136     304        616
a     136     137      74536
a     136     135      74536
a     136     147      74536
a     136     125      74536
a     137     280        616
a     137     138      74536
a     137     136      74536
a     137     148      74536
a     137     126      74536
a     138     278        616
a     138     139      74536
a     138     137      74536
a     138     149      74536
a     138     127      74536
a     139     334        616
a     139     140      74536
a     139     138      74536
a     139     150      74536
a     139     128      74536
a     140     299        616
a     140     141      74536
a     140     139      74536
a     140     151      74536
a     140     129      74536
a     141     249        616
a     141     142      74536
a     141     140      74536
a     141     152      74536
a     141     130      74536
a     142     293        616
a     142     143      74536
a     142     141      74536
a     142     153      74536
a     142     131      74536
a     143     337        616
a     143     142      74536
a     143     154      74536
a     143     132      74536
a     144     308        616
a     144     145      74536
a     144     155      74536
a     144     133      74536
a     145     272        616
a     145     146      74536
a     145     144      74536
a     145     156      74536
a     145     134      74536
a     146     335        616
a     146     147      74536
a     146     145      74536
a     146     157      74536
a     146     135      74536
a     147     348        616
a     147     148      74536
a     147     146      74536
a     147     158      74536
a     147     136      74536
a     148     354        616
a     148     149      74536
a     148     147      74536
a     148     159      74536
a     148     137      74536
a     149     342        616
a     149     150      74536
a     149     148      74536
a     149     160      74536
a     149     138      74536
a     150     311        616
a     150     151      74536
a     150     149      74536
a     150     161      74536
a     150     139      74536
a     151     275        616
a     151     152      74536
a     151     150      74536
a     151     162      74536
a     151     140      74536
a     152     250        616
a     152     153      74536
a     152     151      74536
a     152     163      74536
a     152     141      74536
a     153     356        616
a     153     154      74536
a     153     152      74536
a     153     164      74536
a     153     142      74536
a     154     245        616
a     154     153      74536
a     154     165      74536
a     154     143      74536
a     155     298        616
a     155     156      74536
a     155     166      74536
a     155     144      74536
a     156     252        616
a     156     157      74536
a     156     155      74536
a     156     167      74536
a     156     145      74536
a     157     296        616
a     157     158      74536
a     157     156      74536
a     157     168      74536
a     157     146      74536
a     158     318        616
a     158     159      74536
a     158     157      74536
a     158     169      74536
a     158     147      74536
a     159     270        616
a     159     160      74536
a     159     158      74536
a     159     170      74536
a     159     148      74536
a     160     262        616
a     160     161      74536
a     160     159      74536
a     160     171      74536
a     160     149      74536
a     161     297        616
a     161     162      74536
a     161     160      74536
a     161     172      74536
a     161     150      74536
a     162     322        616
a     162     163      74536
a     162     161      74536
a     162     173      74536
a     162     151      74536
a     163     277        616
a     163     164      74536
a     163     162      74536
a     163     174      74536
a     163     152      74536
a     164     327        616
a     164     165      74536
a     164     163      74536
a     164     175      74536
a     164     153      74536
a     165     361        616
a     165     164      74536
a     165     176      74536
a     165     154      74536
a     166     350        616
a     166     167      74536
a     166     177      74536
a     166     155      74536
a     167     301        616
a     167     168      74536
a     167     166      74536
a     167     178      74536
a     167     156      74536
a     168     323        616
a     168     169      74536
a     168     167      74536
a     168     179      74536
a     168     157      74536
a     169     261        616
a     169     170      74536
a     169     168      74536
a     169     180      74536
a     169     158      74536
a     170     284        616
a     170     171      74536
a     170     169      74536
a     170     181      74536
a     170     159      74536
a     171     314        616
a     171     172      74536
a     171     170      74536
a     171     182      74536
a     171     160      74536
a     172     292        616
a     172     173      74536
a     172     171      74536
a     172     183      74536
a     172     161      74536
a     173     254        616
a     173     174      74536
a     173     172      74536
a     173     184      74536
a     173     162      74536
a     174     251        616
a     174     175      74536
a     174     173      74536
a     174     185      74536
a     174     163      74536
a     175     248        616
a     175     176      74536
a     175     174      74536
a     175     186      74536
a     175     164      74536
a     176     267        616
a     176     175      74536
a     176     187      74536
a     176     165      74536
a     177     259        616
a     177     178      74536
a     177     188      74536
a     177     166      74536
a     178     271        616
a     178     179      74536
a     178     177      74536
a     178     189      74536
a     178     167      74536
a     179     359        616
a     179     180      74536
a     179     178      74536
a     179     190      74536
a     179     168      74536
a     180     305        616
a     180     181      74536
a     180     179      74536
a     180     191      74536
a     180     169      74536
a     181     326        616
a     181     182      74536
a     181     180      74536
a     181     192      74536
a     181     170      74536
a     182     329        616
a     182     183      74536
a     182     181      74536
a     182     193      74536
a     182     171      74536
a     183     276        616
a     183     184      74536
a     183     182      74536
a     183     194      74536
a     183     172      74536
a     184     349        616
a     184     185      74536
a     184     183      74536
a     184     195      74536
a     184     173      74536
a     185     319        616
a     185     186      74536
a     185     184      74536
a     185     196      74536
a     185     174      74536
a     186     333        616
a     186     187      74536
a     186     185      74536
a     186     197      74536
a     186     175      74536
a     187     330        616
a     187     186      74536
a     187     198      74536
a     187     176      74536
a     188     288        616
a     188     189      74536
a     188     199      74536
a     188     177      74536
a     189     346        616
a     189     190      74536
a     189     188      74536
a     189     200      74536
a     189     178      74536
a     190     258        616
a     190     191      74536
a     190     189      74536
a     190     201      74536
a     190     179      74536
a     191     320        616
a     191     192      74536
a     191     190      74536
a     191     202      74536
a     191     180      74536
a     192     294        616
a     192     193      74536
a     192     191      74536
a     192     203      74536
a     192     181      74536
a     193     243        616
a     193     194      74536
a     193     192      74536
a     193     204      74536
a     193     182      74536
a     194     265        616
a     194     195      74536
a     194     193      74536
a     194     205      74536
a     194     183      74536
a     195     345        616
a     195     196      74536
a     195     194      74536
a     195     206      74536
a     195     184      74536
a     196     336        616
a     196     197      74536
a     196     195      74536
a     196     207      74536
a     196     185      74536
a     197     290        616
a     197     198      74536
a     197     196      74536
a     197     208      74536
a     197     186      74536
a     198     246        616
a     198     197      74536
a     198     209      74536
a     198     187      74536
a     199     328        616
a     199     200      74536
a     199     210      74536
a     199     188      74536
a     200     316        616
a     200     201      74536
a     200     199      74536
a     200     211      74536
a     200     189      74536
a     201     268        616
a     201     202      74536
a     201     200      74536
a     201     212      74536
a     201     190      74536
a     202     302        616
a     202     203      74536
a     202     201      74536
a     202     213      74536
a     202     191      74536
a     203     295        616
a     203     204      74536
a     203     202      74536
a     203     214      74536
a     203     192      74536
a     204     312        616
a     204     205      74536
a     204     203      74536
a     204     215      74536
a     204     193      74536
a     205     360        616
a     205     206      74536
a     205     204      74536
a     205     216      74536
a     205     194      74536
a     206     343        616
a     206     207      74536
a     206     205      74536
a     206     217      74536
a     206     195      74536
a     207     273        616
a     207     208      74536
a     207     206      74536
a     207     218      74536
a     207     196      74536
a     208     289        616
a     208     209      74536
a     208     207      74536
a     208     219      74536
a     208     197      74536
a     209     324        616
a     209     208      74536
a     209     220      74536
a     209     198      74536
a     210     340        616
a     210     211      74536
a     210     221      74536
a     210     199      74536
a     211     282        616
a     211     212      74536
a     211     210      74536
a     211     222      74536
a     211     200      74536
a     212     253        616
a     212     213      74536
a     212     211      74536
a     212     223      74536
a     212     201      74536
a     213     286        616
a     213     214      74536
a     213     212      74536
a     213     224      74536
a     213     202      74536
a     214     362        616
a     214     215      74536
a     214     213      74536
a     214     225      74536
a     214     203      74536
a     215     306        616
a     215     216      74536
a     215     214      74536
a     215     226      74536
a     215     204      74536
a     216     256        616
a     216     217      74536
a     216     215      74536
a     216     227      74536
a     216     205      74536
a     217     339        616
a     217     218      74536
a     217     216      74536
a     217     228      74536
a     217     206      74536
a     218     358        616
a     218     219      74536
a     218     217      74536
a     218     229      74536
a     218     207      74536
a     219     309        616
a     219     220      74536
a     219     218      74536
a     219     230      74536
a     219     208      74536
a     220     344        616
a     220     219      74536
a     220     231      74536
a     220     209      74536
a     221     321        616
a     221     222      74536
a     221     232      74536
a     221     210      74536
a     222     264        616
a     222     223      74536
a     222     221      74536
a     222     233      74536
a     222     211      74536
a     223     279        616
a     223     224      74536
a     223     222      74536
a     223     234      74536
a     223     212      74536
a     224     307        616
a     224     225      74536
a     224     223      74536
a     224     235      74536
a     224     213      74536
a     225     352        616
a     225     226      74536
a     225     224      74536
a     225     236      74536
a     225     214      74536
a     226     283        616
a     226     227      74536
a     226     225      74536
a     226     237      74536
a     226     215      74536
a     227     331        616
a     227     228      74536
a     227     226      74536
a     227     238      74536
a     227     216      74536
a     228     341        616
a     228     229      74536
a     228     227      74536
a     228     239      74536
a     228     217      74536
a     229     338        616
a     229     230      74536
a     229     228      74536
a     229     240      74536
a     229     218      74536
a     230     325        616
a     230     231      74536
a     230     229      74536
a     230     241      74536
a     230     219      74536
a     231     351        616
a     231     230      74536
a     231     242      74536
a     231     220      74536
a     232     269        616
a     232     233      74536
a     232     221      74536
a     233     355        616
a     233     234      74536
a     233     232      74536
a     233     222      74536
a     234     244        616
a     234     235      74536
a     234     233      74536
a     234     223      74536
a     235     363        616
a     235     236      74536
a     235     234      74536
a     235     224      74536
a     236     291        616
a     236     237      74536
a     236     235      74536
a     236     225      74536
a     237     266        616
a     237     238      74536
a     237     236      74536
a     237     226      74536
a     238     315        616
a     238     239      74536
a     238     237      74536
a     238     227      74536
a     239     281        616
a     239     240      74536
a     239     238      74536
a     239     228      74536
a     240     247        616
a     240     241      74536
a     240     239      74536
a     240     229      74536
a     241     347        616
a     241     242      74536
a     241     240      74536
a     241     230      74536
a     242     353        616
a     242     241      74536
a     242     231      74536
a     243     392        616
a     243     244      74536
a     243     254      74536
a     244     408        616
a     244     245      74536
a     244     243      74536
a     244     255      74536
a     245     398        616
a     245     246      74536
a     245     244      74536
a     245     256      74536
a     246     417        616
a     246     247      74536
a     246     245      74536
a     246     257      74536
a     247     419        616
a     247     248      74536
a     247     246      74536
a     247     258      74536
a     248     409        616
a     248     249      74536
a     248     247      74536
a     248     259      74536
a     249     483        616
a     249     250      74536
a     249     248      74536
a     249     260      74536
a     250     432        616
a     250     251      74536
a     250     249      74536
a     250     261      74536
a     251     458        616
a     251     252      74536
a     251     250      74536
a     251     262      74536
a     252     451        616
a     252     253      74536
a     252     251      74536
a     252     263      74536
a     253     395        616
a     253     252      74536
a     253     264      74536
a     254     386        616
a     254     255      74536
a     254     265      74536
a     254     243      74536
a     255     431        616
a     255     256      74536
a     255     254      74536
a     255     266      74536
a     255     244      74536
a     256     449        616
a     256     257      74536
a     256     255      74536
a     256     267      74536
a     256     245      74536
a     257     452        616
a     257     258      74536
a     257     256      74536
a     257     268      74536
a     257     246      74536
a     258     415        616
a     258     259      74536
a     258     257      74536
a     258     269      74536
a     258     247      74536
a     259     403        616
a     259     260      74536
a     259     258      74536
a     259     270      74536
a     259     248      74536
a     260     401        616
a     260     261      74536
a     260     259      74536
a     260     271      74536
a     260     249      74536
a     261     404        616
a     261     262      74536
a     261     260      74536
a     261     272      74536
a     261     250      74536
a     262     399        616
a     262     263      74536
a     262     261      74536
a     262     273      74536
a     262     251      74536
a     263     475        616
a     263     264      74536
a     263     262      74536
a     263     274      74536
a     263     252      74536
a     264     468        616
a     264     263      74536
a     264     275      74536
a     264     253      74536
a     265     444        616
a     265     266      74536
a     265     276      74536
a     265     254      74536
a     266     426        616
a     266     267      74536
a     266     265      74536
a     266     277      74536
a     266     255      74536
a     267     388        616
a     267     268      74536
a     267     266      74536
a     267     278      74536
a     267     256      74536
a     268     412        616
a     268     269      74536
a     268     267      74536
a     268     279      74536
a     268     257      74536
a     269     460        616
a     269     270      74536
a     269     268      74536
a     269     280      74536
a     269     258      74536
a     270     462        616
a     270     271      74536
a     270     269      74536
a     270     281      74536
a     270     259      74536
a     271     414        616
a     271     272      74536
a     271     270      74536
a     271     282      74536
a     271     260      74536
a     272     457        616
a     272     273      74536
a     272     271      74536
a     272     283      74536
a     272     261      74536
a     273     405        616
a     273     274      74536
a     273     272      74536
a     273     284      74536
a     273     262      74536
a     274     430        616
a     274     275      74536
a     274     273      74536
a     274     285      74536
a     274     263      74536
a     275     367        616
a     275     274      74536
a     275     286      74536
a     275     264      74536
a     276     375        616
a     276     277      74536
a     276     287      74536
a     276     265      74536
a     277     455        616
a     277     278      74536
a     277     276      74536
a     277     288      74536
a     277     266      74536
a     278     424        616
a     278     279      74536
a     278     277      74536
a     278     289      74536
a     278     267      74536
a     279     365        616
a     279     280      74536
a     279     278      74536
a     279     290      74536
a     279     268      74536
a     280     433        616
a     280     281      74536
a     280     279      74536
a     280     291      74536
a     280     269      74536
a     281     476        616
a     281     282      74536
a     281     280      74536
a     281     292      74536
a     281     270      74536
a     282     394        616
a     282     283      74536
a     282     281      74536
a     282     293      74536
a     282     271      74536
a     283     480        616
a     283     284      74536
a     283     282      74536
a     283     294      74536
a     283     272      74536
a     284     453        616
a     284     285      74536
a     284     283      74536
a     284     295      74536
a     284     273      74536
a     285     370        616
a     285     286      74536
a     285     284      74536
a     285     296      74536
a     285     274      74536
a     286     441        616
a     286     285      74536
a     286     297      74536
a     286     275      74536
a     287     428        616
a     287     288      74536
a     287     298      74536
a     287     276      74536
a     288     421        616
a     288     289      74536
a     288     287      74536
a     288     299      74536
a     288     277      74536
a     289     464        616
a     289     290      74536
a     289     288      74536
a     289     300      74536
a     289     278      74536
a     290     473        616
a     290     291      74536
a     290     289      74536
a     290     301      74536
a     290     279      74536
a     291     437        616
a     291     292      74536
a     291     290      74536
a     291     302      74536
a     291     280      74536
a     292     427        616
a     292     293      74536
a     292     291      74536
a     292     303      74536
a     292     281      74536
a     293     378        616
a     293     294      74536
a     293     292      74536
a     293     304      74536
a     293     282      74536
a     294     440        616
a     294     295      74536
a     294     293      74536
a     294     305      74536
a     294     283      74536
a     295     393        616
a     295     296      74536
a     295     294      74536
a     295     306      74536
a     295     284      74536
a     296     381        616
a     296     297      74536
a     296     295      74536
a     296     307      74536
a     296     285      74536
a     297     379        616
a     297     296      74536
a     297     308      74536
a     297     286      74536
a     298     443        616
a     298     299      74536
a     298     309      74536
a     298     287      74536
a     299     448        616
a     299     300      74536
a     299     298      74536
a     299     310      74536
a     299     288      74536
a     300     387        616
a     300     301      74536
a     300     299      74536
a     300     311      74536
a     300     289      74536
a     301     447        616
a     301     302      74536
a     301     300      74536
a     301     312      74536
a     301     290      74536
a     302     465        616
a     302     303      74536
a     302     301      74536
a     302     313      74536
a     302     291      74536
a     303     442        616
a     303     304      74536
a     303     302      74536
a     303     314      74536
a     303     292      74536
a     304     450        616
a     304     305      74536
a     304     303      74536
a     304     315      74536
a     304     293      74536
a     305     384        616
a     305     306      74536
a     305     304      74536
a     305     316      74536
a     305     294      74536
a     306     436        616
a     306     307      74536
a     306     305      74536
a     306     317      74536
a     306     295      74536
a     307     377        616
a     307     308      74536
a     307     306      74536
a     307     318      74536
a     307     296      74536
a     308     383        616
a     308     307      74536
a     308     319      74536
a     308     297      74536
a     309     372        616
a     309     310      74536
a     309     320      74536
a     309     298      74536
a     310     470        616
a     310     311      74536
a     310     309      74536
a     310     321      74536
a     310     299      74536
a     311     380        616
a     311     312      74536
a     311     310      74536
a     311     322      74536
a     311     300      74536
a     312     376        616
a     312     313      74536
a     312     311      74536
a     312     323      74536
a     312     301      74536
a     313     471        616
a     313     314      74536
a     313     312      74536
a     313     324      74536
a     313     302      74536
a     314     454        616
a     314     315      74536
a     314     313      74536
a     314     325      74536
a     314     303      74536
a     315     366        616
a     315     316      74536
a     315     314      74536
a     315     326      74536
a     315     304      74536
a     316     382        616
a     316     317      74536
a     316     315      74536
a     316     327      74536
a     316     305      74536
a     317     429        616
a     317     318      74536
a     317     316      74536
a     317     328      74536
a     317     306      74536
a     318     418        616
a     318     319      74536
a     318     317      74536
a     318     329      74536
a     318     307      74536
a     319     445        616
a     319     318      74536
a     319     330      74536
a     319     308      74536
a     320     369        616
a     320     321      74536
a     320     331      74536
a     320     309      74536
a     321     446        616
a     321     322      74536
a     321     320      74536
a     321     332      74536
a     321     310      74536
a     322     368        616
a     322     323      74536
a     322     321      74536
a     322     333      74536
a     322     311      74536
a     323     390        616
a     323     324      74536
a     323     322      74536
a     323     334      74536
a     323     312      74536
a     324     466        616
a     324     325      74536
a     324     323      74536
a     324     335      74536
a     324     313      74536
a     325     469        616
a     325     326      74536
a     325     324      74536
a     325     336      74536
a     325     314      74536
a     326     479        616
a     326     327      74536
a     326     325      74536
a     326     337      74536
a     326     315      74536
a     327     435        616
a     327     328      74536
a     327     326      74536
a     327     338      74536
a     327     316      74536
a     328     400        616
a     328     329      74536
a     328     327      74536
a     328     339      74536
a     328     317      74536
a     329     406        616
a     329     330      74536
a     329     328      74536
a     329     340      74536
a     329     318      74536
a     330     474        616
a     330     329      74536
a     330     341      74536
a     330     319      74536
a     331     416        616
a     331     332      74536
a     331     342      74536
a     331     320      74536
a     332     434        616
a     332     333      74536
a     332     331      74536
a     332     343      74536
a     332     321      74536
a     333     411        616
a     333     334      74536
a     333     332      74536
a     333     344      74536
a     333     322      74536
a     334     478        616
a     334     335      74536
a     334     333      74536
a     334     345      74536
a     334     323      74536
a     335     467        616
a     335     336      74536
a     335     334      74536
a     335     346      74536
a     335     324      74536
a     336     472        616
a     336     337      74536
a     336     335      74536
a     336     347      74536
a     336     325      74536
a     337     459        616
a     337     338      74536
a     337     336      74536
a     337     348      74536
a     337     326      74536
a     338     396        616
a     338     339      74536
a     338     337      74536
a     338     349      74536
a     338     327      74536
a     339     420        616
a     339     340      74536
a     339     338      74536
a     339     350      74536
a     339     328      74536
a     340     461        616
a     340     341      74536
a     340     339      74536
a     340     351      74536
a     340     329      74536
a     341     410        616
a     341     340      74536
a     341     352      74536
a     341     330      74536
a     342     391        616
a     342     343      74536
a     342     353      74536
a     342     331      74536
a     343     413        616
a     343     344      74536
a     343     342      74536
a     343     354      74536
a     343     332      74536
a     344     484        616
a     344     345      74536
a     344     343      74536
a     344     355      74536
a     344     333      74536
a     345     364        616
a     345     346      74536
a     345     344      74536
a     345     356      74536
a     345     334      74536
a     346     422        616
a     346     347      74536
a     346     345      74536
a     346     357      74536
a     346     335      74536
a     347     425        616
a     347     348      74536
a     347     346      74536
a     347     358      74536
a     347     336      74536
a     348     385        616
a     348     349      74536
a     348     347      74536
a     348     359      74536
a     348     337      74536
a     349     373        616
a     349     350      74536
a     349     348      74536
a     349     360      74536
a     349     338      74536
a     350     407        616
a     350     351      74536
a     350     349      74536
a     350     361      74536
a     350     339      74536
a     351     477        616
a     351     352      74536
a     351     350      74536
a     351     362      74536
a     351     340      74536
a     352     439        616
a     352     351      74536
a     352     363      74536
a     352     341      74536
a     353     463        616
a     353     354      74536
a     353     342      74536
a     354     456        616
a     354     355      74536
a     354     353      74536
a     354     343      74536
a     355     481        616
a     355     356      74536
a     355     354      74536
a     355     344      74536
a     356     402        616
a     356     357      74536
a     356     355      74536
a     356     345      74536
a     357     371        616
a     357     358      74536
a     357     356      74536
a     357     346      74536
a     358     389        616
a     358     359      74536
a     358     357      74536
a     358     347      74536
a     359     482        616
a     359     360      74536
a     359     358      74536
a     359     348      74536
a     360     438        616
a     360     361      74536
a     360     359      74536
a     360     349      74536
a     361     397        616
a     361     362      74536
a     361     360      74536
a     361     350      74536
a     362     374        616
a     362     363      74536
a     362     361      74536
a     362     351      74536
a     363     423        616
a     363     362      74536
a     363     352      74536
a     364     365      74536
a     364     375      74536
a     365     366      74536
a     365     364      74536
a     365     376      74536
a     366     367      74536
a     366     365      74536
a     366     377      74536
a     367     368      74536
a     367     366      74536
a     367     378      74536
a     368     369      74536
a     368     367      74536
a     368     379      74536
a     369     370      74536
a     369     368      74536
a     369     380      74536
a     370     371      74536
a     370     369      74536
a     370     381      74536
a     371     372      74536
a     371     370      74536
a     371     382      74536
a     372     373      74536
a     372     371      74536
a     372     383      74536
a     373     374      74536
a     373     372      74536
a     373     384      74536
a     374     373      74536
a     374     385      74536
a     375     376      74536
a     375     386      74536
a     375     364      74536
a     376     377      74536
a     376     375      74536
a     376     387      74536
a     376     365      74536
a     377     378      74536
a     377     376      74536
a     377     388      74536
a     377     366      74536
a     378     379      74536
a     378     377      74536
a     378     389      74536
a     378     367      74536
a     379     380      74536
a     379     378      74536
a     379     390      74536
a     379     368      74536
a     380     381      74536
a     380     379      74536
a     380     391      74536
a     380     369      74536
a     381     382      74536
a     381     380      74536
a     381     392      74536
a     381     370      74536
a     382     383      74536
a     382     381      74536
a     382     393      74536
a     382     371      74536
a     383     384      74536
a     383     382      74536
a     383     394      74536
a     383     372      74536
a     384     385      74536
a     384     383      74536
a     384     395      74536
a     384     373      74536
a     385     384      74536
a     385     396      74536
a     385     374      74536
a     386     387      74536
a     386     397      74536
a     386     375      74536
a     387     388      74536
a     387     386      74536
a     387     398      74536
a     387     376      74536
a     388     389      74536
a     388     387      74536
a     388     399      74536
a     388     377      74536
a     389     390      74536
a     389     388      74536
a     389     400      74536
a     389     378      74536
a     390     391      74536
a     390     389      74536
a     390     401      74536
a     390     379      74536
a     391     392      74536
a     391     390      74536
a     391     402      74536
a     391     380      74536
a     392     393      74536
a     392     391      74536
a     392     403      74536
a     392     381      74536
a     393     394      74536
a     393     392      74536
a     393     404      74536
a     393     382      74536
a     394     395      74536
a     394     393      74536
a     394     405      74536
a     394     383      74536
a     395     396      74536
a     395     394      74536
a     395     406      74536
a     395     384      74536
a     396     395      74536
a     396     407      74536
a     396     385      74536
a     397     398      74536
a     397     408      74536
a     397     386      74536
a     398     399      74536
a     398     397      74536
a     398     409      74536
a     398     387      74536
a     399     400      74536
a     399     398      74536
a     399     410      74536
a     399     388      74536
a     400     401      74536
a     400     399      74536
a     400     411      74536
a     400     389      74536
a     401     402      74536
a     401     400      74536
a     401     412      74536
a     401     390      74536
a     402     403      74536
a     402     401      74536
a     402     413      74536
a     402     391      74536
a     403     404      74536
a     403     402      74536
a     403     414      74536
a     403     392      74536
a     404     405      74536
a     404     403      74536
a     404     415      74536
a     404     393      74536
a     405     406      74536
a     405     404      74536
a     405     416      74536
a     405     394      74536
a     406     407      74536
a     406     405      74536
a     406     417      74536
a     406     395      74536
a     407     406      74536
a     407     418      74536
a     407     396      74536
a     408     409      74536
a     408     419      74536
a     408     397      74536
a     409     410      74536
a     409     408      74536
a     409     420      74536
a     409     398      74536
a     410     411      74536
a     410     409      74536
a     410     421      74536
a     410     399      74536
a     411     412      74536
a     411     410      74536
a     411     422      74536
a     411     400      74536
a     412     413      74536
a     412     411      74536
a     412     423      74536
a     412     401      74536
a     413     414      74536
a     413     412      74536
a     413     424      74536
a     413     402      74536
a     414     415      74536
a     414     413      74536
a     414     425      74536
a     414     403      74536
a     415     416      74536
a     415     414      74536
a     415     426      74536
a     415     404      74536
a     416     417      74536
a     416     415      74536
a     416     427      74536
a     416     405      74536
a     417     418      74536
a     417     416      74536
a     417     428      74536
a     417     406      74536
a     418     417      74536
a     418     429      74536
a     418     407      74536
a     419     420      74536
a     419     430      74536
a     419     408      74536
a     420     421      74536
a     420     419      74536
a     420     431      74536
a     420     409      74536
a     421     422      74536
a     421     420      74536
a     421     432      74536
a     421     410      74536
a     422     423      74536
a     422     421      74536
a     422     433      74536
a     422     411      74536
a     423     424      74536
a     423     422      74536
a     423     434      74536
a     423     412      74536
a     424     425      74536
a     424     423      74536
a     424     435      74536
a     424     413      74536
a     425     426      74536
a     425     424      74536
a     425     436      74536
a     425     414      74536
a     426     427      74536
a     426     425      74536
a     426     437      74536
a     426     415      74536
a     427     428      74536
a     427     426      74536
a     427     438      74536
a     427     416      74536
a     428     429      74536
a     428     427      74536
a     428     439      74536
a     428     417      74536
a     429     428      74536
a     429     440      74536
a     429     418      74536
a     430     431      74536
a     430     441      74536
a     430     419      74536
a     431     432      74536
a     431     430      74536
a     431     442      74536
a     431     420      74536
a     432     433      74536
a     432     431      74536
a     432     443      74536
a     432     421      74536
a     433     434      74536
a     433     432      74536
a     433     444      74536
a     433     422      74536
a     434     435      74536
a     434     433      74536
a     434     445      74536
a     434     423      74536
a     435     436      74536
a     435     434      74536
a     435     446      74536
a     435     424      74536
a     436     437      74536
a     436     435      74536
a     436     447      74536
a     436     425      74536
a     437     438      74536
a     437     436      74536
a     437     448      74536
a     437     426      74536
a     438     439      74536
a     438     437      74536
a     438     449      74536
a     438     427      74536
a     439     440      74536
a     439     438      74536
a     439     450      74536
a     439     428      74536
a     440     439      74536
a     440     451      74536
a     440     429      74536
a     441     442      74536
a     441     452      74536
a     441     430      74536
a     442     443      74536
a     442     441      74536
a     442     453      74536
a     442     431      74536
a     443     444      74536
a     443     442      74536
a     443     454      74536
a     443     432      74536
a     444     445      74536
a     444     443      74536
a     444     455      74536
a     444     433      74536
a     445     446      74536
a     445     444      74536
a     445     456      74536
a     445     434      74536
a     446     447      74536
a     446     445      74536
a     446     457      74536
a     446     435      74536
a     447     448      74536
a     447     446      74536
a     447     458      74536
a     447     436      74536
a     448     449      74536
a     448     447      74536
a     448     459      74536
a     448     437      74536
a     449     450      74536
a     449     448      74536
a     449     460      74536
a     449     438      74536
a     450     451      74536
a     450     449      74536
a     450     461      74536
a     450     439      74536
a     451     450      74536
a     451     462      74536
a     451     440      74536
a     452     453      74536
a     452     463      74536
a     452     441      74536
a     453     454      74536
a     453     452      74536
a     453     464      74536
a     453     442      74536
a     454     455      74536
a     454     453      74536
a     454     465      74536
a     454     443      74536
a     455     456      74536
a     455     454      74536
a     455     466      74536
a     455     444      74536
a     456     457      74536
a     456     455      74536
a     456     467      74536
a     456     445      74536
a     457     458      74536
a     457     456      74536
a     457     468      74536
a     457     446      74536
a     458     459      74536
a     458     457      74536
a     458     469      74536
a     458     447      74536
a     459     460      74536
a     459     458      74536
a     459     470      74536
a     459     448      74536
a     460     461      74536
a     460     459      74536
a     460     471      74536
a     460     449      74536
a     461     462      74536
a     461     460      74536
a     461     472      74536
a     461     450      74536
a     462     461      74536
a     462     473      74536
a     462     451      74536
a     463     464      74536
a     463     474      74536
a     463     452      74536
a     464     465      74536
a     464     463      74536
a     464     475      74536
a     464     453      74536
a     465     466      74536
a     465     464      74536
a     465     476      74536
a     465     454      74536
a     466     467      74536
a     466     465      74536
a     466     477      74536
a     466     455      74536
a     467     468      74536
a     467     466      74536
a     467     478      74536
a     467     456      74536
a     468     469      74536
a     468     467      74536
a     468     479      74536
a     468     457      74536
a     469     470      74536
a     469     468      74536
a     469     480      74536
a     469     458      74536
a     470     471      74536
a     470     469      74536
a     470     481      74536
a     470     459      74536
a     471     472      74536
a     471     470      74536
a     471     482      74536
a     471     460      74536
a     472     473      74536
a     472     471      74536
a     472     483      74536
a     472     461      74536
a     473     472      74536
a     473     484      74536
a     473     462      74536
a     474     475      74536
a     474     463      74536
a     475     476      74536
a     475     474      74536
a     475     464      74536
a     476     477      74536
a     476     475      74536
a     476     465      74536
a     477     478      74536
a     477     476      74536
a     477     466      74536
a     478     479      74536
a     478     477      74536
a     478     467      74536
a     479     480      74536
a     479     478      74536
a     479     468      74536
a     480     481      74536
a     480     479      74536
a     480     469      74536
a     481     482      74536
a     481     480      74536
a     481     470      74536
a     482     483      74536
a     482     481      74536
a     482     471      74536
a     483     484      74536
a     483     482      74536
a     483     472      74536
a     484     483      74536
a     484     473      74536
