c This file was generated by genrmf.
c The parameters are: a: 5 b: 21 c1: 96 c2: 769 seed: 1666103673
p max     525       2180
n       1 s
n     525 t
a       1      28        757
a       1       2      19225
a       1       6      19225
a       2      31        532
a       2       3      19225
a       2       1      19225
a       2       7      19225
a       3      27        378
a       3       4      19225
a       3       2      19225
a       3       8      19225
a       4      46        196
a       4       5      19225
a       4       3      19225
a       4       9      19225
a       5      29        590
a       5       4      19225
a       5      10      19225
a       6      43        214
a       6       7      19225
a       6      11      19225
a       6       1      19225
a       7      41        313
a       7       8      19225
a       7       6      19225
a       7      12      19225
a       7       2      19225
a       8      33        643
a       8       9      19225
a       8       7      19225
a       8      13      19225
a       8       3      19225
a       9      47        510
a       9      10      19225
a       9       8      19225
a       9      14      19225
a       9       4      19225
a      10      40        222
a      10       9      19225
a      10      15      19225
a      10       5      19225
a      11      34        236
a      11      12      19225
a      11      16      19225
a      11       6      19225
a      12      42        315
a      12      13      19225
a      12      11      19225
a      12      17      19225
a      12       7      19225
a      13      32        138
a      13      14      19225
a      13      12      19225
a      13      18      19225
a      13       8      19225
a      14      48        682
a      14      15      19225
a      14      13      19225
a      14      19      19225
a      14       9      19225
a      15      49        316
a      15      14      19225
a      15      20      19225
a      15      10      19225
a      16      38        458
a      16      17      19225
a      16      21      19225
a      16      11      19225
a      17      44        643
a      17      18      19225
a      17      16      19225
a      17      22      19225
a      17      12      19225
a      18      50        121
a      18      19      19225
a      18      17      19225
a      18      23      19225
a      18      13      19225
a      19      36        586
a      19      20      19225
a      19      18      19225
a      19      24      19225
a      19      14      19225
a      20      30        519
a      20      19      19225
a      20      25      19225
a      20      15      19225
a      21      45        160
a      21      22      19225
a      21      16      19225
a      22      35        591
a      22      23      19225
a      22      21      19225
a      22      17      19225
a      23      37        338
a      23      24      19225
a      23      22      19225
a      23      18      19225
a      24      39        732
a      24      25      19225
a      24      23      19225
a      24      19      19225
a      25      26        344
a      25      24      19225
a      25      20      19225
a      26      67        741
a      26      27      19225
a      26      31      19225
a      27      66        635
a      27      28      19225
a      27      26      19225
a      27      32      19225
a      28      56        480
a      28      29      19225
a      28      27      19225
a      28      33      19225
a      29      59        755
a      29      30      19225
a      29      28      19225
a      29      34      19225
a      30      57        123
a      30      29      19225
a      30      35      19225
a      31      51        755
a      31      32      19225
a      31      36      19225
a      31      26      19225
a      32      70        140
a      32      33      19225
a      32      31      19225
a      32      37      19225
a      32      27      19225
a      33      69        592
a      33      34      19225
a      33      32      19225
a      33      38      19225
a      33      28      19225
a      34      72        485
a      34      35      19225
a      34      33      19225
a      34      39      19225
a      34      29      19225
a      35      52        764
a      35      34      19225
a      35      40      19225
a      35      30      19225
a      36      55        147
a      36      37      19225
a      36      41      19225
a      36      31      19225
a      37      75        520
a      37      38      19225
a      37      36      19225
a      37      42      19225
a      37      32      19225
a      38      54        538
a      38      39      19225
a      38      37      19225
a      38      43      19225
a      38      33      19225
a      39      61        716
a      39      40      19225
a      39      38      19225
a      39      44      19225
a      39      34      19225
a      40      63        721
a      40      39      19225
a      40      45      19225
a      40      35      19225
a      41      73        632
a      41      42      19225
a      41      46      19225
a      41      36      19225
a      42      53        320
a      42      43      19225
a      42      41      19225
a      42      47      19225
a      42      37      19225
a      43      74        167
a      43      44      19225
a      43      42      19225
a      43      48      19225
a      43      38      19225
a      44      68        177
a      44      45      19225
a      44      43      19225
a      44      49      19225
a      44      39      19225
a      45      65        523
a      45      44      19225
a      45      50      19225
a      45      40      19225
a      46      60        325
a      46      47      19225
a      46      41      19225
a      47      64        266
a      47      48      19225
a      47      46      19225
a      47      42      19225
a      48      71        217
a      48      49      19225
a      48      47      19225
a      48      43      19225
a      49      58        285
a      49      50      19225
a      49      48      19225
a      49      44      19225
a      50      62        590
a      50      49      19225
a      50      45      19225
a      51      93        359
a      51      52      19225
a      51      56      19225
a      52      87        727
a      52      53      19225
a      52      51      19225
a      52      57      19225
a      53      98        378
a      53      54      19225
a      53      52      19225
a      53      58      19225
a      54      86        606
a      54      55      19225
a      54      53      19225
a      54      59      19225
a      55      89        535
a      55      54      19225
a      55      60      19225
a      56      80        164
a      56      57      19225
a      56      61      19225
a      56      51      19225
a      57      95        207
a      57      58      19225
a      57      56      19225
a      57      62      19225
a      57      52      19225
a      58     100        237
a      58      59      19225
a      58      57      19225
a      58      63      19225
a      58      53      19225
a      59      78        565
a      59      60      19225
a      59      58      19225
a      59      64      19225
a      59      54      19225
a      60      83        440
a      60      59      19225
a      60      65      19225
a      60      55      19225
a      61      92        695
a      61      62      19225
a      61      66      19225
a      61      56      19225
a      62      97        618
a      62      63      19225
a      62      61      19225
a      62      67      19225
a      62      57      19225
a      63      88        134
a      63      64      19225
a      63      62      19225
a      63      68      19225
a      63      58      19225
a      64      94        339
a      64      65      19225
a      64      63      19225
a      64      69      19225
a      64      59      19225
a      65      85        502
a      65      64      19225
a      65      70      19225
a      65      60      19225
a      66      91        280
a      66      67      19225
a      66      71      19225
a      66      61      19225
a      67      90        554
a      67      68      19225
a      67      66      19225
a      67      72      19225
a      67      62      19225
a      68      79        599
a      68      69      19225
a      68      67      19225
a      68      73      19225
a      68      63      19225
a      69      81        514
a      69      70      19225
a      69      68      19225
a      69      74      19225
a      69      64      19225
a      70      82        601
a      70      69      19225
a      70      75      19225
a      70      65      19225
a      71      76        281
a      71      72      19225
a      71      66      19225
a      72      99        611
a      72      73      19225
a      72      71      19225
a      72      67      19225
a      73      77        198
a      73      74      19225
a      73      72      19225
a      73      68      19225
a      74      84        467
a      74      75      19225
a      74      73      19225
a      74      69      19225
a      75      96        504
a      75      74      19225
a      75      70      19225
a      76     111        289
a      76      77      19225
a      76      81      19225
a      77     109        479
a      77      78      19225
a      77      76      19225
a      77      82      19225
a      78     122        702
a      78      79      19225
a      78      77      19225
a      78      83      19225
a      79     103        444
a      79      80      19225
a      79      78      19225
a      79      84      19225
a      80     121        517
a      80      79      19225
a      80      85      19225
a      81     117        306
a      81      82      19225
a      81      86      19225
a      81      76      19225
a      82     123        289
a      82      83      19225
a      82      81      19225
a      82      87      19225
a      82      77      19225
a      83     110        375
a      83      84      19225
a      83      82      19225
a      83      88      19225
a      83      78      19225
a      84     125        661
a      84      85      19225
a      84      83      19225
a      84      89      19225
a      84      79      19225
a      85     124        199
a      85      84      19225
a      85      90      19225
a      85      80      19225
a      86     120        294
a      86      87      19225
a      86      91      19225
a      86      81      19225
a      87     108        332
a      87      88      19225
a      87      86      19225
a      87      92      19225
a      87      82      19225
a      88     119        760
a      88      89      19225
a      88      87      19225
a      88      93      19225
a      88      83      19225
a      89     114        500
a      89      90      19225
a      89      88      19225
a      89      94      19225
a      89      84      19225
a      90     106        369
a      90      89      19225
a      90      95      19225
a      90      85      19225
a      91     115        521
a      91      92      19225
a      91      96      19225
a      91      86      19225
a      92     102        104
a      92      93      19225
a      92      91      19225
a      92      97      19225
a      92      87      19225
a      93     107        348
a      93      94      19225
a      93      92      19225
a      93      98      19225
a      93      88      19225
a      94     112        516
a      94      95      19225
a      94      93      19225
a      94      99      19225
a      94      89      19225
a      95     118        428
a      95      94      19225
a      95     100      19225
a      95      90      19225
a      96     104        582
a      96      97      19225
a      96      91      19225
a      97     101        236
a      97      98      19225
a      97      96      19225
a      97      92      19225
a      98     113        687
a      98      99      19225
a      98      97      19225
a      98      93      19225
a      99     116        117
a      99     100      19225
a      99      98      19225
a      99      94      19225
a     100     105        536
a     100      99      19225
a     100      95      19225
a     101     128        319
a     101     102      19225
a     101     106      19225
a     102     137        626
a     102     103      19225
a     102     101      19225
a     102     107      19225
a     103     147        253
a     103     104      19225
a     103     102      19225
a     103     108      19225
a     104     148        376
a     104     105      19225
a     104     103      19225
a     104     109      19225
a     105     135        239
a     105     104      19225
a     105     110      19225
a     106     143        227
a     106     107      19225
a     106     111      19225
a     106     101      19225
a     107     136        728
a     107     108      19225
a     107     106      19225
a     107     112      19225
a     107     102      19225
a     108     132        133
a     108     109      19225
a     108     107      19225
a     108     113      19225
a     108     103      19225
a     109     133        610
a     109     110      19225
a     109     108      19225
a     109     114      19225
a     109     104      19225
a     110     126        597
a     110     109      19225
a     110     115      19225
a     110     105      19225
a     111     144        429
a     111     112      19225
a     111     116      19225
a     111     106      19225
a     112     145        755
a     112     113      19225
a     112     111      19225
a     112     117      19225
a     112     107      19225
a     113     150        282
a     113     114      19225
a     113     112      19225
a     113     118      19225
a     113     108      19225
a     114     129        426
a     114     115      19225
a     114     113      19225
a     114     119      19225
a     114     109      19225
a     115     139        163
a     115     114      19225
a     115     120      19225
a     115     110      19225
a     116     146        516
a     116     117      19225
a     116     121      19225
a     116     111      19225
a     117     141        352
a     117     118      19225
a     117     116      19225
a     117     122      19225
a     117     112      19225
a     118     130        607
a     118     119      19225
a     118     117      19225
a     118     123      19225
a     118     113      19225
a     119     149        654
a     119     120      19225
a     119     118      19225
a     119     124      19225
a     119     114      19225
a     120     142        491
a     120     119      19225
a     120     125      19225
a     120     115      19225
a     121     131        379
a     121     122      19225
a     121     116      19225
a     122     140        595
a     122     123      19225
a     122     121      19225
a     122     117      19225
a     123     134        322
a     123     124      19225
a     123     122      19225
a     123     118      19225
a     124     138        174
a     124     125      19225
a     124     123      19225
a     124     119      19225
a     125     127        449
a     125     124      19225
a     125     120      19225
a     126     153        353
a     126     127      19225
a     126     131      19225
a     127     174        755
a     127     128      19225
a     127     126      19225
a     127     132      19225
a     128     170        359
a     128     129      19225
a     128     127      19225
a     128     133      19225
a     129     168        662
a     129     130      19225
a     129     128      19225
a     129     134      19225
a     130     172        252
a     130     129      19225
a     130     135      19225
a     131     156        466
a     131     132      19225
a     131     136      19225
a     131     126      19225
a     132     165        274
a     132     133      19225
a     132     131      19225
a     132     137      19225
a     132     127      19225
a     133     171        443
a     133     134      19225
a     133     132      19225
a     133     138      19225
a     133     128      19225
a     134     167        532
a     134     135      19225
a     134     133      19225
a     134     139      19225
a     134     129      19225
a     135     158        530
a     135     134      19225
a     135     140      19225
a     135     130      19225
a     136     159        641
a     136     137      19225
a     136     141      19225
a     136     131      19225
a     137     151        620
a     137     138      19225
a     137     136      19225
a     137     142      19225
a     137     132      19225
a     138     166        631
a     138     139      19225
a     138     137      19225
a     138     143      19225
a     138     133      19225
a     139     155        721
a     139     140      19225
a     139     138      19225
a     139     144      19225
a     139     134      19225
a     140     163        322
a     140     139      19225
a     140     145      19225
a     140     135      19225
a     141     162        357
a     141     142      19225
a     141     146      19225
a     141     136      19225
a     142     152        621
a     142     143      19225
a     142     141      19225
a     142     147      19225
a     142     137      19225
a     143     169        555
a     143     144      19225
a     143     142      19225
a     143     148      19225
a     143     138      19225
a     144     157        510
a     144     145      19225
a     144     143      19225
a     144     149      19225
a     144     139      19225
a     145     164        432
a     145     144      19225
a     145     150      19225
a     145     140      19225
a     146     161        287
a     146     147      19225
a     146     141      19225
a     147     173        552
a     147     148      19225
a     147     146      19225
a     147     142      19225
a     148     154        395
a     148     149      19225
a     148     147      19225
a     148     143      19225
a     149     160        462
a     149     150      19225
a     149     148      19225
a     149     144      19225
a     150     175        414
a     150     149      19225
a     150     145      19225
a     151     183        178
a     151     152      19225
a     151     156      19225
a     152     186        226
a     152     153      19225
a     152     151      19225
a     152     157      19225
a     153     179        183
a     153     154      19225
a     153     152      19225
a     153     158      19225
a     154     197        500
a     154     155      19225
a     154     153      19225
a     154     159      19225
a     155     191        458
a     155     154      19225
a     155     160      19225
a     156     185        597
a     156     157      19225
a     156     161      19225
a     156     151      19225
a     157     189        530
a     157     158      19225
a     157     156      19225
a     157     162      19225
a     157     152      19225
a     158     188        216
a     158     159      19225
a     158     157      19225
a     158     163      19225
a     158     153      19225
a     159     194        765
a     159     160      19225
a     159     158      19225
a     159     164      19225
a     159     154      19225
a     160     176        272
a     160     159      19225
a     160     165      19225
a     160     155      19225
a     161     177        296
a     161     162      19225
a     161     166      19225
a     161     156      19225
a     162     195        604
a     162     163      19225
a     162     161      19225
a     162     167      19225
a     162     157      19225
a     163     198        483
a     163     164      19225
a     163     162      19225
a     163     168      19225
a     163     158      19225
a     164     200        495
a     164     165      19225
a     164     163      19225
a     164     169      19225
a     164     159      19225
a     165     180        340
a     165     164      19225
a     165     170      19225
a     165     160      19225
a     166     184        142
a     166     167      19225
a     166     171      19225
a     166     161      19225
a     167     182        477
a     167     168      19225
a     167     166      19225
a     167     172      19225
a     167     162      19225
a     168     190        156
a     168     169      19225
a     168     167      19225
a     168     173      19225
a     168     163      19225
a     169     178        607
a     169     170      19225
a     169     168      19225
a     169     174      19225
a     169     164      19225
a     170     181        662
a     170     169      19225
a     170     175      19225
a     170     165      19225
a     171     187        634
a     171     172      19225
a     171     166      19225
a     172     199        384
a     172     173      19225
a     172     171      19225
a     172     167      19225
a     173     193        442
a     173     174      19225
a     173     172      19225
a     173     168      19225
a     174     196        246
a     174     175      19225
a     174     173      19225
a     174     169      19225
a     175     192        664
a     175     174      19225
a     175     170      19225
a     176     203        639
a     176     177      19225
a     176     181      19225
a     177     218        696
a     177     178      19225
a     177     176      19225
a     177     182      19225
a     178     223        554
a     178     179      19225
a     178     177      19225
a     178     183      19225
a     179     224        607
a     179     180      19225
a     179     178      19225
a     179     184      19225
a     180     210         98
a     180     179      19225
a     180     185      19225
a     181     205        434
a     181     182      19225
a     181     186      19225
a     181     176      19225
a     182     201        180
a     182     183      19225
a     182     181      19225
a     182     187      19225
a     182     177      19225
a     183     221        244
a     183     184      19225
a     183     182      19225
a     183     188      19225
a     183     178      19225
a     184     222        197
a     184     185      19225
a     184     183      19225
a     184     189      19225
a     184     179      19225
a     185     214        366
a     185     184      19225
a     185     190      19225
a     185     180      19225
a     186     216        350
a     186     187      19225
a     186     191      19225
a     186     181      19225
a     187     213        341
a     187     188      19225
a     187     186      19225
a     187     192      19225
a     187     182      19225
a     188     211        484
a     188     189      19225
a     188     187      19225
a     188     193      19225
a     188     183      19225
a     189     225        332
a     189     190      19225
a     189     188      19225
a     189     194      19225
a     189     184      19225
a     190     206        452
a     190     189      19225
a     190     195      19225
a     190     185      19225
a     191     202        334
a     191     192      19225
a     191     196      19225
a     191     186      19225
a     192     212        111
a     192     193      19225
a     192     191      19225
a     192     197      19225
a     192     187      19225
a     193     217        602
a     193     194      19225
a     193     192      19225
a     193     198      19225
a     193     188      19225
a     194     209        639
a     194     195      19225
a     194     193      19225
a     194     199      19225
a     194     189      19225
a     195     207        573
a     195     194      19225
a     195     200      19225
a     195     190      19225
a     196     220        252
a     196     197      19225
a     196     191      19225
a     197     204        168
a     197     198      19225
a     197     196      19225
a     197     192      19225
a     198     215        549
a     198     199      19225
a     198     197      19225
a     198     193      19225
a     199     208        369
a     199     200      19225
a     199     198      19225
a     199     194      19225
a     200     219        574
a     200     199      19225
a     200     195      19225
a     201     240        127
a     201     202      19225
a     201     206      19225
a     202     247        660
a     202     203      19225
a     202     201      19225
a     202     207      19225
a     203     242        595
a     203     204      19225
a     203     202      19225
a     203     208      19225
a     204     230        300
a     204     205      19225
a     204     203      19225
a     204     209      19225
a     205     229        278
a     205     204      19225
a     205     210      19225
a     206     231        516
a     206     207      19225
a     206     211      19225
a     206     201      19225
a     207     237        643
a     207     208      19225
a     207     206      19225
a     207     212      19225
a     207     202      19225
a     208     246        695
a     208     209      19225
a     208     207      19225
a     208     213      19225
a     208     203      19225
a     209     248        504
a     209     210      19225
a     209     208      19225
a     209     214      19225
a     209     204      19225
a     210     239        122
a     210     209      19225
a     210     215      19225
a     210     205      19225
a     211     241        417
a     211     212      19225
a     211     216      19225
a     211     206      19225
a     212     236        449
a     212     213      19225
a     212     211      19225
a     212     217      19225
a     212     207      19225
a     213     228        398
a     213     214      19225
a     213     212      19225
a     213     218      19225
a     213     208      19225
a     214     243        750
a     214     215      19225
a     214     213      19225
a     214     219      19225
a     214     209      19225
a     215     238        745
a     215     214      19225
a     215     220      19225
a     215     210      19225
a     216     233        628
a     216     217      19225
a     216     221      19225
a     216     211      19225
a     217     227        687
a     217     218      19225
a     217     216      19225
a     217     222      19225
a     217     212      19225
a     218     234        296
a     218     219      19225
a     218     217      19225
a     218     223      19225
a     218     213      19225
a     219     249        491
a     219     220      19225
a     219     218      19225
a     219     224      19225
a     219     214      19225
a     220     226        102
a     220     219      19225
a     220     225      19225
a     220     215      19225
a     221     250        705
a     221     222      19225
a     221     216      19225
a     222     244        664
a     222     223      19225
a     222     221      19225
a     222     217      19225
a     223     235        724
a     223     224      19225
a     223     222      19225
a     223     218      19225
a     224     232        505
a     224     225      19225
a     224     223      19225
a     224     219      19225
a     225     245        549
a     225     224      19225
a     225     220      19225
a     226     261        284
a     226     227      19225
a     226     231      19225
a     227     259        185
a     227     228      19225
a     227     226      19225
a     227     232      19225
a     228     266        334
a     228     229      19225
a     228     227      19225
a     228     233      19225
a     229     254        347
a     229     230      19225
a     229     228      19225
a     229     234      19225
a     230     252        340
a     230     229      19225
a     230     235      19225
a     231     269        394
a     231     232      19225
a     231     236      19225
a     231     226      19225
a     232     256        317
a     232     233      19225
a     232     231      19225
a     232     237      19225
a     232     227      19225
a     233     274        589
a     233     234      19225
a     233     232      19225
a     233     238      19225
a     233     228      19225
a     234     275        456
a     234     235      19225
a     234     233      19225
a     234     239      19225
a     234     229      19225
a     235     272        315
a     235     234      19225
a     235     240      19225
a     235     230      19225
a     236     262        366
a     236     237      19225
a     236     241      19225
a     236     231      19225
a     237     251        369
a     237     238      19225
a     237     236      19225
a     237     242      19225
a     237     232      19225
a     238     260        253
a     238     239      19225
a     238     237      19225
a     238     243      19225
a     238     233      19225
a     239     257        488
a     239     240      19225
a     239     238      19225
a     239     244      19225
a     239     234      19225
a     240     258        427
a     240     239      19225
a     240     245      19225
a     240     235      19225
a     241     255        361
a     241     242      19225
a     241     246      19225
a     241     236      19225
a     242     268        677
a     242     243      19225
a     242     241      19225
a     242     247      19225
a     242     237      19225
a     243     263        408
a     243     244      19225
a     243     242      19225
a     243     248      19225
a     243     238      19225
a     244     271        167
a     244     245      19225
a     244     243      19225
a     244     249      19225
a     244     239      19225
a     245     267        318
a     245     244      19225
a     245     250      19225
a     245     240      19225
a     246     253        283
a     246     247      19225
a     246     241      19225
a     247     264        267
a     247     248      19225
a     247     246      19225
a     247     242      19225
a     248     270        451
a     248     249      19225
a     248     247      19225
a     248     243      19225
a     249     273        601
a     249     250      19225
a     249     248      19225
a     249     244      19225
a     250     265        222
a     250     249      19225
a     250     245      19225
a     251     291        431
a     251     252      19225
a     251     256      19225
a     252     282        239
a     252     253      19225
a     252     251      19225
a     252     257      19225
a     253     292        381
a     253     254      19225
a     253     252      19225
a     253     258      19225
a     254     280        223
a     254     255      19225
a     254     253      19225
a     254     259      19225
a     255     286        702
a     255     254      19225
a     255     260      19225
a     256     288        460
a     256     257      19225
a     256     261      19225
a     256     251      19225
a     257     295        693
a     257     258      19225
a     257     256      19225
a     257     262      19225
a     257     252      19225
a     258     293        475
a     258     259      19225
a     258     257      19225
a     258     263      19225
a     258     253      19225
a     259     277        242
a     259     260      19225
a     259     258      19225
a     259     264      19225
a     259     254      19225
a     260     294        303
a     260     259      19225
a     260     265      19225
a     260     255      19225
a     261     281        498
a     261     262      19225
a     261     266      19225
a     261     256      19225
a     262     278        323
a     262     263      19225
a     262     261      19225
a     262     267      19225
a     262     257      19225
a     263     285        611
a     263     264      19225
a     263     262      19225
a     263     268      19225
a     263     258      19225
a     264     290        155
a     264     265      19225
a     264     263      19225
a     264     269      19225
a     264     259      19225
a     265     299        440
a     265     264      19225
a     265     270      19225
a     265     260      19225
a     266     296        606
a     266     267      19225
a     266     271      19225
a     266     261      19225
a     267     279        375
a     267     268      19225
a     267     266      19225
a     267     272      19225
a     267     262      19225
a     268     284        512
a     268     269      19225
a     268     267      19225
a     268     273      19225
a     268     263      19225
a     269     298        495
a     269     270      19225
a     269     268      19225
a     269     274      19225
a     269     264      19225
a     270     297        214
a     270     269      19225
a     270     275      19225
a     270     265      19225
a     271     283        161
a     271     272      19225
a     271     266      19225
a     272     287        217
a     272     273      19225
a     272     271      19225
a     272     267      19225
a     273     289        241
a     273     274      19225
a     273     272      19225
a     273     268      19225
a     274     300        116
a     274     275      19225
a     274     273      19225
a     274     269      19225
a     275     276        441
a     275     274      19225
a     275     270      19225
a     276     314        472
a     276     277      19225
a     276     281      19225
a     277     307        663
a     277     278      19225
a     277     276      19225
a     277     282      19225
a     278     304        328
a     278     279      19225
a     278     277      19225
a     278     283      19225
a     279     309        269
a     279     280      19225
a     279     278      19225
a     279     284      19225
a     280     305        402
a     280     279      19225
a     280     285      19225
a     281     302        163
a     281     282      19225
a     281     286      19225
a     281     276      19225
a     282     325        754
a     282     283      19225
a     282     281      19225
a     282     287      19225
a     282     277      19225
a     283     317        417
a     283     284      19225
a     283     282      19225
a     283     288      19225
a     283     278      19225
a     284     316        233
a     284     285      19225
a     284     283      19225
a     284     289      19225
a     284     279      19225
a     285     323        339
a     285     284      19225
a     285     290      19225
a     285     280      19225
a     286     303        269
a     286     287      19225
a     286     291      19225
a     286     281      19225
a     287     320        765
a     287     288      19225
a     287     286      19225
a     287     292      19225
a     287     282      19225
a     288     324        496
a     288     289      19225
a     288     287      19225
a     288     293      19225
a     288     283      19225
a     289     308        442
a     289     290      19225
a     289     288      19225
a     289     294      19225
a     289     284      19225
a     290     322        470
a     290     289      19225
a     290     295      19225
a     290     285      19225
a     291     321        323
a     291     292      19225
a     291     296      19225
a     291     286      19225
a     292     312        264
a     292     293      19225
a     292     291      19225
a     292     297      19225
a     292     287      19225
a     293     319        428
a     293     294      19225
a     293     292      19225
a     293     298      19225
a     293     288      19225
a     294     310        563
a     294     295      19225
a     294     293      19225
a     294     299      19225
a     294     289      19225
a     295     315        768
a     295     294      19225
a     295     300      19225
a     295     290      19225
a     296     306        519
a     296     297      19225
a     296     291      19225
a     297     311        307
a     297     298      19225
a     297     296      19225
a     297     292      19225
a     298     301        619
a     298     299      19225
a     298     297      19225
a     298     293      19225
a     299     313        135
a     299     300      19225
a     299     298      19225
a     299     294      19225
a     300     318        729
a     300     299      19225
a     300     295      19225
a     301     332        443
a     301     302      19225
a     301     306      19225
a     302     327        602
a     302     303      19225
a     302     301      19225
a     302     307      19225
a     303     344        274
a     303     304      19225
a     303     302      19225
a     303     308      19225
a     304     348        451
a     304     305      19225
a     304     303      19225
a     304     309      19225
a     305     341        729
a     305     304      19225
a     305     310      19225
a     306     347        423
a     306     307      19225
a     306     311      19225
a     306     301      19225
a     307     326        360
a     307     308      19225
a     307     306      19225
a     307     312      19225
a     307     302      19225
a     308     337        655
a     308     309      19225
a     308     307      19225
a     308     313      19225
a     308     303      19225
a     309     346        736
a     309     310      19225
a     309     308      19225
a     309     314      19225
a     309     304      19225
a     310     335        185
a     310     309      19225
a     310     315      19225
a     310     305      19225
a     311     342        458
a     311     312      19225
a     311     316      19225
a     311     306      19225
a     312     336        691
a     312     313      19225
a     312     311      19225
a     312     317      19225
a     312     307      19225
a     313     349        142
a     313     314      19225
a     313     312      19225
a     313     318      19225
a     313     308      19225
a     314     329        157
a     314     315      19225
a     314     313      19225
a     314     319      19225
a     314     309      19225
a     315     339        471
a     315     314      19225
a     315     320      19225
a     315     310      19225
a     316     340        585
a     316     317      19225
a     316     321      19225
a     316     311      19225
a     317     333        255
a     317     318      19225
a     317     316      19225
a     317     322      19225
a     317     312      19225
a     318     330        526
a     318     319      19225
a     318     317      19225
a     318     323      19225
a     318     313      19225
a     319     338        718
a     319     320      19225
a     319     318      19225
a     319     324      19225
a     319     314      19225
a     320     350        279
a     320     319      19225
a     320     325      19225
a     320     315      19225
a     321     334        372
a     321     322      19225
a     321     316      19225
a     322     345        394
a     322     323      19225
a     322     321      19225
a     322     317      19225
a     323     343        620
a     323     324      19225
a     323     322      19225
a     323     318      19225
a     324     328        653
a     324     325      19225
a     324     323      19225
a     324     319      19225
a     325     331        664
a     325     324      19225
a     325     320      19225
a     326     355        141
a     326     327      19225
a     326     331      19225
a     327     354        208
a     327     328      19225
a     327     326      19225
a     327     332      19225
a     328     356        668
a     328     329      19225
a     328     327      19225
a     328     333      19225
a     329     368        538
a     329     330      19225
a     329     328      19225
a     329     334      19225
a     330     373        546
a     330     329      19225
a     330     335      19225
a     331     372        551
a     331     332      19225
a     331     336      19225
a     331     326      19225
a     332     369        707
a     332     333      19225
a     332     331      19225
a     332     337      19225
a     332     327      19225
a     333     357        488
a     333     334      19225
a     333     332      19225
a     333     338      19225
a     333     328      19225
a     334     360        766
a     334     335      19225
a     334     333      19225
a     334     339      19225
a     334     329      19225
a     335     352        584
a     335     334      19225
a     335     340      19225
a     335     330      19225
a     336     366        695
a     336     337      19225
a     336     341      19225
a     336     331      19225
a     337     364        223
a     337     338      19225
a     337     336      19225
a     337     342      19225
a     337     332      19225
a     338     362        101
a     338     339      19225
a     338     337      19225
a     338     343      19225
a     338     333      19225
a     339     375        634
a     339     340      19225
a     339     338      19225
a     339     344      19225
a     339     334      19225
a     340     358        244
a     340     339      19225
a     340     345      19225
a     340     335      19225
a     341     353        507
a     341     342      19225
a     341     346      19225
a     341     336      19225
a     342     363        766
a     342     343      19225
a     342     341      19225
a     342     347      19225
a     342     337      19225
a     343     361        473
a     343     344      19225
a     343     342      19225
a     343     348      19225
a     343     338      19225
a     344     351        270
a     344     345      19225
a     344     343      19225
a     344     349      19225
a     344     339      19225
a     345     365        437
a     345     344      19225
a     345     350      19225
a     345     340      19225
a     346     371        531
a     346     347      19225
a     346     341      19225
a     347     374        335
a     347     348      19225
a     347     346      19225
a     347     342      19225
a     348     367        441
a     348     349      19225
a     348     347      19225
a     348     343      19225
a     349     359        241
a     349     350      19225
a     349     348      19225
a     349     344      19225
a     350     370        126
a     350     349      19225
a     350     345      19225
a     351     376        381
a     351     352      19225
a     351     356      19225
a     352     396        345
a     352     353      19225
a     352     351      19225
a     352     357      19225
a     353     399        550
a     353     354      19225
a     353     352      19225
a     353     358      19225
a     354     393        391
a     354     355      19225
a     354     353      19225
a     354     359      19225
a     355     391        315
a     355     354      19225
a     355     360      19225
a     356     400        755
a     356     357      19225
a     356     361      19225
a     356     351      19225
a     357     383        341
a     357     358      19225
a     357     356      19225
a     357     362      19225
a     357     352      19225
a     358     390        317
a     358     359      19225
a     358     357      19225
a     358     363      19225
a     358     353      19225
a     359     397        715
a     359     360      19225
a     359     358      19225
a     359     364      19225
a     359     354      19225
a     360     394        264
a     360     359      19225
a     360     365      19225
a     360     355      19225
a     361     379        436
a     361     362      19225
a     361     366      19225
a     361     356      19225
a     362     377        373
a     362     363      19225
a     362     361      19225
a     362     367      19225
a     362     357      19225
a     363     378        304
a     363     364      19225
a     363     362      19225
a     363     368      19225
a     363     358      19225
a     364     389        463
a     364     365      19225
a     364     363      19225
a     364     369      19225
a     364     359      19225
a     365     386        198
a     365     364      19225
a     365     370      19225
a     365     360      19225
a     366     388        739
a     366     367      19225
a     366     371      19225
a     366     361      19225
a     367     381        426
a     367     368      19225
a     367     366      19225
a     367     372      19225
a     367     362      19225
a     368     392        586
a     368     369      19225
a     368     367      19225
a     368     373      19225
a     368     363      19225
a     369     384        665
a     369     370      19225
a     369     368      19225
a     369     374      19225
a     369     364      19225
a     370     380        296
a     370     369      19225
a     370     375      19225
a     370     365      19225
a     371     382        207
a     371     372      19225
a     371     366      19225
a     372     398        368
a     372     373      19225
a     372     371      19225
a     372     367      19225
a     373     395        134
a     373     374      19225
a     373     372      19225
a     373     368      19225
a     374     387        102
a     374     375      19225
a     374     373      19225
a     374     369      19225
a     375     385        166
a     375     374      19225
a     375     370      19225
a     376     404        196
a     376     377      19225
a     376     381      19225
a     377     419        418
a     377     378      19225
a     377     376      19225
a     377     382      19225
a     378     421        334
a     378     379      19225
a     378     377      19225
a     378     383      19225
a     379     417        113
a     379     380      19225
a     379     378      19225
a     379     384      19225
a     380     402        443
a     380     379      19225
a     380     385      19225
a     381     406        124
a     381     382      19225
a     381     386      19225
a     381     376      19225
a     382     408        130
a     382     383      19225
a     382     381      19225
a     382     387      19225
a     382     377      19225
a     383     401        668
a     383     384      19225
a     383     382      19225
a     383     388      19225
a     383     378      19225
a     384     416        562
a     384     385      19225
a     384     383      19225
a     384     389      19225
a     384     379      19225
a     385     409        631
a     385     384      19225
a     385     390      19225
a     385     380      19225
a     386     413        374
a     386     387      19225
a     386     391      19225
a     386     381      19225
a     387     415        200
a     387     388      19225
a     387     386      19225
a     387     392      19225
a     387     382      19225
a     388     425        150
a     388     389      19225
a     388     387      19225
a     388     393      19225
a     388     383      19225
a     389     412        214
a     389     390      19225
a     389     388      19225
a     389     394      19225
a     389     384      19225
a     390     420        403
a     390     389      19225
a     390     395      19225
a     390     385      19225
a     391     422        578
a     391     392      19225
a     391     396      19225
a     391     386      19225
a     392     424        466
a     392     393      19225
a     392     391      19225
a     392     397      19225
a     392     387      19225
a     393     418        398
a     393     394      19225
a     393     392      19225
a     393     398      19225
a     393     388      19225
a     394     403        625
a     394     395      19225
a     394     393      19225
a     394     399      19225
a     394     389      19225
a     395     407        369
a     395     394      19225
a     395     400      19225
a     395     390      19225
a     396     411        376
a     396     397      19225
a     396     391      19225
a     397     414        104
a     397     398      19225
a     397     396      19225
a     397     392      19225
a     398     405        492
a     398     399      19225
a     398     397      19225
a     398     393      19225
a     399     423        641
a     399     400      19225
a     399     398      19225
a     399     394      19225
a     400     410        187
a     400     399      19225
a     400     395      19225
a     401     439        239
a     401     402      19225
a     401     406      19225
a     402     438        371
a     402     403      19225
a     402     401      19225
a     402     407      19225
a     403     448        444
a     403     404      19225
a     403     402      19225
a     403     408      19225
a     404     429        176
a     404     405      19225
a     404     403      19225
a     404     409      19225
a     405     444        682
a     405     404      19225
a     405     410      19225
a     406     433        585
a     406     407      19225
a     406     411      19225
a     406     401      19225
a     407     440        150
a     407     408      19225
a     407     406      19225
a     407     412      19225
a     407     402      19225
a     408     436        556
a     408     409      19225
a     408     407      19225
a     408     413      19225
a     408     403      19225
a     409     441        733
a     409     410      19225
a     409     408      19225
a     409     414      19225
a     409     404      19225
a     410     443        462
a     410     409      19225
a     410     415      19225
a     410     405      19225
a     411     435        741
a     411     412      19225
a     411     416      19225
a     411     406      19225
a     412     434        543
a     412     413      19225
a     412     411      19225
a     412     417      19225
a     412     407      19225
a     413     432        622
a     413     414      19225
a     413     412      19225
a     413     418      19225
a     413     408      19225
a     414     445        346
a     414     415      19225
a     414     413      19225
a     414     419      19225
a     414     409      19225
a     415     446        257
a     415     414      19225
a     415     420      19225
a     415     410      19225
a     416     442        432
a     416     417      19225
a     416     421      19225
a     416     411      19225
a     417     449        526
a     417     418      19225
a     417     416      19225
a     417     422      19225
a     417     412      19225
a     418     427         96
a     418     419      19225
a     418     417      19225
a     418     423      19225
a     418     413      19225
a     419     431        413
a     419     420      19225
a     419     418      19225
a     419     424      19225
a     419     414      19225
a     420     447        696
a     420     419      19225
a     420     425      19225
a     420     415      19225
a     421     428        729
a     421     422      19225
a     421     416      19225
a     422     426        163
a     422     423      19225
a     422     421      19225
a     422     417      19225
a     423     437        710
a     423     424      19225
a     423     422      19225
a     423     418      19225
a     424     450        647
a     424     425      19225
a     424     423      19225
a     424     419      19225
a     425     430        354
a     425     424      19225
a     425     420      19225
a     426     468        217
a     426     427      19225
a     426     431      19225
a     427     458        479
a     427     428      19225
a     427     426      19225
a     427     432      19225
a     428     471        721
a     428     429      19225
a     428     427      19225
a     428     433      19225
a     429     465        134
a     429     430      19225
a     429     428      19225
a     429     434      19225
a     430     466        156
a     430     429      19225
a     430     435      19225
a     431     467        602
a     431     432      19225
a     431     436      19225
a     431     426      19225
a     432     473        210
a     432     433      19225
a     432     431      19225
a     432     437      19225
a     432     427      19225
a     433     454        636
a     433     434      19225
a     433     432      19225
a     433     438      19225
a     433     428      19225
a     434     470        313
a     434     435      19225
a     434     433      19225
a     434     439      19225
a     434     429      19225
a     435     462        510
a     435     434      19225
a     435     440      19225
a     435     430      19225
a     436     463        722
a     436     437      19225
a     436     441      19225
a     436     431      19225
a     437     464        236
a     437     438      19225
a     437     436      19225
a     437     442      19225
a     437     432      19225
a     438     461        664
a     438     439      19225
a     438     437      19225
a     438     443      19225
a     438     433      19225
a     439     459        558
a     439     440      19225
a     439     438      19225
a     439     444      19225
a     439     434      19225
a     440     451         98
a     440     439      19225
a     440     445      19225
a     440     435      19225
a     441     460        652
a     441     442      19225
a     441     446      19225
a     441     436      19225
a     442     452        685
a     442     443      19225
a     442     441      19225
a     442     447      19225
a     442     437      19225
a     443     469        101
a     443     444      19225
a     443     442      19225
a     443     448      19225
a     443     438      19225
a     444     475        283
a     444     445      19225
a     444     443      19225
a     444     449      19225
a     444     439      19225
a     445     472        286
a     445     444      19225
a     445     450      19225
a     445     440      19225
a     446     474        621
a     446     447      19225
a     446     441      19225
a     447     457        693
a     447     448      19225
a     447     446      19225
a     447     442      19225
a     448     456        673
a     448     449      19225
a     448     447      19225
a     448     443      19225
a     449     455        179
a     449     450      19225
a     449     448      19225
a     449     444      19225
a     450     453        470
a     450     449      19225
a     450     445      19225
a     451     496        407
a     451     452      19225
a     451     456      19225
a     452     492        504
a     452     453      19225
a     452     451      19225
a     452     457      19225
a     453     493        472
a     453     454      19225
a     453     452      19225
a     453     458      19225
a     454     488        234
a     454     455      19225
a     454     453      19225
a     454     459      19225
a     455     481        701
a     455     454      19225
a     455     460      19225
a     456     479        373
a     456     457      19225
a     456     461      19225
a     456     451      19225
a     457     499        461
a     457     458      19225
a     457     456      19225
a     457     462      19225
a     457     452      19225
a     458     490        425
a     458     459      19225
a     458     457      19225
a     458     463      19225
a     458     453      19225
a     459     500        619
a     459     460      19225
a     459     458      19225
a     459     464      19225
a     459     454      19225
a     460     495        652
a     460     459      19225
a     460     465      19225
a     460     455      19225
a     461     486        222
a     461     462      19225
a     461     466      19225
a     461     456      19225
a     462     489        382
a     462     463      19225
a     462     461      19225
a     462     467      19225
a     462     457      19225
a     463     478        201
a     463     464      19225
a     463     462      19225
a     463     468      19225
a     463     458      19225
a     464     491        707
a     464     465      19225
a     464     463      19225
a     464     469      19225
a     464     459      19225
a     465     476        206
a     465     464      19225
a     465     470      19225
a     465     460      19225
a     466     484        279
a     466     467      19225
a     466     471      19225
a     466     461      19225
a     467     482        270
a     467     468      19225
a     467     466      19225
a     467     472      19225
a     467     462      19225
a     468     485        540
a     468     469      19225
a     468     467      19225
a     468     473      19225
a     468     463      19225
a     469     477        679
a     469     470      19225
a     469     468      19225
a     469     474      19225
a     469     464      19225
a     470     497        727
a     470     469      19225
a     470     475      19225
a     470     465      19225
a     471     498        368
a     471     472      19225
a     471     466      19225
a     472     483        162
a     472     473      19225
a     472     471      19225
a     472     467      19225
a     473     480        236
a     473     474      19225
a     473     472      19225
a     473     468      19225
a     474     494        461
a     474     475      19225
a     474     473      19225
a     474     469      19225
a     475     487        107
a     475     474      19225
a     475     470      19225
a     476     506        428
a     476     477      19225
a     476     481      19225
a     477     502        231
a     477     478      19225
a     477     476      19225
a     477     482      19225
a     478     516        661
a     478     479      19225
a     478     477      19225
a     478     483      19225
a     479     501        744
a     479     480      19225
a     479     478      19225
a     479     484      19225
a     480     521        261
a     480     479      19225
a     480     485      19225
a     481     520        480
a     481     482      19225
a     481     486      19225
a     481     476      19225
a     482     505        531
a     482     483      19225
a     482     481      19225
a     482     487      19225
a     482     477      19225
a     483     511        162
a     483     484      19225
a     483     482      19225
a     483     488      19225
a     483     478      19225
a     484     515        293
a     484     485      19225
a     484     483      19225
a     484     489      19225
a     484     479      19225
a     485     503        161
a     485     484      19225
a     485     490      19225
a     485     480      19225
a     486     509        102
a     486     487      19225
a     486     491      19225
a     486     481      19225
a     487     514        636
a     487     488      19225
a     487     486      19225
a     487     492      19225
a     487     482      19225
a     488     523        708
a     488     489      19225
a     488     487      19225
a     488     493      19225
a     488     483      19225
a     489     507        666
a     489     490      19225
a     489     488      19225
a     489     494      19225
a     489     484      19225
a     490     512        382
a     490     489      19225
a     490     495      19225
a     490     485      19225
a     491     525        521
a     491     492      19225
a     491     496      19225
a     491     486      19225
a     492     508        422
a     492     493      19225
a     492     491      19225
a     492     497      19225
a     492     487      19225
a     493     524        665
a     493     494      19225
a     493     492      19225
a     493     498      19225
a     493     488      19225
a     494     510        115
a     494     495      19225
a     494     493      19225
a     494     499      19225
a     494     489      19225
a     495     517        520
a     495     494      19225
a     495     500      19225
a     495     490      19225
a     496     504        640
a     496     497      19225
a     496     491      19225
a     497     518        746
a     497     498      19225
a     497     496      19225
a     497     492      19225
a     498     513        667
a     498     499      19225
a     498     497      19225
a     498     493      19225
a     499     519        531
a     499     500      19225
a     499     498      19225
a     499     494      19225
a     500     522        760
a     500     499      19225
a     500     495      19225
a     501     502      19225
a     501     506      19225
a     502     503      19225
a     502     501      19225
a     502     507      19225
a     503     504      19225
a     503     502      19225
a     503     508      19225
a     504     505      19225
a     504     503      19225
a     504     509      19225
a     505     504      19225
a     505     510      19225
a     506     507      19225
a     506     511      19225
a     506     501      19225
a     507     508      19225
a     507     506      19225
a     507     512      19225
a     507     502      19225
a     508     509      19225
a     508     507      19225
a     508     513      19225
a     508     503      19225
a     509     510      19225
a     509     508      19225
a     509     514      19225
a     509     504      19225
a     510     509      19225
a     510     515      19225
a     510     505      19225
a     511     512      19225
a     511     516      19225
a     511     506      19225
a     512     513      19225
a     512     511      19225
a     512     517      19225
a     512     507      19225
a     513     514      19225
a     513     512      19225
a     513     518      19225
a     513     508      19225
a     514     515      19225
a     514     513      19225
a     514     519      19225
a     514     509      19225
a     515     514      19225
a     515     520      19225
a     515     510      19225
a     516     517      19225
a     516     521      19225
a     516     511      19225
a     517     518      19225
a     517     516      19225
a     517     522      19225
a     517     512      19225
a     518     519      19225
a     518     517      19225
a     518     523      19225
a     518     513      19225
a     519     520      19225
a     519     518      19225
a     519     524      19225
a     519     514      19225
a     520     519      19225
a     520     525      19225
a     520     515      19225
a     521     522      19225
a     521     516      19225
a     522     523      19225
a     522     521      19225
a     522     517      19225
a     523     524      19225
a     523     522      19225
a     523     518      19225
a     524     525      19225
a     524     523      19225
a     524     519      19225
a     525     524      19225
a     525     520      19225
